2318060-	0		1	Tue Jun 05 00:33:26 +0800 2012			3453355634012078	3453355634012078				3453355634012078	0			1	<a href=" rel="nofollow">iPhone客户端</a>	好主意，你应该再@emmaxiao 一下[偷笑][偷笑] //@玄圭媛:@茉莉香片1982 @TinaWu2011 @sophyia 我们四个拍一套吧！			1618031204	00	3452055140243196	1397724386282
2318061-	0		0	Sat Jul 07 10:32:28 +0800 2012			3465102797313728	3465102797313728				3465102797313728	0			0	<a href=" rel="nofollow">iPhone客户端</a>	看人家这一家子，养眼的很啊[爱你][爱你][爱你]			1618031204	00	3465090864548844	1397724386283
2318062-	0		2	Fri Nov 16 08:46:42 +0800 2012			3512911378736515	3512911378736515				3512911378736515	0			0	<a href=" rel="nofollow">iPhone客户端</a>	台湾明信片果然给力！@司徒绿			1618031204	00	3512906438457597	1397724386283
2318063-	0		0	Tue Jun 26 22:10:56 +0800 2012			3461292305946172	3461292305946172				3461292305946172	0			0	<a href=" rel="nofollow">iPhone客户端</a>	明显是流来（三声） //@张晓蕊rry2:流奶//@自曾晖: [心]笑死了，2妹说“内牛”//@袁晓澜: 不要欺负我。。。。哼，下次去四川你们就知道四川话的利害了//@维他命肉丸子: 居然落下@袁晓澜 //@茉莉香片1982: 哈哈哈哈哈哈 //@维他命肉丸子:[cai开心]一开口，二妹附体@张晓蕊rry2 @茉莉香片1982 @自曾晖			1618031204	00	3461109094936279	1397724386283
2318064-	0		15	Thu Jul 18 17:56:57 +0800 2013			3601472492910291	3601472492910291				3601472492910291	0			0	<a href=" rel="nofollow">iPad客户端</a>	@自曾晖 我们会被波及吗？			1618031204	00	3601373985472708	1397724386284
2318065-	0		0	Thu Oct 11 14:10:39 +0800 2012			3499946944312519	3499946944312519				3499946944312519	0			0	<a href=" rel="nofollow">iPhone客户端</a>	//@阳光82520:无			1618031204	00	3499903538124553	1397724386284
2318066-	0		0	Mon Apr 01 14:08:36 +0800 2013			3562277145612084	3562277145612084				3562277145612084	0			1	<a href=" rel="nofollow">微博 weibo.com</a>	哈哈，场主怒了//@神仙农场: 我求你们了，不扯行么？太没谱了。//@张晓蕊rry2: 回复@茉莉香片1982:萝卜 //@茉莉香片1982:[衰][衰]不能就种一种菜啊。。。。。 //@张晓蕊rry2:别扯没用的了，把白菜种好不错了 //@茉莉香片1982:菠菜小白菜，还能种娃娃菜吗？豌豆尖？芥蓝？@张晓蕊rry2 @袁晓澜 补充			1618031204	00	3562238906169054	1397724386284
2318067-	0		0	Thu May 24 18:49:26 +0800 2012			3449282797815282	3449282797815282				3449282797815282	0			0	<a href=" rel="nofollow">iPhone客户端</a>	啊，我这次去西安都没吃包子，吃不过来了[泪][泪]			1618031204	00	3449180041399890	1397724386285
2318068-	0		1	Fri Aug 10 10:12:31 +0800 2012			3477418964617467	3477418964617467				3477418964617467	0			0	<a href=" rel="nofollow">iPhone客户端</a>	[偷笑][偷笑] //@维他命肉丸子:[哈哈]			1618031204	00	3477410097871927	1397724386285
2318069-	0		0	Thu Dec 06 15:10:42 +0800 2012			3520255777155945	3520255777155945				3520255777155945	0			0	<a href=" rel="nofollow">iPhone客户端</a>	2012年最有有爱的求婚。超感人的。@索南彭措2012  //@天蝎座李背包:@水瓶座杜小胖 快看。在蚂蜂窝的这份小情意，真的是绵绵不绝！谢谢@陈罡 @大雄爱游历 @龙小超人 @shenaogada @茉莉香片1982 @开坦克的小楠			1618031204	00	3520252157127542	1397724386285
2318070-	0		1	Fri Aug 10 10:04:32 +0800 2012			3477416959425094	3477416959425094				3477416959425094	0			0	<a href=" rel="nofollow">iPhone客户端</a>	神啊，做面膜也能做死[泪] //@写字李华良://@一朵飘零的蒲公英:转发微博			1618031204	00	3477409384613494	1397724386285
2318071-	0		3	Fri Sep 13 19:32:10 +0800 2013			3622152572457931	3622152572457931				3622152572457931	0			1	<a href=" rel="nofollow">iPhone客户端</a>	我等8路等半小时挤不上去，腿儿到崇文门的，帝都要闹哪样[泪][泪][泪][泪]			1618031204	00	3622151804730870	1397724386286
2318072-	0		0	Fri Mar 22 18:25:19 +0800 2013			3558717872052652	3558717872052652				3558717872052652	0			2	<a href=" rel="nofollow">微博 weibo.com</a>	漂亮[嘻嘻]这下拿得出手了[抱抱]//@汉逸郡: //@李小萌: 背景信息很重要。 //@宋英杰:气温实况：零下7°C。			1618031204	00	3558700918542763	1397724386286
2318073-	0		0	Tue Oct 30 23:37:17 +0800 2012			3506974920031954	3506974920031954				3506974920031954	0			1	<a href=" rel="nofollow">iPhone客户端</a>	冬天不能没有暖宝宝[泪][泪] 我这真不是广告//@风华正胖:还用暖宝宝呢？傻妞，有不充电的不用，傻不傻啊，你！//@茉莉香片1982: 太腻，吃不习惯啊亲[晕][晕] //@张晓蕊rry2:回复@茉莉香片1982:多吃红烧肉，增加热量。 //@茉莉香片1982:我一直钻被窝，暖宝宝充电八回了都[泪][泪]			1618031204	00	3506965936314479	1397724386286
2318074-	0		0	Wed Sep 11 15:18:47 +0800 2013			3621364022012715	3621364022012715				3621364022012715	0			0	<a href=" rel="nofollow">iPhone客户端</a>	[馋嘴][馋嘴][馋嘴][馋嘴] //@跟我做私房菜:水果入菜，试试			1618031204	00	3621271302637578	1397724386286
2318075-	0		1	Mon Feb 11 17:25:49 +0800 2013			3544569771448921	3544569771448921				3544569771448921	0		#	0	<a href=" rel="nofollow">蚂蜂窝旅行</a>	终于抵达阳朔。客栈小阳台景观不错，开门见山(#赞)(#赞)(#赞)【 @嗡嗡官方微博）			1618031204	00	0	1397724386287
2318076-	0		5	Thu Oct 31 17:04:07 +0800 2013		type:Pointcoordinates:#39.80598#116.44551	3639509923134761	3639509923134761				3639509923134761	0			1	<a href=" rel="nofollow">Android客户端</a>	果然是水逆期间啊，这周是要累死的节奏么。 ? ?@D-count 你家搬好了吗？ 我在这里:			1618031204	00	0	1397724386287
2318077-	0		5	Fri Mar 01 23:56:21 +0800 2013			3551191034466935	3551191034466935				3551191034466935	0			2	<a href=" rel="nofollow">iPad客户端</a>	我洗洗睡了，求火星人来解救[挖鼻屎][挖鼻屎][挖鼻屎] //@张晓蕊rry2:  @茉莉香片1982			1618031204	00	3551187255156904	1397724386287
2318078-	0		0	Mon Mar 25 21:38:26 +0800 2013			3559853626346374	3559853626346374				3559853626346374	0			1	<a href=" rel="nofollow">iPhone客户端</a>	哈哈，剪头发在十里堡，下次早点还能找你吃饭[嘻嘻] //@张晓蕊rry2:那么小时候的事儿，我都忘记了//@茉莉香片1982: 上大学在超市，我记得40元能买够一周吃的水果[浮云] //@张晓蕊rry2:楼下水果超市买了5根香蕉，2个火龙果，40元。			1618031204	00	3559851932045141	1397724386288
2318079-	0		1	Wed Jun 06 09:11:36 +0800 2012			3453848419237612	3453848419237612				3453848419237612	0			0	<a href=" rel="nofollow">iPhone客户端</a>	大爷这字儿，写的也忒好了吧[晕] //@新京报孙磊:无			1618031204	00	3453845680478819	1397724386288
2318080-	0		3	Wed May 30 11:06:44 +0800 2012			3451340682271552	3451340682271552				3451340682271552	0			1	<a href=" rel="nofollow">iPhone客户端</a>	比好莱坞惊悚片还惊悚[可怜][可怜] //@玄圭媛:大片大片！//@周星: 又来外星人了：那都是传说而已 //@songsong_ning:像电视剧呢！ //@时间罐头: @�澈的女�			1618031204	00	3451210705582700	1397724386289
2318081-	0		0	Sat Jan 26 00:10:11 +0800 2013			3538510936038983	3538510936038983				3538510936038983	0			0	<a href=" rel="nofollow">iPad客户端</a>	[衰][衰][衰] //@嘉沐: [生病][黑线] //@郑东阳:家驹晚上会敲导演的门的。			1618031204	00	3538506779438869	1397724386289
2318082-	0		4	Thu Oct 04 01:30:53 +0800 2012			3497219024127887	3497219024127887				3497219024127887	0		#	0	<a href=" rel="nofollow">蚂蜂窝旅行</a>	餐厅老板家可爱的女儿，今年7岁，灰常可爱。【			1618031204	00	0	1397724386289
2318083-	0		0	Wed Mar 06 08:59:40 +0800 2013			3552777307536458	3552777307536458				3552777307536458	0			0	<a href=" rel="nofollow">iPad客户端</a>	这个概念好，希尔顿和七天不如在中国开一个[偷笑][偷笑][偷笑]			1618031204	00	3552776816201366	1397724386289
2318084-	0		1	Wed Apr 03 09:04:02 +0800 2013			3562925266642008	3562925266642008				3562925266642008	0			0	<a href=" rel="nofollow">iPad客户端</a>	@索南彭措2012  //@周昶帆:  //@Candice兔子: 转发微博			1618031204	00	3562911903221460	1397724386290
2318085-	0		0	Tue Sep 03 21:07:47 +0800 2013			3618552756151474	3618552756151474				3618552756151474	0			1	<a href=" rel="nofollow">iPad客户端</a>	@索南彭措2012 你抓紧了，估计回家还能看下半场 //@ZhangYang��: @兔奶爸王冠			1618031204	00	3618551586218805	1397724386290
2318086-	0		1	Mon Feb 11 12:46:46 +0800 2013			3544499541950934	3544499541950934				3544499541950934	0		#	0	<a href=" rel="nofollow">蚂蜂窝旅行</a>	九马画山到了。云里雾里，看不到九马的真容(#偷笑)(#偷笑)【 @嗡嗡官方微博）			1618031204	00	0	1397724386290
2318087-	0		5	Wed Nov 07 11:25:48 +0800 2012			3509689922707639	3509689922707639				3509689922707639	0			0	<a href=" rel="nofollow">iPhone客户端</a>	 @索南彭措2012 里面好多设计我都好稀饭啊 [花心][花心]//@全球热门伤不起:好赞的小阳台设计集锦！！收了收了！[兔子]@时尚家居SHOW			1618031204	00	3509665344519945	1397724386291
2318088-	0		0	Tue May 21 01:05:34 +0800 2013			3580199474159348	3580199474159348				3580199474159348	0			0	<a href=" rel="nofollow">iPad客户端</a>	肝儿颤[吃惊]			1618031204	00	3580167216001231	1397724386291
2318089-	0		2	Mon Feb 11 19:07:26 +0800 2013			3544595340041461	3544595340041461				3544595340041461	0		#	0	<a href=" rel="nofollow">蚂蜂窝旅行</a>	桂花酒配田螺酿，啤酒鱼断后，西街晚餐走起(#鼓掌)(#鼓掌)【 @嗡嗡官方微博）			1618031204	00	0	1397724386291
2318090-	0		0	Mon Feb 11 15:37:46 +0800 2013			3544542575621957	3544542575621957				3544542575621957	0		#	0	<a href=" rel="nofollow">蚂蜂窝旅行</a>	走在山间的小路上，兴坪到阳朔，汽车票7元。【 @嗡嗡官方微博）			1618031204	00	0	1397724386291
2318091-	0		0	Wed Oct 31 10:15:43 +0800 2012			3507135574943920	3507135574943920				3507135574943920	0			0	<a href=" rel="nofollow">iPhone客户端</a>	[怒][怒]两年都买不到票。200的票都炒到600了。戏火也不能这样操控市场吧[鄙视][鄙视]			1618031204	00	3507134098142178	1397724386292
2318092-	0		0	Sat Sep 15 00:57:32 +0800 2012			3490325258024952	3490325258024952				3490325258024952	0		#	0	<a href=" rel="nofollow">蚂蜂窝旅行</a>	这灯光还能再暧昧点儿么，忒浪漫了。各位打麻将的，看好声音的，远在千里之外的，帝都里happy着的......晚安【			1618031204	00	0	1397724386292
2318093-	0		0	Tue Dec 04 08:38:16 +0800 2012			3519432238051677	3519432238051677				3519432238051677	0			0	<a href=" rel="nofollow">iPhone客户端</a>	//@胡渊HUYUAN:痴情的射手			1618031204	00	3519359559528072	1397724386292
2318094-	0		1	Thu Nov 29 13:03:18 +0800 2012			3517687001022712	3517687001022712				3517687001022712	0			1	<a href=" rel="nofollow">iPhone客户端</a>	 @张晓蕊rry2 这么恐怖？ //@王营1124:@魔法蚂蚁 好恐怖啊。			1618031204	00	3517430683208183	1397724386293
2318095-	0		0	Sat Jan 19 19:32:05 +0800 2013			3536266618391112	3536266618391112				3536266618391112	0		#	0	<a href=" rel="nofollow">蚂蜂窝旅行</a>	旅途中，我们说相声。马上开始，提前几个月就买了票，竟然是最后一排。(#晕)(#晕)【 @嗡嗡官方微博）			1618031204	00	0	1397724386293
2318096-	1		0	Wed Sep 11 17:53:00 +0800 2013			3621402831853363	3621402831853363				3621402831853363	0			0	<a href=" rel="nofollow">iPhone客户端</a>	mark@索南彭措2012			1618031204	00	3621389611386679	1397724386293
2318097-	0		0	Thu Nov 22 14:39:20 +0800 2012			3515174444796928	3515174444796928				3515174444796928	0			0	<a href=" rel="nofollow">微博 weibo.com</a>	关注[good]			1618031204	00	3515149262255434	1397724386293
2318098-	0		0	Thu Oct 11 14:54:28 +0800 2012			3499957966985399	3499957966985399				3499957966985399	0			0	<a href=" rel="nofollow">微博 weibo.com</a>	胡总带团吧[太开心]//@风华正胖: 2天团全体杀向印度!//@茉莉香片1982: 你赶紧去印度吧，太适合你了[偷笑]//@张晓蕊rry2: 真的假的 //@茉莉香片1982:@张晓蕊rry2 这个必须转给你[偷笑][偷笑]			1618031204	00	3499939525225769	1397724386294
2318099-	0		26	Sat May 19 15:38:09 +0800 2012			3447422724632144	3447422724632144				3447422724632144	0		#	0	<a href=" rel="nofollow">iPhone客户端</a>	身后就是著名的大雁塔。大慈恩寺很有名，但没感觉得特别之处。可能是御弟哥哥曾在这里住持过的缘故吧[偷笑]			1618031204	00	0	1397724386294
2318100-	0		4	Thu Nov 22 09:51:22 +0800 2012			3515101980275247	3515101980275247				3515101980275247	0			1	<a href=" rel="nofollow">iPhone客户端</a>	原来感恩节到了，期待大爬梯[爱你][爱你]			1618031204	00	3515099748625774	1397724386294
2318101-	0		1	Sat Sep 29 01:28:33 +0800 2012			3495406497043896	3495406497043896				3495406497043896	0			1	<a href=" rel="nofollow">iPhone客户端</a>	今晚那英是挺反常的啊，前两场也不这样[思考] //@蔡锐AK47:你本人的唱歌风格确实张扬，在木秀于林而风必摧之的中国，自身足够强大之前很容易被人排挤，这很正常。这次中国好声音，总的来说，你表现不错了，虽然也犯了一些错误，不过这些错误加在一起，都比不上你选择那英这个天大的错误			1618031204	00	3490507894172479	1397724386295
2318102-	0		0	Mon Feb 11 11:51:51 +0800 2013			3544485721856371	3544485721856371				3544485721856371	0		#	0	<a href=" rel="nofollow">蚂蜂窝旅行</a>	烟朦朦雨��，山重重水淙淙。出发啦(#赞)(#赞)(#赞)【 @嗡嗡官方微博）			1618031204	00	0	1397724386295
2318103-	0		0	Tue Jun 04 16:10:10 +0800 2013			3585500554126798	3585500554126798				3585500554126798	0			0	<a href=" rel="nofollow">微博 weibo.com</a>	mark//@经典英文语录: 22.5平米迷你LOFT，超带感！[酷]			1618031204	00	3584771265697745	1397724386295
2318104-	0		1	Mon Feb 11 21:00:05 +0800 2013			3544623689409492	3544623689409492				3544623689409492	0		#	0	<a href=" rel="nofollow">蚂蜂窝旅行</a>	阳朔大桥，对岸就是西街方向。拍漓江山水全景的好地方(#赞)(#赞)(#赞)【 @嗡嗡官方微博）			1618031204	00	0	1397724386295
2318105-	0		0	Mon Jun 10 15:01:03 +0800 2013			3587657491597691	3587657491597691				3587657491597691	0		#	0	<a href=" rel="nofollow">蚂蜂窝旅行</a>	成群的鱼儿，明暗两个世界。(#芳心)(#芳心)@嗡嗡官方微博 分享自安昌N30°，E120.5°>>>			1618031204	00	0	1397724386296
2318106-	0		1	Fri Sep 14 21:14:23 +0800 2012			3490269121232829	3490269121232829				3490269121232829	0		#	0	<a href=" rel="nofollow">蚂蜂窝旅行</a>	山西名吃栲栳栳。【			1618031204	00	0	1397724386296
2318107-	0		7	Mon Mar 04 23:15:34 +0800 2013			3552267922198462	3552267922198462				3552267922198462	0			2	<a href=" rel="nofollow">iPad客户端</a>	@李信玲 一个随时都能活不下去的国度[泪][泪]			1618031204	00	3552228645869374	1397724386296
2318108-	0		0	Tue Jul 10 00:29:04 +0800 2012			3466038127649370	3466038127649370				3466038127649370	0		#	0	<a href=" rel="nofollow">开心水族箱iOS版</a>	我拥有史上最萌、最梦幻的@开心水族箱 ，急需宝石【银龙鳞】呀~快来加我好友吧！我的ID是：1207241 .求帮助，求扩散！ 去看看:			1618031204	00	0	1397724386297
2318109-	0		0	Mon Sep 10 00:39:13 +0800 2012			3488508712648583	3488508712648583				3488508712648583	0			1	<a href=" rel="nofollow">iPhone客户端</a>	 @张晓蕊rry2 @靓靓happiness @化外狂封 激动不？还有半个月[鼓掌][鼓掌]			1618031204	00	3486986373905700	1397724386297
2318110-	0		0	Sat Jun 16 23:42:02 +0800 2012			3457691370790892	3457691370790892				3457691370790892	0		#	0	<a href=" rel="nofollow">开心水族箱iOS版</a>	我拥有史上最萌、最梦幻的@开心水族箱 ，急需宝石【精灵锤】呀~快来加我好友吧！我的ID是：1207241 .求帮助，求扩散！ 去看看:			1618031204	00	0	1397724386297
2318111-	0		0	Sat Sep 15 16:54:38 +0800 2012			3490566124208863	3490566124208863				3490566124208863	0		#	0	<a href=" rel="nofollow">蚂蜂窝旅行</a>	古城墙上的晚霞！大美无言。【			1618031204	00	0	1397724386297
2318112-	0		2	Sun Feb 10 10:24:20 +0800 2013			3544101309413828	3544101309413828				3544101309413828	0		#	1	<a href=" rel="nofollow">蚂蜂窝旅行</a>	探亲访友sweet暖冬之旅，走起！话说大年初一机场里是people mountain people sea啊(#偷笑)(#偷笑)(#偷笑)【 @嗡嗡官方微博）			1618031204	00	0	1397724386298
2318113-	0		2	Thu Jul 26 18:17:16 +0800 2012			3472105141738204	3472105141738204				3472105141738204	0			3	<a href=" rel="nofollow">微博 weibo.com</a>	文案亮了，蓝天亮了，“镶黄旗”更亮了[偷笑]//@寻找旅行家: 标题真亮！大晴天！@i-traveler @蚂蜂窝蜂会 @蚂蜂窝旅游攻略 @晓贝不需要加V //@clover张三: [嘻嘻][嘻嘻][偷笑]			1618031204	00	3472096607050371	1397724386298
2318114-	0		0	Fri Sep 28 11:49:47 +0800 2012			3495200448075747	3495200448075747				3495200448075747	0		#	0	<a href=" rel="nofollow">蚂蜂窝旅行</a>	旅行是生命的养料，我刚刚下载了蚂蜂窝【醉美胡杨（第一版）】#旅游攻略#。旅游出行，攻略在手，行程无忧！你准备去哪里旅行呢？[疑问]快来看看吧！[围观]  (@蚂蜂窝旅游攻略)			1618031204	00	0	1397724386298
2318115-	0		0	Tue Mar 04 16:07:47 +0800 2014		type:Pointcoordinates:#39.89611#116.41863	3684431841452750	3684431841452750				3684431841452750	0		#	0	<a href=" rel="nofollow">三星GALAXY S4</a>	#3.8手机淘宝生活节#3.8元立享3小时KTV包厢欢唱！我正在参与，小伙伴们快来！  我在这里:			1618031204	00	0	1397724386299
2318116-	0		0	Fri Feb 22 13:56:38 +0800 2013			3548503387143167	3548503387143167				3548503387143167	0			1	<a href=" rel="nofollow">微博 weibo.com</a>	2姐，你的节日啊，恭喜你，祝你节日快乐[心]@张晓蕊rry2			1618031204	00	3548481559464890	1397724386299
2318117-	0		0	Thu Nov 14 15:22:03 +0800 2013			3644557662954916	3644557662954916				3644557662954916	0			1	<a href=" rel="nofollow">Android客户端</a>	真恶心为啥不敢开评论啊。看着照着范冰冰整的锥子脸就想吐了。 ? ?			1618031204	00	3644553183276699	1397724386300
2318118-	0		6	Thu Jun 21 23:22:38 +0800 2012		type:Pointcoordinates:#39.128586#117.35968	3459498415353257	3459498415353257				3459498415353257	0			22	<a href=" rel="nofollow">iPhone客户端</a>	 @中国南方航空 飞机因为下雨延误了，你们可以强调是天气原因我们不怪你。那么既然飞不了这个时间是否应该让旅客去休息。说什么四个小时之内不提供宾馆，就等着。天气原因可以不怪你们，服务原因也不怪你们。半夜了不让睡觉在机场干坐着，你好意思说不是你们的原因？ 			1618031204	00	0	1397724386300
2318119-	1		0	Fri Jul 12 10:00:06 +0800 2013			3599178162773956	3599178162773956				3599178162773956	0			0	<a href=" rel="nofollow">iPhone客户端</a>	Mark啦[太开心][太开心] //@经典英文语录:上百部BBC经典纪录片！[威武]			1618031204	00	3599155618596450	1397724386300
2318120-	0		0	Wed Nov 21 14:19:03 +0800 2012			3514806960948090	3514806960948090				3514806960948090	0			1	<a href=" rel="nofollow">微博 weibo.com</a>	我想要我想要啊，没喝过这“彩虹”养乐多呀！			1618031204	00	3514778783439128	1397724386300
2318121-	1		0	Wed Nov 27 09:02:44 +0800 2013			3649173255852268	3649173255852268				3649173255852268	0			2	<a href=" rel="nofollow">iPhone客户端</a>	发福利啦。[花心][花心][花心]			1618031204	00	3648902374421187	1397724386301
2318122-	0		0	Fri Apr 19 19:27:27 +0800 2013		type:Pointcoordinates:#39.889324#116.365685	3568880364818144	3568880364818144				3568880364818144	0			0	<a href=" rel="nofollow">iPhone客户端</a>	诅咒所有地铁到不了的地方。我很抓狂[抓狂][抓狂][抓狂][抓狂] 我在:			1618031204	00	0	1397724386301
2318123-	0		0	Sun Sep 09 00:57:40 +0800 2012			3488150967554695	3488150967554695				3488150967554695	0			0	<a href=" rel="nofollow">iPhone客户端</a>	更是灵魂之旅[哈哈][哈哈] //@太多人叫张宁:眼睛的天堂，身体的地狱呀 //@茉莉香片1982:明年我一定要去，你愿意与我同行再次上路吗？@彭跑 明年新疆西藏一定选一个吧，受不鸟了[泪][呵呵] //@张晓蕊rry2:哥们你太行了 //@茉莉香片1982:哥们儿你太行了，都可可西里了！加油[鼓掌][鼓掌]			1618031204	00	3487276892215480	1397724386301
2318124-	0		2	Wed Jul 31 23:51:06 +0800 2013			3606272669007962	3606272669007962				3606272669007962	0			0	<a href=" rel="nofollow">iPhone客户端</a>	在雍和宫门口弄个专卖店[偷笑][偷笑] //@周昶帆:应该开始卖海报/玩偶（3D打印版）/移动即时通讯软件的表情贴纸来供华夏大地求雨人士使用。//@茉莉香片1982: 看来他已经对雨神的称谓颇为认同了[偷笑][偷笑]			1618031204	00	3605934314518554	1397724386301
2318125-	0		0	Sun May 27 00:40:26 +0800 2012			3450095904986284	3450095904986284				3450095904986284	0			1	<a href=" rel="nofollow">微博 weibo.com</a>	胡总，我要求入股[抱抱]//@风华正胖: 买一辆周游世界去，去TM的工作，去TM的理想，去TM的人生，去TM的压力。@茉莉香片1982 @张晓蕊rry2 @维他命肉丸子 @哲之清茶			1618031204	00	3450044067396186	1397724386302
2318126-	0		7	Sun May 05 16:41:08 +0800 2013			3574636715347805	3574636715347805				3574636715347805	0		#	0	<a href=" rel="nofollow">蚂蜂窝旅行</a>	#旅行随手拍#家里来了新成员(#鼓掌)(#鼓掌)最喜欢这样的绿意盎然(#魅力四射)(#魅力四射)@嗡嗡官方微博 分享自北京欢乐谷N39.9°，E116.5°>>>			1618031204	00	0	1397724386302
2318127-	1		0	Fri Mar 07 14:47:39 +0800 2014			3685498842966205	3685498842966205				3685498842966205	0			0	<a href=" rel="nofollow">三星GALAXY S4</a>	好看//@跟我做私房菜:春季着装，就爱这个范~[心]@潮混搭			1618031204	00	3685069883792458	1397724386302
2318128-	0		0	Thu Aug 09 09:43:58 +0800 2012			3477049391929286	3477049391929286				3477049391929286	0			0	<a href=" rel="nofollow">iPhone客户端</a>	帮转，靠谱的同学毛遂自荐啦 //@笺言小姐:@王家猫 @开尔静 @茉莉香片1982 麻烦亲们给推荐啊～～～//@笺言小姐: @张有明 张总友情给我帮个忙呗，现在招北京的北京的，工作地点三元桥，职位描述一样～～～//@张小米饭: 同样的要求，北京也招人！有兴趣的私信我！			1618031204	00	3463734838062623	1397724386303
2318129-	0		1	Tue Mar 05 00:15:53 +0800 2013			3552283105550479	3552283105550479				3552283105550479	0			0	<a href=" rel="nofollow">iPad客户端</a>	@张晓蕊rry2 			1618031204	00	3552143770292466	1397724386303
2318130-	0		0	Sat Jun 16 23:58:19 +0800 2012			3457695451219030	3457695451219030				3457695451219030	0			0	<a href=" rel="nofollow">iPhone客户端</a>	你又把2团发展成风尘团了 //@张晓蕊rry2:我们引领了新的风格。。。风尘。。。//@风华正胖:你早够了。//@茉莉香片1982:我修炼还不够，再接再厉[偷笑] //@风华正胖:我不介意你加入这支风尘的队伍。 //@茉莉香片1982:你俩公开打情骂俏[奥特曼][奥特曼] //@风华正胖:等你们呗，我的快乐希望与你们分享。			1618031204	00	3457507433862616	1397724386303
2318131-	0		0	Mon Apr 01 17:49:48 +0800 2013			3562332799740527	3562332799740527				3562332799740527	0			0	<a href=" rel="nofollow">微博 weibo.com</a>	这个微博有点意思。//@孟庆德: 蔡猜好！ //@诗画蔡猜:转发微博			1618031204	00	3562301426268076	1397724386304
2318132-	0		8	Wed May 30 14:16:34 +0800 2012			3451388451065496	3451388451065496				3451388451065496	0			0	<a href=" rel="nofollow">微博 weibo.com</a>	迟还信用卡是件可怕的事儿，因为迟还了三天信用卡，我凭空出来了135元的消费，收了我27元滞纳金之后，还收我108元的消费利息！！尼玛啊伤不起啊伤不起[泪]			1618031204	00	0	1397724386304
2318133-	0		5	Sun Jun 10 18:44:53 +0800 2012			3455442246080246	3455442246080246				3455442246080246	0			0	<a href=" rel="nofollow">iPhone客户端</a>	[鼓掌][鼓掌][鼓掌] //@袁晓澜:下周暖窝去[爱你] //@茉莉香片1982:要斗地主么这是[酷][酷] //@风华正胖:下周末，疯狂48小时。 //@维他命肉丸子:时刻准备着！移驾潘家园[哈哈] //@茉莉香片1982: 我搬家啦，欢迎大家来暖房[鼓掌][鼓掌][鼓掌] //@风华正胖:很适合睡觉。 //@张晓蕊rry2:很适合骑自行车			1618031204	00	3455355524654287	1397724386304
2318134-	0		0	Wed Mar 06 08:09:47 +0800 2013			3552764757668267	3552764757668267				3552764757668267	0			0	<a href=" rel="nofollow">iPad客户端</a>	转发微博			1618031204	00	3552754586835557	1397724386304
2318135-	0		0	Sat Jun 16 18:07:33 +0800 2012			3457607182241678	3457607182241678				3457607182241678	0			0	<a href=" rel="nofollow">iPhone客户端</a>	[汗][汗]所以美丽的背后都。。。唉，不说了[泪][泪] //@维他命肉丸子:[嘻嘻]美丽的代价@茉莉香片1982			1618031204	00	3457605513096447	1397724386305
2318136-	0		0	Wed Mar 05 15:54:29 +0800 2014			3684790882143565	3684790882143565				3684790882143565	0			0	<a href=" rel="nofollow">微博 weibo.com</a>	转发微博			1618031204	00	3684784737914005	1397724386305
2318137-	0		0	Sat Sep 22 02:00:24 +0800 2012			3492877797448658	3492877797448658				3492877797448658	0			0	<a href=" rel="nofollow">iPhone客户端</a>	备着 //@小团子爹:[哈哈] //@冷笑话精选: 这个必须收藏~！！笑死我了~~ [偷笑]			1618031204	00	3492696528409111	1397724386305
2318138-	0		0	Thu Oct 11 14:12:42 +0800 2012			3499947456506352	3499947456506352				3499947456506352	0			0	<a href=" rel="nofollow">iPhone客户端</a>	内涵帖[偷笑] //@潘宇凌://@寂寞小志: [闭嘴]			1618031204	00	3499734842633926	1397724386306
2318139-	0		2	Thu Jun 27 03:18:10 +0800 2013			3593641195160387	3593641195160387				3593641195160387	0			0	<a href=" rel="nofollow">iPhone客户端</a>	 @rebecca鱼 你一定要看看然后和我交流。			1618031204	00	3593141603068480	1397724386306
2318140-	0		12	Sat Jan 05 15:15:08 +0800 2013			3531128537069253	3531128537069253				3531128537069253	0			4	<a href=" rel="nofollow">微博 weibo.com</a>	围观这种事情，要人多才有意思[偷笑][偷笑] @索南彭措2012 //@疯果子: 我是来围观的，哈哈哈！			1618031204	00	3531118403618512	1397724386306
2318141-	0		0	Fri May 10 10:05:20 +0800 2013			3576349048597029	3576349048597029				3576349048597029	0			0	<a href=" rel="nofollow">iPhone客户端</a>	摇了一年半不中的含泪飘过[泪][泪]@索南彭措2012			1618031204	00	3576339715708963	1397724386307
2318142-	0		3	Fri Jul 27 12:13:32 +0800 2012		type:Pointcoordinates:#40.358276#115.91524	3472375989581413	3472375989581413				3472375989581413	0		#	0	<a href=" rel="nofollow">iPhone客户端</a>	一路向北，张北我们来啦[浮云][浮云]@rebecca鱼 我在:			1618031204	00	0	1397724386307
2318143-	0		0	Wed Oct 03 20:06:02 +0800 2012			3497137277304795	3497137277304795				3497137277304795	0			0	<a href=" rel="nofollow">iPhone客户端</a>	那女一号是谁，我先灭了她[怒][怒] //@张晓蕊rry2:你只能当2号//@茉莉香片1982:我要当女一号[偷笑][偷笑]			1618031204	00	3496994444199866	1397724386307
2318144-	0		2	Tue Aug 07 12:01:12 +0800 2012			3476359152392608	3476359152392608				3476359152392608	0		#	1	<a href=" rel="nofollow">蚂蜂窝旅行</a>	旅行是生命的养料，我刚刚下载了蚂蜂窝【青海湖（第六版）】#旅游攻略#。旅游出行，攻略在手，行程无忧！你准备去哪里旅行呢？[疑问]快来看看吧！[围观]  (@蚂蜂窝旅游攻略)			1618031204	00	0	1397724386308
2318145-	0		0	Thu Sep 27 23:40:10 +0800 2012			3495016833894250	3495016833894250				3495016833894250	0			0	<a href=" rel="nofollow">微博 weibo.com</a>	[泪][泪][泪]//@澹泊敬诚2012: 确实如此！！			1618031204	00	3494926212015825	1397724386308
2318146-	0		0	Fri Sep 28 23:49:36 +0800 2012			3495381595713342	3495381595713342				3495381595713342	0			0	<a href=" rel="nofollow">iPhone客户端</a>	看到最后，还是喜欢张玮[心][心] //@张玮是谁:无			1618031204	00	3490507894172479	1397724386308
2318147-	0		0	Tue Sep 04 09:44:05 +0800 2012			3486471505333285	3486471505333285				3486471505333285	0			0	<a href=" rel="nofollow">iPhone客户端</a>	//@刘启斌://@正略钧策赵民:转发微博			1618031204	00	3486455660267596	1397724386309
2318148-	0		0	Tue Feb 05 10:41:12 +0800 2013			3542293614727616	3542293614727616				3542293614727616	0		#	0	<a href=" rel="nofollow">微博会员</a>	头戴闪亮皇冠，身披精美模板，吼吼~我已经是微博准会员啦[得瑟]！8大金牌特权抢鲜体验，速来围观吧！			1618031204	00	0	1397724386309
2318149-	0		0	Tue Oct 30 00:36:58 +0800 2012			3506627552036098	3506627552036098				3506627552036098	0			0	<a href=" rel="nofollow">iPhone客户端</a>	[兔子] //@李志明:good reason			1618031204	00	3506383465225731	1397724386310
2318150-	0		2	Wed Jan 23 12:01:34 +0800 2013			3537602793929423	3537602793929423				3537602793929423	0			1	<a href=" rel="nofollow">iPhone客户端</a>	年关真是一点儿也不差，都不想回家了[晕][晕]@rebecca鱼			1618031204	00	3537599950196700	1397724386310
2318151-	0		1	Sat Aug 11 20:41:30 +0800 2012			3477939658166210	3477939658166210				3477939658166210	0		#	0	<a href=" rel="nofollow">蚂蜂窝旅行</a>	太激动了，尤文刚才球进得帅！【			1618031204	00	0	1397724386310
2318152-	0		8	Wed Dec 12 12:09:49 +0800 2012			3522384583450078	3522384583450078				3522384583450078	0			0	<a href=" rel="nofollow">iPhone客户端</a>	哈哈，其实2姐背后是印度洋。但是她太2了，印度洋躲了[偷笑][偷笑]@自曾晖 @萌巴豆 @风华正胖			1618031204	00	3522168044629395	1397724386311
2318153-	0		4	Thu Nov 22 22:47:51 +0800 2012			3515297401243175	3515297401243175				3515297401243175	0			0	<a href=" rel="nofollow">iPhone客户端</a>	那我也不知道下会怎么演[酷][酷] //@张晓蕊rry2:下能不能不像上集那么血腥//@茉莉香片1982:下什么时候上映啊？最讨厌看东西看一半了[抓狂][抓狂]@索南彭措2012 @张晓蕊rry2			1618031204	00	3515285435190542	1397724386311
2318154-	0		0	Tue Oct 16 01:19:32 +0800 2012			3501564821680553	3501564821680553				3501564821680553	0			0	<a href=" rel="nofollow">iPhone客户端</a>	大晚上的招人哭啊[泪][泪] //@全球热门伤不起:如果你能压抑浮躁，可以一起看看这平淡的故事。			1618031204	00	3501351340396383	1397724386311
2318155-	0		0	Wed Jul 25 00:55:51 +0800 2012			3471480669032037	3471480669032037				3471480669032037	0			0	<a href=" rel="nofollow">iPhone客户端</a>	无耻的联通！顶@风华正胖			1618031204	00	3471429754217314	1397724386311
2318156-	2		0	Fri Aug 30 19:14:26 +0800 2013			3617074674640894	3617074674640894				3617074674640894	0			1	<a href=" rel="nofollow">微博 weibo.com</a>	咨询了一圈貌似只有帝都这样，是帝都孩纸们的钱好骗还是什么原因。今天真是涨姿势！！！[good][good]@自曾晖 你可以了解下昆明貌似也不像北京这么黑吧。//@索南彭措2012: 没错，他们就是这么一个行业，打着改水电以实际发生为准的旗帜。乱收费！！！比预算高出50%都算你占便宜了！			1618031204	00	3617072078360379	1397724386312
2318157-	0		1	Wed Jun 19 23:49:46 +0800 2013			3591052042854770	3591052042854770				3591052042854770	0			0	<a href=" rel="nofollow">iPad客户端</a>	坐等网上就好啦[酷][酷] //@四蹄踏雪: 去年的剧场版就没在国内上，希望中日韩自贸区今年给力。。。 //@张晓蕊rry2:@四蹄踏雪			1618031204	00	3591027539087559	1397724386312
2318158-	0		0	Sat Apr 27 11:05:05 +0800 2013			3571653038514446	3571653038514446				3571653038514446	0			0	<a href=" rel="nofollow">微博 weibo.com</a>	哈哈，他们是享受当下啊。[偷笑]//@云是浮得: 我昨天去，还有初中生看呢~~我们是祭奠青春去的，人家~~去回忆童年么？~[吃惊]//@茉莉香片1982: 就这名字这噱头，拍的好不好都想去看看。“青春”俩字真是八零后现在不敢直视的字眼啊[泪][泪]//@海鹏-李: 国片，值钱了！			1618031204	00	3571644494600579	1397724386312
2318159-	0		4	Sat Sep 08 02:42:57 +0800 2012			3487815076139782	3487815076139782				3487815076139782	0			1	<a href=" rel="nofollow">iPhone客户端</a>	明年我一定要去，你愿意与我同行再次上路吗？@彭跑 明年新疆西藏一定选一个吧，受不鸟了[泪][呵呵] //@张晓蕊rry2:哥们你太行了 //@茉莉香片1982:哥们儿你太行了，都可可西里了！加油[鼓掌][鼓掌]			1618031204	00	3487276892215480	1397724386313
2318160-	0		0	Sun Sep 30 22:45:53 +0800 2012			3496090336863413	3496090336863413				3496090336863413	0			0	<a href=" rel="nofollow">iPhone客户端</a>	快上你的塔利班妇女图[嘻嘻][嘻嘻] //@张晓蕊rry2:热死			1618031204	00	3495985110094835	1397724386313
2318161-	0		0	Sat Nov 10 19:49:07 +0800 2012			3510903758434310	3510903758434310				3510903758434310	0		#	0	<a href=" rel="nofollow">蚂蜂窝旅行</a>	在日月潭碰到济南来的大叔骑行者。他已环台9天，自己背睡袋和帐篷，很赞！【			1618031204	00	0	1397724386313
2318162-	0		6	Mon Sep 03 01:41:36 +0800 2012			3485987696876727	3485987696876727				3485987696876727	0			1	<a href=" rel="nofollow">iPhone客户端</a>	 @张晓蕊rry2  //@芥末煮粥:好美的面具啊			1618031204	00	3485928405995722	1397724386314
2318163-	0		8	Fri Jan 17 14:22:04 +0800 2014			3667735395175629	3667735395175629				3667735395175629	0		#	3	<a href=" rel="nofollow">微博客户端</a>	新版微博客户端全新发布啦！发布器全面升级，更多兴趣快捷分享；新增微博支付，移动消费一触即达；手机端快捷参与#让红包飞#活动，新春豪礼送不停！赶紧更新抢红包！下载地址：			1618031204	00	0	1397724386314
2318164-	0		0	Tue May 14 18:42:41 +0800 2013			3577928790595274	3577928790595274				3577928790595274	0			0	<a href=" rel="nofollow">微博 weibo.com</a>	好漂亮啊！@索南彭措2012 //@华诺清锋翡翠: 冰佛加冰链			1618031204	00	3577825753405826	1397724386314
2318165-	0		2	Tue Apr 02 11:26:49 +0800 2013			3562598815140304	3562598815140304				3562598815140304	0			0	<a href=" rel="nofollow">微博 weibo.com</a>	没错啊，朋友在天津治血液病的医院住院的时候，据说一种叫太空舱的无菌病房，住一天就十几二十万的[衰]//@刘启斌: 业内朋友统计过，血液科是医院里花钱最多最贵的科室，新房新车甲醛要注意啊//@茉莉香片1982: 想想好可怕，我还听说因为新车车内材料污染得血液病的。//			1618031204	00	3562414937015509	1397724386314
2318166-	0		0	Mon Jun 24 20:03:13 +0800 2013			3592806960567307	3592806960567307				3592806960567307	0			0	<a href=" rel="nofollow">iPad客户端</a>	转发微博			1618031204	00	3592806226659482	1397724386315
2318167-	0		1	Fri Jan 04 23:42:09 +0800 2013			3530893731621067	3530893731621067				3530893731621067	0			0	<a href=" rel="nofollow">iPhone客户端</a>	恍如隔世啊[浮云][浮云] //@周昶帆:唉，考研这俩字能有把人拉回数年前某一瞬间的魔力。当年考过研的会有感受。			1618031204	00	3530890011272938	1397724386315
2318168-	0		2	Mon Dec 17 21:54:08 +0800 2012			3524343566686567	3524343566686567				3524343566686567	0			1	<a href=" rel="nofollow">iPad客户端</a>	有创意[good] //@心在喜马拉雅: 这个创意好！ //@到处走的大象: 全是LV！[吃惊]			1618031204	00	3517102034111423	1397724386315
2318169-	0		0	Sun May 20 16:07:48 +0800 2012			3447792570136662	3447792570136662				3447792570136662	0			0	<a href=" rel="nofollow">iPhone客户端</a>	建议你网上看未删节版[good]			1618031204	00	3447785892112525	1397724386316
2318170-	0		0	Sat Apr 20 16:58:37 +0800 2013		type:Pointcoordinates:#39.89748#116.33469	3569205297684966	3569205297684966				3569205297684966	0		#	0	<a href=" rel="nofollow">iPhone客户端</a>	菜市集一样的菜百黄金。以为只有地铁才这样[汗][汗][汗][汗]@曾慧娟娟 我在这里:			1618031204	00	0	1397724386316
2318171-	0		0	Tue Mar 05 19:48:56 +0800 2013			3552578312888272	3552578312888272				3552578312888272	0			1	<a href=" rel="nofollow">iPhone客户端</a>	我想种芥蓝和西兰花，有么[哈哈][哈哈] //@自曾晖:想吃豌豆尖 //@张晓蕊rry2:[怒]//@翟磊:能特么细心点么，早说了玉米跟红薯免费。 //@张晓蕊rry2:红薯！//@神仙农场:还能有点追求么? //@茉莉香片1982:玉米[馋嘴][馋嘴][花心][花心][花心] //@神仙农场:公用地种玉米，不占私地，谁想吃去掰。 /			1618031204	00	3552539141961880	1397724386317
2318172-	0		7	Mon Sep 02 10:29:42 +0800 2013			3618029785357222	3618029785357222				3618029785357222	0			0	<a href=" rel="nofollow">iPhone客户端</a>	是的[泪][泪]这个陷阱太可怕了。你买精装吧亲[泪][泪] //@王家猫:最怕。。以实际发生为准。。。			1618031204	00	3617072078360379	1397724386317
2318173-	0		21	Mon Dec 03 14:55:12 +0800 2012			3519164708667855	3519164708667855				3519164708667855	0			0	<a href=" rel="nofollow">微博 weibo.com</a>	出差啊，呜呜呜呜，苦逼了[泪]//@经典英文语录: 用你的输入法打CC，你的是什么？			1618031204	00	3519063026475787	1397724386317
2318174-	0		1	Thu Oct 04 01:26:23 +0800 2012		type:Pointcoordinates:#7.926016#80.69439	3497217890989139	3497217890989139				3497217890989139	0		#	3	<a href=" rel="nofollow">iPhone客户端</a>	自己动手丰衣足食。连着两天咖喱吃死了。今天用餐厅的厨房做了中餐。西红柿炒鸡蛋，炝炒圆白菜。主厨@张晓蕊rry2 。 我在:			1618031204	00	0	1397724386317
2318175-	0		1	Mon Mar 11 00:04:58 +0800 2013			3554454685122726	3554454685122726				3554454685122726	0			1	<a href=" rel="nofollow">iPad客户端</a>	@索南彭措2012 记得看			1618031204	00	3554438733944118	1397724386318
2318176-	0		0	Mon Jul 01 23:44:58 +0800 2013			3595399480779157	3595399480779157				3595399480779157	0			0	<a href=" rel="nofollow">iPad客户端</a>	 //@跟我做私房菜: 创意格子墙壁置物架，这个可以有[赞]			1618031204	00	3594110525407394	1397724386318
2318177-	0		0	Tue Mar 12 13:14:08 +0800 2013			3555015673088231	3555015673088231				3555015673088231	0			1	<a href=" rel="nofollow">微博 weibo.com</a>	而且越来越勉强活着了。//@COCO-DAN: 我觉得在北京不是生活，是活着。//@茉莉香片1982:生活最离不开的吃和住[浮云][浮云]			1618031204	00	3554962720149433	1397724386318
2318178-	0		1	Tue Feb 05 12:23:39 +0800 2013			3542319397346407	3542319397346407				3542319397346407	0			1	<a href=" rel="nofollow">微博 weibo.com</a>	真心牛啊！除了沈眉庄配的差了点，其他的很像原因重现。尤其是谢耳朵那一段，手势跟配音，牛大发了！！@索南彭措2012 @rebecca鱼			1618031204	00	3542313693245345	1397724386318
2318179-	0		1	Mon Jun 10 08:41:35 +0800 2013			3587561991513737	3587561991513737				3587561991513737	0		#	0	<a href=" rel="nofollow">蚂蜂窝旅行</a>	车到杭州站。打个招呼，杭州你好(#坏笑)(#坏笑)@嗡嗡官方微博 分享自河坊街N30.2°，E120.2°>>>			1618031204	00	0	1397724386319
2318180-	0		2	Tue Jan 22 10:34:00 +0800 2013			3537218368911000	3537218368911000				3537218368911000	0			0	<a href=" rel="nofollow">iPhone客户端</a>	回复@东-波:[偷笑][偷笑]又一个来装嫩的 //@东-波:看来我还年轻，这真没看过 //@茉莉香片1982: @翟磊 预备！起[嘻嘻]  //@风华正胖:我以前会唱的呀，这会儿找不着调，谁给起个头?  //@茉莉香片1982:[挖鼻屎][挖鼻屎]吹吧。你忙着玩儿泥巴呢[偷笑]  //@张晓蕊rry2: 难道我都在学习			1618031204	00	3536692357001488	1397724386319
2318181-	0		0	Thu Jul 05 00:49:19 +0800 2012			3464231267578887	3464231267578887				3464231267578887	0			1	<a href=" rel="nofollow">iPhone客户端</a>	 @rebecca鱼 你觉得你是哪一个？[偷笑] //@全球热门伤不起:[转发]想TA就@ TA ！！！			1618031204	00	3464135746826215	1397724386319
2318182-	0		0	Tue Mar 12 22:59:11 +0800 2013			3555162906346099	3555162906346099				3555162906346099	0			0	<a href=" rel="nofollow">iPad客户端</a>	mark试试[爱你]不知道T3有卖么[酷]			1618031204	00	3555156103001880	1397724386320
2318183-	0		2	Thu Jul 05 22:49:53 +0800 2012			3464563598726097	3464563598726097				3464563598726097	0			1	<a href=" rel="nofollow">微博 weibo.com</a>	暴雨怎么骑车啊，这样都湿透了呢！！//@张晓蕊rry2: 骑车吧 //@茉莉香片1982:这里不是帝都吗？不是集合了全国最优秀的资源吗？怎么找一条回家的路这么难？？？			1618031204	00	3464562499747683	1397724386320
2318184-	0		5	Sat Apr 27 10:53:48 +0800 2013			3571650198932372	3571650198932372				3571650198932372	0			0	<a href=" rel="nofollow">微博 weibo.com</a>	五一回家我们要不要组团去看致青春啊，也致我们的青春一下。@化外狂封 真心是受不了这些不玩微博都艾特不了他们的童鞋们啊。想念大家了。[心][心][心]			1618031204	00	0	1397724386320
2318185-	0		1	Wed Nov 28 16:57:50 +0800 2012			3517383635325021	3517383635325021				3517383635325021	0			1	<a href=" rel="nofollow">微活动</a>	这个活动还不错，我把链接贴给大家。"有机火锅趴 直送到您家" 			1618031204	00	3517377305676415	1397724386321
2318186-	0		2	Wed Sep 12 15:11:58 +0800 2012			3489453118875223	3489453118875223				3489453118875223	0			0	<a href=" rel="nofollow">微博 weibo.com</a>	果断收藏学习！			1618031204	00	3489448778442807	1397724386321
2318187-	0		1	Wed Feb 06 13:54:57 +0800 2013			3542704757639282	3542704757639282				3542704757639282	0			0	<a href=" rel="nofollow">微博 weibo.com</a>	@索南彭措2012			1618031204	00	3542531595719461	1397724386321
2318188-	0		5	Thu Nov 01 19:41:39 +0800 2012			3507640384977791	3507640384977791				3507640384977791	0			0	<a href=" rel="nofollow">iPhone客户端</a>	在公交车上饥肠辘辘了[可怜]			1618031204	00	3507629193714705	1397724386322
2318189-	0		0	Thu Dec 06 15:09:15 +0800 2012			3520255408026173	3520255408026173				3520255408026173	0		#	0	<a href=" rel="nofollow">iPhone客户端</a>	我刚更新了#微博客户端冬季版#，1.信息流新增地点卡片；2.新增喜欢功能，轻松表达你的态度； 3.支持显示悄悄关注分组和发给我的定向分组；4.支持屏蔽通知；5.周边的人、周边的微博支持筛选；6.会员还支持微博置顶和更多会员皮肤哦！ App Store下载地址：			1618031204	00	0	1397724386322
2318190-	0		0	Mon Jul 01 23:43:50 +0800 2013			3595399221075347	3595399221075347				3595399221075347	0			0	<a href=" rel="nofollow">iPad客户端</a>	 //@跟我做私房菜: 成都苍蝇馆子50强完全手册！@我们都爱成都			1618031204	00	3594110357214483	1397724386322
2318191-	0		0	Sun Jun 17 10:38:51 +0800 2012			3457856646914432	3457856646914432				3457856646914432	0			1	<a href=" rel="nofollow">iPhone客户端</a>	同问 //@吴培crystal://@陈朝华:同问 //@高子晴:咦，��怎�存�？�其他�行或其他卡存�去�？			1618031204	00	3457819242166483	1397724386322
2318192-	0		1	Fri Dec 28 08:50:30 +0800 2012			3528132625582256	3528132625582256				3528132625582256	0			1	<a href=" rel="nofollow">iPhone客户端</a>	 @张晓蕊rry2  //@写字李华良:转发微博			1618031204	00	3528126606564967	1397724386323
2318193-	0		0	Thu Aug 23 17:09:45 +0800 2012			3482235006871942	3482235006871942				3482235006871942	0		#	0	<a href=" rel="nofollow">分享按钮</a>	#杜莎，嫁给我！#如果一个男人，偷偷搜集全世界明信片，只因你一个环游世界的梦想，你觉得他是爱你呢，还是爱你呢？ @天蝎座李背包 @水瓶座杜小胖     （分享自 @蚂蜂窝旅游攻略）			1618031204	00	0	1397724386323
2318194-	0		0	Sat Apr 13 17:24:20 +0800 2013			3566675049580102	3566675049580102				3566675049580102	0			0	<a href=" rel="nofollow">iPad客户端</a>	转发微博			1618031204	00	3565825984391966	1397724386323
2318195-	0		1	Thu Jan 24 17:24:51 +0800 2013			3538046533989216	3538046533989216				3538046533989216	0			0	<a href=" rel="nofollow">iPhone客户端</a>	 @索南彭措2012 再不看就下线了[泪][泪] //@D-count://@张晓舟:哦也//@廖伟棠: 那是香港早年�街一�的“�代曲”，我老爸知道。我小�候��，忘�了名字。 //@用�命刷�大宗�:谁来告诉我1950年开头那段儿是啥歌！！！！就没人知道么！！！！！			1618031204	00	3538037574845739	1397724386324
2318196-	0		2	Thu Nov 22 13:29:15 +0800 2012			3515156812257386	3515156812257386				3515156812257386	0			0	<a href=" rel="nofollow">微博 weibo.com</a>	恭喜曹总啊，哈哈//@稻子武士曹健: 感谢邱燕秋童鞋的努力成果，加油。			1618031204	00	3515153754891750	1397724386324
2318197-	0		3	Mon Jan 07 13:22:38 +0800 2013			3531824997264871	3531824997264871				3531824997264871	0		#	0	<a href=" rel="nofollow">蚂蜂窝旅行</a>	经过一上午激烈混战，回酒店休整！绿意盎然的小阳台(#赞)(#赞)【 @嗡嗡官方微博）			1618031204	00	0	1397724386324
2318198-	0		0	Thu Aug 02 17:14:49 +0800 2012			3474626150040688	3474626150040688				3474626150040688	0		#	0	<a href=" rel="nofollow">蚂蜂窝旅行</a>	旅行是生命的养料，我刚刚下载了蚂蜂窝【罗平（第五版）】#旅游攻略#。旅游出行，攻略在手，行程无忧！你准备去哪里旅行呢？[疑问]快来看看吧！[围观]  (@蚂蜂窝旅游攻略)			1618031204	00	0	1397724386324
2318199-	0		0	Thu Nov 01 19:37:13 +0800 2012			3507639281906021	3507639281906021				3507639281906021	0			0	<a href=" rel="nofollow">iPhone客户端</a>	 @索南彭措2012 要去就选这样的。三亚[汗][汗]			1618031204	00	3507629416788548	1397724386325
2318200-	0		7	Tue Jul 03 23:36:10 +0800 2012			3463850466677203	3463850466677203				3463850466677203	0		#	0	<a href=" rel="nofollow">iPhone客户端</a>	凤凰路上结伴的小妹纸，话说白羊和射手真是天生绝配，像不像苗族小姐妹？@soleil___ @austen_xu @周董			1618031204	00	0	1397724386325
2318201-	0		1	Wed Mar 27 01:13:33 +0800 2013			3560270150538252	3560270150538252				3560270150538252	0			2	<a href=" rel="nofollow">iPad客户端</a>	顶神帖，感觉射手又躺枪了[泪][泪][泪]@sophyia @TinaWu2011 @D-count @rebecca鱼 都各自认领去吧。			1618031204	00	3560078877242919	1397724386325
2318202-	0		0	Tue Dec 18 16:49:15 +0800 2012			3524629236598105	3524629236598105				3524629236598105	0		#	0	<a href=" rel="nofollow">蚂蜂窝分享</a>	梦想是下个世界的通行证。我写下我的末日梦想，和1,999,999个蜂蜂,一起跨越世界末日，用信心去面对未知的未来！   （分享自 @蚂蜂窝旅游攻略）			1618031204	00	0	1397724386326
2318203-	0		0	Thu Jul 11 21:52:25 +0800 2013			3598995031319670	3598995031319670				3598995031319670	0			0	<a href=" rel="nofollow">iPad客户端</a>	@rebecca鱼 吃货必须去看[哈哈][哈哈]			1618031204	00	3598981886592867	1397724386326
2318204-	0		0	Thu Jun 13 20:58:54 +0800 2013			3588834719702167	3588834719702167				3588834719702167	0			0	<a href=" rel="nofollow">iPhone客户端</a>	 @索南彭措2012  //@Discovery纪录片:把世间美好的一切，刺进皮肤，带进坟墓~~~~			1618031204	00	3587038215151829	1397724386326
2318205-	0		0	Sat Oct 06 23:52:52 +0800 2012			3498281525351292	3498281525351292				3498281525351292	0		#	0	<a href=" rel="nofollow">蚂蜂窝旅行</a>	荷兰殖民留下的痕迹。经常出现在明信片上的古堡。【			1618031204	00	0	1397724386326
2318206-	0		0	Thu Dec 20 00:06:51 +0800 2012			3525101754464215	3525101754464215				3525101754464215	0			0	<a href=" rel="nofollow">iPad客户端</a>	嗯，这是我努力的目标[耶][耶]			1618031204	00	3525089998188959	1397724386327
2318207-	0		0	Wed Mar 13 23:02:39 +0800 2013			3555526166338752	3555526166338752				3555526166338752	0			0	<a href=" rel="nofollow">iPad客户端</a>	[good][good] //@天蝎座的周文文: [威武] //@武一他娘:[赞]			1618031204	00	3555399162299307	1397724386327
2318208-	0		0	Thu Apr 11 11:48:33 +0800 2013			3565865771466657	3565865771466657				3565865771466657	0			0	<a href=" rel="nofollow">iPad客户端</a>	mark			1618031204	00	3565865154848384	1397724386327
2318209-	0		0	Tue Jul 09 02:15:19 +0800 2013			3597974032980307	3597974032980307				3597974032980307	0			0	<a href=" rel="nofollow">iPad客户端</a>	这个原帖看了，真的毁三观[挖鼻屎]@索南彭措2012 			1618031204	00	3597934064764933	1397724386328
2318210-	0		7	Sun Jan 06 22:04:21 +0800 2013			3531593907483133	3531593907483133				3531593907483133	0		#	0	<a href=" rel="nofollow">蚂蜂窝旅行</a>	夜生活要滋润起来。各种酒水饮料打个前站。开始吃喝的同学们都晒一晒吧(#馋)(#馋)【 @嗡嗡官方微博）			1618031204	00	0	1397724386328
2318211-	0		0	Wed Jul 17 18:37:15 +0800 2013			3601120246643772	3601120246643772				3601120246643772	0			0	<a href=" rel="nofollow">iPad客户端</a>	[花心][花心][花心] //@携程旅游: 李银河老师说：不来瑞士会后悔一辈子！ 瑞士的山水，不写意，是色彩较浓烈的写实派，比如在图恩湖和布里恩茨湖之间的因特拉肯(Interlaken)就是如此，一年四季，景致浓墨重彩。星座固定结尾话术：戳 星座好礼6选1！转发此微			1618031204	00	3599668296722487	1397724386328
2318212-	1		0	Mon Sep 09 08:13:55 +0800 2013			3620532325394219	3620532325394219				3620532325394219	0			0	<a href=" rel="nofollow">iPhone客户端</a>	mark[嘻嘻][嘻嘻] //@太阳1975_E旅行:亚航开通马尔代夫新航线！�丝也能去马代啦！转发告知朋友们吧！			1618031204	00	3620207471477284	1397724386329
2318213-	0		0	Sun Jun 24 14:42:13 +0800 2012		type:Pointcoordinates:#28.582676#112.3839	3460454607746855	3460454607746855				3460454607746855	0			0	<a href=" rel="nofollow">iPhone客户端</a>	高速公路堵车[汗]咋一到益阳这儿车就不顺了，不是回程段不堵车么[闭嘴] 			1618031204	00	0	1397724386329
2318214-	1		0	Mon Jun 24 14:38:32 +0800 2013			3592725259810503	3592725259810503				3592725259810503	0			0	<a href=" rel="nofollow">iPhone客户端</a>	 @费藕那 @颜小孩 又是歧视 //@韩大黑:国泰航空很狡诈的使用了“天气原因”让大家都上飞机以后又下来换一家飞机，这能是天气原因？香港地勤告诉我航空管制，希望国泰港龙能主动解决问题，如果在替皮球，我将迫不得已公布你们的录音。来证明你们忽悠大陆客，拿大陆客都当傻子			1618031204	00	3592681164435985	1397724386329
2318215-	0		0	Tue Jul 24 18:13:08 +0800 2012			3471379330554722	3471379330554722				3471379330554722	0			0	<a href=" rel="nofollow">蚂蜂窝分享</a>	总票数:4 其中 : 国航 : 2票， 占总票数50% 南航 : 0票， 占总票数0% 东航 : 0票， 占总票数0% 海航 : 0票， 占总票数0% 春秋 : 0票， 占总票数0% 其它 : 0票， 占总票数0% 都不靠谱 : 2票， 占总票数50%    （分享自 @蚂蜂窝旅游攻略）			1618031204	00	0	1397724386329
2318216-	0		0	Sun Nov 11 22:26:02 +0800 2012			3511305627544262	3511305627544262				3511305627544262	0			0	<a href=" rel="nofollow">iPhone客户端</a>	你不仅自己穿，还游说我[偷笑][偷笑]			1618031204	00	3511269614787868	1397724386330
2318217-	0		0	Sat Jan 26 18:47:36 +0800 2013			3538792143117454	3538792143117454				3538792143117454	0		#	0	<a href=" rel="nofollow">蚂蜂窝旅行</a>	鲜虾萝卜汤，白灼芥兰，加上成品绝味，晚餐走起(#馋)(#馋)【 @嗡嗡官方微博）			1618031204	00	0	1397724386330
2318218-	0		0	Wed Apr 17 22:25:24 +0800 2013			3568200367605253	3568200367605253				3568200367605253	0			1	<a href=" rel="nofollow">iPad客户端</a>	看着就忍不住啦[馋嘴][馋嘴]			1618031204	00	3568199553945953	1397724386330
2318219-	0		0	Fri Dec 14 09:13:52 +0800 2012			3523065079875839	3523065079875839				3523065079875839	0			0	<a href=" rel="nofollow">iPhone客户端</a>	心动[花心][花心]@索南彭措2012			1618031204	00	3523060169062675	1397724386331
2318220-	0		0	Sat Aug 11 20:31:21 +0800 2012			3477937087315946	3477937087315946				3477937087315946	0		#	0	<a href=" rel="nofollow">蚂蜂窝旅行</a>	几波小高潮之后，一直控场的尤文图斯被先破了球门。【			1618031204	00	0	1397724386331
2318221-	0		2	Wed Mar 20 08:44:01 +0800 2013			3557846803228253	3557846803228253				3557846803228253	0			2	<a href=" rel="nofollow">iPhone客户端</a>	要离婚的抓紧了，限购完收税，之后限离，好期待接下来还有啥[挖鼻屎][挖鼻屎]			1618031204	00	3557839840591302	1397724386331
2318222-	0		1	Fri Sep 06 11:21:55 +0800 2013			3619492473002882	3619492473002882				3619492473002882	0			0	<a href=" rel="nofollow">iPhone客户端</a>	 @索南彭措2012 [嘻嘻][嘻嘻]			1618031204	00	3619485485079470	1397724386332
2318223-	0		0	Mon Oct 29 16:43:13 +0800 2012			3506508325206018	3506508325206018				3506508325206018	0			0	<a href=" rel="nofollow">iPhone客户端</a>	[生病][吐][吐][吐][吐][吐][吐]			1618031204	00	3506504415797905	1397724386332
2318224-	0		0	Sat Mar 09 14:57:46 +0800 2013			3553954593926600	3553954593926600				3553954593926600	0			2	<a href=" rel="nofollow">iPhone客户端</a>	[晕][晕][晕][晕][晕]@张晓蕊rry2  //@索南彭措2012:@茉莉香片1982			1618031204	00	3553948574756228	1397724386332
2318225-	0		1	Mon Oct 01 07:52:04 +0800 2012			3496227797167258	3496227797167258				3496227797167258	0		#	4	<a href=" rel="nofollow">蚂蜂窝旅行</a>	国庆真心还是出国玩儿好。不堵车，人不多，正悠闲的吃早餐，准备再次出发咯。【			1618031204	00	0	1397724386332
2318226-	0		0	Wed Oct 31 16:29:03 +0800 2012			3507229522816266	3507229522816266				3507229522816266	0			0	<a href=" rel="nofollow">微博 weibo.com</a>	真好，还有这手艺可以攒旅费，我拿什么攒呢？？[泪]@索南彭措2012 //@西皮水妖: 啊！			1618031204	00	3504768896940260	1397724386333
2318227-	0		2	Sun Feb 10 15:51:33 +0800 2013			3544183656414366	3544183656414366				3544183656414366	0		#	0	<a href=" rel="nofollow">蚂蜂窝旅行</a>	飞抵桂林。没有想象中热，羽绒服还在身上。【 @嗡嗡官方微博）			1618031204	00	0	1397724386333
2318228-	0		1	Mon Dec 31 00:55:35 +0800 2012			3529100276900792	3529100276900792				3529100276900792	0			0	<a href=" rel="nofollow">iPhone客户端</a>	我觉得我得在2爷后头，他得瑟一晚上了[偷笑][偷笑] //@张晓蕊rry2:@茉莉香片1982 ，是这个淫//@哲之清茶:下次喜酒会是谁的呢？二姐？四哥？二爷？[哈哈] //@张晓蕊rry2: 参差不齐，长短不一。			1618031204	00	3528920084786127	1397724386333
2318229-	0		0	Thu Oct 18 23:28:59 +0800 2012			3502624164542678	3502624164542678				3502624164542678	0			1	<a href=" rel="nofollow">iPhone客户端</a>	//@阳光82520:无			1618031204	00	3502615512163419	1397724386334
2318230-	0		0	Fri May 25 08:56:36 +0800 2012			3449495998377399	3449495998377399				3449495998377399	0			1	<a href=" rel="nofollow">iPhone客户端</a>	//@吕洲科://@曾锤://@流光岁月静:转起来！//@广外零食驿站: 必须转。//@turkey要走出自己的路:转！//@爱尚奢侈品: 这个很重要，转！@魔鬼管理学			1618031204	00	3448874314390834	1397724386334
2318231-	0		0	Sun Sep 30 23:17:15 +0800 2012			3496098230648059	3496098230648059				3496098230648059	0		#	0	<a href=" rel="nofollow">蚂蜂窝旅行</a>	群英荟萃啊！【			1618031204	00	0	1397724386334
2318232-	0		0	Sat Apr 13 02:13:53 +0800 2013			3566445932092317	3566445932092317				3566445932092317	0			0	<a href=" rel="nofollow">iPad客户端</a>	@笨笨晓晓猪 你应该和我拍一套再结[爱你][爱你]			1618031204	00	3524899047584926	1397724386334
2318233-	0		0	Sat Oct 20 09:52:07 +0800 2012			3503143373803713	3503143373803713				3503143373803713	0			0	<a href=" rel="nofollow">iPhone客户端</a>	希腊破产了我们还能不能去旅游了？ 会更便宜不[花心]//@张晓蕊rry2:@茉莉香片1982			1618031204	00	3503003749205451	1397724386335
2318234-	0		0	Thu May 24 08:43:55 +0800 2012			3449130413818399	3449130413818399				3449130413818399	0			0	<a href=" rel="nofollow">iPhone客户端</a>	台湾官员好多文人喔[熊猫] //@记者刘向南:��微博。			1618031204	00	3448512593507392	1397724386335
2318235-	0		0	Thu Apr 18 10:33:12 +0800 2013			3568383523556310	3568383523556310				3568383523556310	0			1	<a href=" rel="nofollow">微博 weibo.com</a>	不管是不是真的，先MARK注意了。吃榴莲不要喝酒了。//@刘启斌: 这是真的吗！？我没这么吃过倒是[吃惊]有谁知道么？//@饭团子爸:这……！[吃惊]@刘启斌 救证！ //@北京_天气:转发微博			1618031204	00	3567385950572565	1397724386335
2318236-	0		1	Tue Jul 10 00:29:28 +0800 2012			3466038228333143	3466038228333143				3466038228333143	0		#	0	<a href=" rel="nofollow">开心水族箱iOS版</a>	我拥有史上最萌、最梦幻的@开心水族箱 ，急需宝石【粉豆】呀~快来加我好友吧！我的ID是：1207241 .求帮助，求扩散！ 去看看:			1618031204	00	0	1397724386336
2318237-	0		0	Sat Jun 16 10:06:58 +0800 2012			3457486239264491	3457486239264491				3457486239264491	0			0	<a href=" rel="nofollow">iPhone客户端</a>	说得太对啦[怒] 真是毁啊！！！//@疯果子:能别恶心人么？我们要的是一个纯净祥和的圣湖，而不是那些滥俗吵杂的观光！			1618031204	00	3457265762126154	1397724386336
2318238-	0		1	Mon May 27 17:43:10 +0800 2013			3582624859405387	3582624859405387				3582624859405387	0			5	<a href=" rel="nofollow">微博 weibo.com</a>	第二个三亚？//@刘启斌: 蝗虫来了，古城完蛋叻！[黑线]@代冬男 @漆黑的羽毛 @楼市传媒董斌			1618031204	00	3582615975663016	1397724386336
2318239-	0		3	Sat May 19 12:30:04 +0800 2012			3447375391894847	3447375391894847				3447375391894847	0		#	1	<a href=" rel="nofollow">iPhone客户端</a>	看到这个就想起了@维他命肉丸子 做的那个手工。你看人家古人也这么有情调啊[哈哈][哈哈]			1618031204	00	0	1397724386337
2318240-	0		1	Sun May 05 22:55:08 +0800 2013			3574730831829950	3574730831829950				3574730831829950	0			0	<a href=" rel="nofollow">iPad客户端</a>	@索南彭措2012 以后只在家吃饭吧[衰][衰][衰]			1618031204	00	3574724548629692	1397724386337
2318241-	0		0	Mon May 20 13:45:28 +0800 2013			3580028320844010	3580028320844010				3580028320844010	0			0	<a href=" rel="nofollow">微博 weibo.com</a>	在理，你的谁的心目中才是最重要的，珍惜吧。//@经典英文语录: 说的太好了[good]			1618031204	00	3579977411107037	1397724386337
2318242-	0		0	Sun Jun 09 00:37:00 +0800 2013			3587077658911477	3587077658911477				3587077658911477	0			0	<a href=" rel="nofollow">iPad客户端</a>	[泪][泪][泪]//@嘉妮Janey:多想回去@夕希小若子  			1618031204	00	3587065084635670	1397724386338
2318243-	0		1	Tue Apr 02 19:35:33 +0800 2013			3562721804676416	3562721804676416				3562721804676416	0			1	<a href=" rel="nofollow">iPhone客户端</a>	二哥好[偷笑][偷笑] //@张旭四哥:你们俩螃蟹作揖，对了夹拉[嘻嘻] //@张晓蕊rry2:也是你的节日//@茉莉香片1982:@张晓蕊rry2 你的节日真多啊[哈哈][哈哈][哈哈]			1618031204	00	3562559715941947	1397724386338
2318244-	0		0	Fri Jun 15 09:55:01 +0800 2012			3457120844506732	3457120844506732				3457120844506732	0			0	<a href=" rel="nofollow">iPhone客户端</a>	//@鹦鹉史航:“我到死都要说，莫里哀有才，克利斯坚有貌。”“亲爱的表兄，你凭什么升入天堂？”“凭我那伪装的坚强。”我在“史航说书”里会慢慢加大舞台剧剧本的比例，因为这些剧本难找，而且不该被忽略，而且，我也爱朗读那些台词。每次请抽空看这个节目的完整版，而不只是精彩片段啊。			1618031204	00	3456925180476480	1397724386338
2318245-	1		0	Thu Aug 29 17:07:15 +0800 2013			3616680275901919	3616680275901919				3616680275901919	0			0	<a href=" rel="nofollow">iPhone客户端</a>	 @索南彭措2012			1618031204	00	3616672332028586	1397724386338
2318246-	0		0	Fri Mar 08 17:14:10 +0800 2013			3553626527989406	3553626527989406				3553626527989406	0		#	5	<a href=" rel="nofollow">蚂蜂窝分享</a>	[哈哈]我发现了一篇关于【斯里兰卡】的#蚂蜂窝游记#----《寻找洒落印度洋的珍珠 十天天九夜斯里兰卡行（持续更新中）》，82人【喜欢】。@茉莉香片1982 听作者讲故事，看美图赏风光，速来围观[围观]>>>   （分享自 @蚂蜂窝旅游攻略）			1618031204	00	0	1397724386339
2318247-	0		4	Mon Nov 26 11:36:44 +0800 2012			3516578047774603	3516578047774603				3516578047774603	0			0	<a href=" rel="nofollow">iPhone客户端</a>	[偷笑][偷笑][偷笑] //@维他命肉丸子:赞右边//@茉莉香片1982: 没用的，土壤是黑的，什么种子进去都结恶果。独善其身不容易[衰]			1618031204	00	3516349554715098	1397724386339
2318248-	0		1	Sun Jan 13 20:29:24 +0800 2013			3534106723892727	3534106723892727				3534106723892727	0			0	<a href=" rel="nofollow">iPhone客户端</a>	在家养病的@政法记者王维维 羡慕了吧[嘻嘻][嘻嘻]			1618031204	00	3534104346177582	1397724386339
2318249-	0		0	Fri Sep 14 20:34:42 +0800 2012			3490259117741273	3490259117741273				3490259117741273	0		#	0	<a href=" rel="nofollow">蚂蜂窝旅行</a>	给力的雕花床，今天午夜梦回，会不知身在何处吧。【			1618031204	00	0	1397724386339
2318250-	0		0	Thu Dec 06 14:15:16 +0800 2012			3520241822768080	3520241822768080				3520241822768080	0			0	<a href=" rel="nofollow">微博 weibo.com</a>	@索南彭措2012 @天蝎座的周文文 @TinaWu2011 //@茉莉香片1982: woow~~奖品好给力啊！赶快参加！ "末日前，来场旅行！" 			1618031204	00	3520239796699476	1397724386340
2318251-	0		0	Sun Sep 23 09:57:02 +0800 2012			3493360134010417	3493360134010417				3493360134010417	0			1	<a href=" rel="nofollow">iPhone客户端</a>	 @张晓蕊rry2 @靓靓happiness mark一下咯[偷笑][偷笑]			1618031204	00	3493351779228930	1397724386340
2318252-	0		0	Fri Jun 01 19:36:49 +0800 2012			3452193824893946	3452193824893946				3452193824893946	0			1	<a href=" rel="nofollow">iPhone客户端</a>	走着[good] //@rebecca鱼:我们去看这个电影吧《泰迪熊》 据说八月上映 @茉莉香片1982 @如是我闻_ @一叶落归心 @wendy在路上呢 @紫色怡文 @机器猫大肚子 @小福气2011 。 。。。。。			1618031204	00	3452181942669126	1397724386340
2318253-	0		3	Fri Jun 29 17:09:59 +0800 2012			3462303737059301	3462303737059301				3462303737059301	0			0	<a href=" rel="nofollow">微博 weibo.com</a>	嗯，我同意张三的//@匆JIA: @clover张三 @王家猫 @疯果子 @心书 @茉莉香片1982			1618031204	00	3462249706010808	1397724386341
2318254-	0		0	Wed Feb 20 19:56:19 +0800 2013			3547869132859858	3547869132859858				3547869132859858	0			1	<a href=" rel="nofollow">iPhone客户端</a>	我要吃放心菜[嘻嘻][嘻嘻]@索南彭措2012  //@张晓蕊rry2:开动吧萝卜  @苑仁� @茉莉香片1982 @袁晓澜 @自曾晖 @维他命肉丸子 @张旭四哥  @ATM和vivi的世界			1618031204	00	3547809267203034	1397724386345
2318255-	0		7	Wed Dec 26 15:18:04 +0800 2012			3527505384258061	3527505384258061				3527505384258061	0			1	<a href=" rel="nofollow">iPhone客户端</a>	哈哈，我们是文艺公司[偷笑][偷笑] @张晓蕊rry2 @王家猫 //@paparay趴趴睿:二逼了~！@鱼14 @石玉美Amy @_马小乐_			1618031204	00	3527402955331854	1397724386346
2318256-	0		0	Sat Feb 09 08:33:59 +0800 2013			3543711146889390	3543711146889390				3543711146889390	0			0	<a href=" rel="nofollow">iPhone客户端</a>	[泪][泪][泪][泪] //@经典英文语录:[哈哈]精辟！			1618031204	00	3543045805195063	1397724386346
2318257-	0		1	Tue Jul 31 17:55:49 +0800 2012			3473911683293568	3473911683293568				3473911683293568	0			0	<a href=" rel="nofollow">iPhone客户端</a>	我也想，看海的天就算了！[汗] //@张晓蕊rry2:回复@自曾晖:今天好冷。。。。。。。。 //@自曾晖:最美的不是下雨天，而是和你下雨逛过的商街，来嘛，刚买了两条裙子穿给你看			1618031204	00	3473849439665831	1397724386346
2318258-	1		0	Tue Jun 11 12:48:53 +0800 2013			3587986610795060	3587986610795060				3587986610795060	0		#	0	<a href=" rel="nofollow">蚂蜂窝旅行</a>	干菜焖肉@嗡嗡官方微博 分享自绍兴N30°，E120.6°>>>			1618031204	00	0	1397724386347
2318259-	0		0	Mon Sep 24 10:58:15 +0800 2012			3493737927699407	3493737927699407				3493737927699407	0			1	<a href=" rel="nofollow">微博 weibo.com</a>	我还行，一切正常。哈哈。你昨天是走的太多了吧，不知道装备不合格的@TinaWu2011 情况怎样？			1618031204	00	3493734316915716	1397724386347
2318260-	0		0	Thu Nov 22 23:16:17 +0800 2012			3515304544494260	3515304544494260				3515304544494260	0			0	<a href=" rel="nofollow">iPhone客户端</a>	那也想吃鲷鱼烧[委屈][委屈] //@靓靓happiness:好贵哦~[汗] //@茉莉香片1982: [花心][花心][花心] 哪里有卖//@张晓蕊rry2:[太开心]			1618031204	00	3515284663190475	1397724386347
2318261-	0		0	Fri Mar 22 12:08:39 +0800 2013			3558623072446866	3558623072446866				3558623072446866	0			2	<a href=" rel="nofollow">微博 weibo.com</a>	@索南彭措2012 //@肖勇: 这是赤裸裸的抢劫――吴敬琏//@青牛蝴蝶剑: 加税的政府讨人嫌，但温水煮青蛙的通胀甚至让人们感觉到繁荣的喜悦 //@青牛蝴蝶剑: 说的好！涨的不只房价，贬的一定是纸币！通胀是政府戒不掉的毒瘾，�何政府对通胀都没有免疫力！这是世界上最高明的盗窃，是最文明的掠夺！			1618031204	00	3449214295968759	1397724386347
2318262-	0		0	Sat Jun 15 22:58:27 +0800 2013			3589589568826486	3589589568826486				3589589568826486	0			0	<a href=" rel="nofollow">iPad客户端</a>	转发微博			1618031204	00	3589486086594385	1397724386348
2318263-	0		0	Tue Feb 12 20:00:19 +0800 2013			3544971040638765	3544971040638765				3544971040638765	0		#	0	<a href=" rel="nofollow">蚂蜂窝旅行</a>	热闹的阳朔，再见啦(#月亮)(#月亮)(#月亮)【 @嗡嗡官方微博）			1618031204	00	0	1397724386348
2318264-	1		0	Fri Aug 16 14:03:39 +0800 2013			3611923029720807	3611923029720807				3611923029720807	0			0	<a href=" rel="nofollow">iPhone客户端</a>	 @索南彭措2012			1618031204	00	3611920005206428	1397724386348
2318265-	0		0	Mon Oct 01 23:46:10 +0800 2012			3496467908514319	3496467908514319				3496467908514319	0		#	10	<a href=" rel="nofollow">蚂蜂窝旅行</a>	我们住的客栈，安静的小院子，漂亮的小洋楼。安静的夜晚。【			1618031204	00	0	1397724386349
2318266-	0		0	Tue Feb 12 18:41:25 +0800 2013			3544951184556362	3544951184556362				3544951184556362	0		#	0	<a href=" rel="nofollow">蚂蜂窝旅行</a>	上菜真快，披萨也来了(#抱抱)(#抱抱)法式披萨走起(#馋)(#馋)【 @嗡嗡官方微博）			1618031204	00	0	1397724386349
2318267-	0		0	Mon Mar 18 20:46:17 +0800 2013			3557303787334273	3557303787334273				3557303787334273	0			0	<a href=" rel="nofollow">iPhone客户端</a>	mark //@央广苏毅:正解			1618031204	00	3557283852270073	1397724386349
2318268-	0		0	Mon Sep 16 09:51:19 +0800 2013		type:Pointcoordinates:#39.89611#116.41863	3623093555693627	3623093555693627				3623093555693627	0			0	<a href=" rel="nofollow">iPhone客户端</a>	网络时代资讯过于发达的后果是：老妈早上发微信很紧张的问我，4号线故障没有影响到你上班吧[晕][晕]完全不熟悉地形啊，北京那么大我又不坐4号线，完全是害她虚惊一场了[哈哈][哈哈][哈哈] 我在这里:			1618031204	00	0	1397724386350
2318269-	0		0	Tue Dec 04 18:47:42 +0800 2012			3519585619649650	3519585619649650				3519585619649650	0			0	<a href=" rel="nofollow">微博 weibo.com</a>	哈哈哈，越来越多切糕体，越来越欢乐啦，哈哈哈			1618031204	00	3519581966561416	1397724386350
2318270-	0		3	Tue Nov 12 18:13:41 +0800 2013			3643876092990009	3643876092990009				3643876092990009	0			0	<a href=" rel="nofollow">Android客户端</a>	好幸运！[花心][花心]//@纤丝鸟服饰官方微博:恭喜这些小伙伴！获得纤丝鸟倾城热恋薄暖衣一套！@多啦的旋转世界 @ bien2010 @茉莉香片1982 @淡蓝色水滴YOYO @胖头熊OO @三个小巫 @记者刘小格 @不在我身边2008 @早睡早起还要吃早饭 @钢铁萌萌_Ryan 请在11月14日前尽快将地址私信给我们			1618031204	00	3641007054609869	1397724386350
2318271-	0		0	Thu Jul 11 14:18:50 +0800 2013			3598880887374605	3598880887374605				3598880887374605	0			0	<a href=" rel="nofollow">iPad客户端</a>	生了三个无底洞啊这是[汗][汗]			1618031204	00	3598868916408160	1397724386350
2318272-	0		0	Fri May 03 18:33:15 +0800 2013			3573940150372521	3573940150372521				3573940150372521	0			0	<a href=" rel="nofollow">微博 weibo.com</a>	mark了看一下 //@中国经济学人://@叮当静: 拜读过其文章，思路清晰解析透彻。//@中国经济学人: [嘻嘻] //@东平斐然: 周教授的名声真不是吹出来的 //@中国经济学人://@华政__老男孩平哥: 讲的不错，语言风趣，讲的内容非常好，学经济的都看看吧！[呵呵][太开心][太开心]//@中国经济学人:值得珍藏！			1618031204	00	3573869392463848	1397724386351
2318273-	0		0	Wed Feb 06 11:18:35 +0800 2013			3542665410529293	3542665410529293				3542665410529293	0			0	<a href=" rel="nofollow">微博 weibo.com</a>	[偷笑]//@郑东阳: 新闻就怕比着看，贵网易的编辑真坏@牛博的羽良			1618031204	00	3542653935077930	1397724386351
2318274-	0		0	Tue Sep 25 09:25:44 +0800 2012			3494077033047908	3494077033047908				3494077033047908	0			0	<a href=" rel="nofollow">iPhone客户端</a>	无限续杯啊[浮云][浮云] //@柳咏:大师，请问我能续悲么？[哈哈]			1618031204	00	3494047958389787	1397724386351
2318275-	0		0	Sat Jun 23 22:22:40 +0800 2012			3460208112220465	3460208112220465				3460208112220465	0			0	<a href=" rel="nofollow">iPhone客户端</a>	//@四蹄踏雪://@like_asura:转发微博			1618031204	00	3460083620591954	1397724386351
2318276-	1		1	Sat Mar 16 22:33:51 +0800 2013			3556606085948014	3556606085948014				3556606085948014	0		#	1	<a href=" rel="nofollow">蚂蜂窝旅行</a>	今天试验的是芒果奶昔。纯的芒果加牛奶。七块钱的芒果加一块六的牛奶出品两个半杯。做生意这样就赔了(#偷笑)(#偷笑)(#偷笑)@嗡嗡官方微博 分享自北京N39.9°，E116.5°>>>			1618031204	00	0	1397724386352
2318277-	0		0	Fri Dec 06 17:26:04 +0800 2013			3652561409923097	3652561409923097				3652561409923097	0			0	<a href=" rel="nofollow">Android客户端</a>	想要ipad air！！@rebecca鱼 @笨笨晓晓猪 @风逝olf //@曾慧娟娟: @茉莉香片1982 @曾松青- @常伟 想中奖不			1618031204	00	3650848627901884	1397724386352
2318278-	0		2	Wed Oct 03 20:08:05 +0800 2012			3497137801723683	3497137801723683				3497137801723683	0			0	<a href=" rel="nofollow">iPhone客户端</a>	 @李志明 你交代的任务我完成了[偷笑][偷笑]			1618031204	00	3497136438318873	1397724386352
2318279-	0		1	Thu May 31 18:47:28 +0800 2012			3451819017624061	3451819017624061				3451819017624061	0			1	<a href=" rel="nofollow">微博 weibo.com</a>	你好，下车吗，不下换一下//@写字李华良: 干嘛摸人家屁股！//@DavidFeng冯琰: Please get ready for your arrival... //@weiweix世界: 下一站：金台洗脚！（金台夕照）//@水满则溢: naxt station……//@老汉未老不加V: 谁的？//@小饼女: 哎呦喂我的鞋！！//@写字李华良: 别挤了！还有一句：等下一趟车			1618031204	00	3419210691112189	1397724386353
2318280-	0		0	Thu Apr 25 09:51:14 +0800 2013			3570909677557829	3570909677557829				3570909677557829	0			0	<a href=" rel="nofollow">iPhone客户端</a>	[偷笑][偷笑][偷笑] //@经典英文语录:[哈哈][哈哈]这熊孩子让妈妈情何以堪？			1618031204	00	3570885501912752	1397724386353
2318281-	0		0	Wed May 30 19:34:10 +0800 2012			3451468390770566	3451468390770566				3451468390770566	0			0	<a href=" rel="nofollow">iPhone客户端</a>	技术帖[鼓掌]			1618031204	00	3450635372888699	1397724386353
2318282-	0		1	Mon Jul 02 09:31:35 +0800 2012			3463275540756108	3463275540756108				3463275540756108	0			1	<a href=" rel="nofollow">iPhone客户端</a>	累得要死困的要死，就睡得着了[鄙视] //@玄圭媛:你每晚睡觉前净空想什么白的象羊一样能睡着才鬼。我昨晚看了本描写失眠的loser们的人生，真是心酸啊！@茉莉香片1982 就睡的死去活来的令人羡慕啊！			1618031204	00	3463141008478122	1397724386354
2318283-	0		0	Fri Mar 07 14:44:05 +0800 2014			3685497945600096	3685497945600096				3685497945600096	0			0	<a href=" rel="nofollow">三星GALAXY S4</a>	如果所述属实的话，那这帮人根本没立场，根本是有奶就是娘的墙头草！//@rebecca鱼:赞//@mahoroba: 有个逗逼乌克兰姐姐，疯子白俄妹妹，大俄罗斯也是家家有本难念的经。 //@�北666:也别都逼逼专政不是，看看这帮散片造的孽 //@readbook_旱旱死涝涝死:我有大量特别的作死技巧			1618031204	00	3685254983097325	1397724386354
2318284-	0		0	Wed Oct 03 20:02:44 +0800 2012			3497136438318873	3497136438318873				3497136438318873	0		#	1	<a href=" rel="nofollow">蚂蜂窝旅行</a>	狮子岩岩窟内的壁画。被狂热的宗教人士认为＂伤风败俗＂，已经被毁掉了。剩下为数不多的残存。【			1618031204	00	0	1397724386354
2318285-	0		0	Fri Mar 15 23:49:14 +0800 2013			3556262665286480	3556262665286480				3556262665286480	0			0	<a href=" rel="nofollow">iPad客户端</a>	[偷笑][偷笑] //@新浪娱乐: 亮瞎你的眼[哈哈]旧照好欢乐啊！			1618031204	00	3556250912552139	1397724386354
2318286-	0		0	Wed Mar 13 23:50:20 +0800 2013			3555538179060567	3555538179060567				3555538179060567	0			0	<a href=" rel="nofollow">iPad客户端</a>	mark //@刘启斌: 令人向往[花心]			1618031204	00	3555494629061708	1397724386355
2318287-	0		2	Tue Jan 22 11:57:32 +0800 2013			3537239394541840	3537239394541840				3537239394541840	0		#	0	<a href=" rel="nofollow">蚂蜂窝旅行</a>	好大一盆，哈哈。大餐走起。(#馋)(#馋)(#馋)【 @嗡嗡官方微博）			1618031204	00	0	1397724386355
2318288-	0		1	Mon Mar 31 16:10:43 +0800 2014			3694217051842482	3694217051842482				3694217051842482	0			0	<a href=" rel="nofollow">微博 weibo.com</a>	@D-count 转给爱土豆的亲们			1618031204	00	3694212354188145	1397724386355
2318289-	0		0	Sat Jan 19 01:49:20 +0800 2013			3535999169085732	3535999169085732				3535999169085732	0			0	<a href=" rel="nofollow">iPad客户端</a>	我陪你[挖鼻屎][挖鼻屎][挖鼻屎][挖鼻屎][挖鼻屎]			1618031204	00	3535998279055232	1397724386355
2318290-	0		0	Wed Jan 02 16:01:24 +0800 2013			3530053004246594	3530053004246594				3530053004246594	0			1	<a href=" rel="nofollow">iPad客户端</a>	@索南彭措2012 沙溪也是没有人满为患的地方[good] //@周昶帆: 转发微博			1618031204	00	3530021438324145	1397724386356
2318291-	0		1	Wed Dec 12 12:06:12 +0800 2012			3522383669000697	3522383669000697				3522383669000697	0			0	<a href=" rel="nofollow">iPhone客户端</a>	标志性2[偷笑][偷笑]@风华正胖 @萌巴豆 @自曾晖			1618031204	00	3522313842427688	1397724386356
2318292-	0		0	Sun Aug 11 23:37:07 +0800 2013			3610255407905983	3610255407905983				3610255407905983	0			0	<a href=" rel="nofollow">iPhone客户端</a>	回复@鹿野苑Sarnath:不知道，我都还没进帝都，在边上河北境内，你肿么了？在这几里地呆的时间比跑长途还久[晕][晕][晕] //@鹿野苑Sarnath:妹妹陪着你一起苦逼呢 你那还在暴雨么 //@茉莉香片1982:收到，谢谢提供市内的情况，不知道什么时候能回家[泪][泪][泪]  //@六撮:积水清理中，暂时限流。 			1618031204	00	3610235799786295	1397724386356
2318293-	0		0	Mon Jun 03 11:37:42 +0800 2013			3585069601861559	3585069601861559				3585069601861559	0			0	<a href=" rel="nofollow">微博 weibo.com</a>	mark重庆大厦了，以后去香港不敢住这里啊！@索南彭措2012			1618031204	00	3585061233955067	1397724386356
2318294-	0		0	Sat Aug 25 02:03:10 +0800 2012			3482731633224146	3482731633224146				3482731633224146	0			0	<a href=" rel="nofollow">iPhone客户端</a>	[握手][握手][握手][握手] //@风华正胖:俺也喜欢张玮，妖娆得很。徐海星的不喜欢，很傻很天真范。 //@茉莉香片1982:所有选手我最喜欢张玮[嘻嘻][嘻嘻] //@云是浮得:终于有人提张玮了，符合下，不喜徐海星			1618031204	00	3482678491602435	1397724386357
2318295-	0		0	Sat Jun 02 16:19:34 +0800 2012			3452506573558344	3452506573558344				3452506573558344	0			0	<a href=" rel="nofollow">iPhone客户端</a>	竹子你火了[哈哈] //@佳竹INTRAVEL:问题是嫁的对象是谁我都不知道，赤果果的包办婚姻么[偷笑] //@风华正胖: 哈哈哈，小自一句话就把小竹子嫁了。 //@张晓蕊rry2:少妇？小自你会不会聊天 //@猪蹄与黄豆:漂亮哈！从萌少女转变为少妇！//@佳竹INTRAVEL: 向成熟形象又迈进了一步[鼓掌]			1618031204	00	3452174732334805	1397724386357
2318296-	0		0	Sun Aug 18 08:49:45 +0800 2013			3612568809784196	3612568809784196				3612568809784196	0			0	<a href=" rel="nofollow">iPad客户端</a>	@张晓蕊rry2 有的还不错哟[good]			1618031204	00	3610875287635862	1397724386358
2318297-	0		2	Tue Jun 25 13:23:28 +0800 2013			3593068752447957	3593068752447957				3593068752447957	0			3	<a href=" rel="nofollow">iPhone客户端</a>	胖点的跟可爱[嘻嘻][嘻嘻]@rebecca鱼			1618031204	00	3593058345972727	1397724386358
2318298-	0		4	Fri Sep 14 11:45:28 +0800 2012			3490125927451941	3490125927451941				3490125927451941	0		#	0	<a href=" rel="nofollow">蚂蜂窝旅行</a>	今天北京的天气好，秋高气爽。赶往西站途中，平遥我来啦！【			1618031204	00	0	1397724386358
2318299-	0		1	Fri Jun 14 09:11:19 +0800 2013			3589019030197184	3589019030197184				3589019030197184	0			1	<a href=" rel="nofollow">iPhone客户端</a>	傍大款-分财产，变成富婆下一步是不是该保养小帅哥了[挖鼻屎][挖鼻屎][挖鼻屎]			1618031204	00	3589001770096650	1397724386358
2318300-	0		2	Wed Feb 20 13:05:41 +0800 2013			3547765789023735	3547765789023735				3547765789023735	0			1	<a href=" rel="nofollow">微博 weibo.com</a>	来来来，快来给豆豆涨涨粉儿[哈哈][哈哈]@张晓蕊rry2 @袁晓澜			1618031204	00	3547752409404639	1397724386359
2318301-	0		0	Sun Aug 12 17:24:28 +0800 2012			3478252444494359	3478252444494359				3478252444494359	0			0	<a href=" rel="nofollow">iPhone客户端</a>	2姐发飙了[偷笑][偷笑] //@张晓蕊rry2:就是藏獒就是藏獒。//@狮泉河畔藏野驴: 绝对不是藏獒//@张晓蕊rry2: 就2个月前嘛，在西藏都粉嫩 //@茉莉香片1982:那个时候的2姐也是相当粉嫩嘛[偷笑][偷笑]			1618031204	00	3477641737257533	1397724386359
2318302-	0		0	Fri May 25 09:02:57 +0800 2012			3449497592190244	3449497592190244				3449497592190244	0			0	<a href=" rel="nofollow">iPhone客户端</a>	要转正了？			1618031204	00	3449497072017015	1397724386359
2318303-	0		3	Sun Jun 24 09:47:47 +0800 2012			3460380511053247	3460380511053247				3460380511053247	0			0	<a href=" rel="nofollow">iPhone客户端</a>	快来吧，小萝莉，等你哈[偷笑] //@soleil___:去北京去北京我要去北京[酷][酷][酷]			1618031204	00	3460376370700755	1397724386359
2318304-	0		0	Mon Oct 01 23:48:43 +0800 2012			3496468537576663	3496468537576663				3496468537576663	0			1	<a href=" rel="nofollow">iPhone客户端</a>	 @张晓蕊rry2 风华正胖羡慕忌妒恨啦[偷笑][偷笑] //@风华正胖:不要让我恨你。			1618031204	00	3496467908514319	1397724386360
2318305-	0		1	Wed Jun 06 00:23:29 +0800 2012			3453715530673019	3453715530673019				3453715530673019	0			3	<a href=" rel="nofollow">iPhone客户端</a>	都是似曾相识的桥段 //@新闻人艾君:我坚决相信，这样的学校不止这一所。我儿子上高中后，谈及他的初中生活，泪水哗哗地流。作为父母，我只知道他那时整天沉默寡言，这时候才知道孩子过了几年怎样不堪的日子。			1618031204	00	3453535410548133	1397724386360
2318306-	0		0	Thu May 31 10:11:20 +0800 2012			3451689127929522	3451689127929522				3451689127929522	0			0	<a href=" rel="nofollow">微博 weibo.com</a>	好玩，也想到了镜花缘耶[哈哈]			1618031204	00	3451686310185835	1397724386360
2318307-	0		0	Mon Sep 24 00:12:29 +0800 2012			3493575431932528	3493575431932528				3493575431932528	0			0	<a href=" rel="nofollow">iPhone客户端</a>	 @靓靓happiness @张晓蕊rry2 @我的小凄凉 @化外狂封 都收了作为装包参考！ //@蚂蜂窝旅游攻略:#蜂周刊#欢迎光临“蚂蜂窝-小组”。只属于旅行家的组织[hold住] 秘密入口：			1618031204	00	3492386254999751	1397724386360
2318308-	0		3	Mon Feb 11 19:14:02 +0800 2013			3544597005316000	3544597005316000				3544597005316000	0		#	0	<a href=" rel="nofollow">蚂蜂窝旅行</a>	硬菜啤酒鱼上菜咯(#馋)(#馋)(#馋)【 @嗡嗡官方微博）			1618031204	00	0	1397724386361
2318309-	0		0	Sat Apr 27 13:16:25 +0800 2013			3571686089268106	3571686089268106				3571686089268106	0			0	<a href=" rel="nofollow">微博 weibo.com</a>	[吃惊][吃惊][吃惊]可怕，人传人了速度就不堪设想了[吃惊]			1618031204	00	3571684164298884	1397724386361
2318310-	0		0	Wed Jun 19 10:27:45 +0800 2013			3590850200533638	3590850200533638				3590850200533638	0			0	<a href=" rel="nofollow">iPhone客户端</a>	[吃惊][吃惊]@索南彭措2012  //@ZhangYang��:在国内，空中撞车太危险啦！			1618031204	00	3590814208520814	1397724386361
2318311-	0		0	Tue Oct 30 23:45:33 +0800 2012			3506976988004647	3506976988004647				3506976988004647	0			1	<a href=" rel="nofollow">iPhone客户端</a>	[右哼哼][左哼哼] 怎么就妖媚了，明明很青春//@风华正胖:妖媚//@茉莉香片1982: 貌似又是[思考][思考] //@张晓蕊rry2:头像不错，又是我拍的吧//@茉莉香片1982: 冬天不能没有暖宝宝[泪][泪] 我这真不是广告//@风华正胖:还用暖宝宝呢？傻妞，有不充电的不用，傻不傻啊			1618031204	00	3506965936314479	1397724386362
2318312-	0		6	Wed Mar 06 14:17:00 +0800 2013			3552857171357745	3552857171357745				3552857171357745	0			0	<a href=" rel="nofollow">iPhone客户端</a>	那今后商家卖鞋，会不会也要提高税率了啊[衰][衰][衰]			1618031204	00	3552856218928577	1397724386362
2318313-	0		2	Mon Jan 14 09:45:51 +0800 2013		type:Pointcoordinates:#39.914314#116.459755	3534307148776974	3534307148776974				3534307148776974	0		#	0	<a href=" rel="nofollow">iPhone客户端</a>	大家都改上班时间了吗？这个点儿了地铁这么多人[晕][晕][晕] 我在:			1618031204	00	0	1397724386362
2318314-	0		0	Mon Oct 15 17:38:30 +0800 2012			3501448798951393	3501448798951393				3501448798951393	0			0	<a href=" rel="nofollow">iPhone客户端</a>	 @emmaxiao  //@小五在路上:有点high@揣口呆QC @你叫喃 @小四其实是小宇			1618031204	00	3501446856941208	1397724386362
2318315-	0		0	Wed Mar 20 22:19:41 +0800 2013			3558052068567838	3558052068567838				3558052068567838	0			1	<a href=" rel="nofollow">iPad客户端</a>	同求[偷笑][偷笑] //@维他命肉丸子: 强烈要求入原始股。[哈哈]//@张晓蕊rry2: //@方出神:必须帮CEO转一转，不日即将上市，不容错过。			1618031204	00	3557562387886325	1397724386363
2318316-	0		3	Fri Sep 07 23:02:20 +0800 2012			3487759555189231	3487759555189231				3487759555189231	0			0	<a href=" rel="nofollow">iPhone客户端</a>	太喜欢他了，今晚男学员唱的真好！梁博的花火赞！！那首等你爱我也赞！！ //@风华正胖:好妖的男人。 //@茉莉香片1982:我最最最最喜欢张玮，太太太太棒啦！@风华正胖			1618031204	00	3487756514316883	1397724386363
2318317-	0		1	Tue Dec 18 20:32:06 +0800 2012			3524685314415932	3524685314415932				3524685314415932	0			1	<a href=" rel="nofollow">微博 weibo.com</a>	犀利[good]//@写字李华良: 他没倒，还继续是光明正大的高官。//@淡蓝色的梦境: //@fen1234: [给力]//@润德森03: //@木尔：[给力]“贪官倒了，是因为他倒了，所以他成了贪官了”。			1618031204	00	3524666478001659	1397724386363
2318318-	0		1	Sat Jan 05 08:36:35 +0800 2013			3531028230309846	3531028230309846				3531028230309846	0			1	<a href=" rel="nofollow">iPhone客户端</a>	[偷笑][偷笑]@索南彭措2012			1618031204	00	3531016583035977	1397724386363
2318319-	0		0	Wed Jul 17 18:34:24 +0800 2013			3601119534023917	3601119534023917				3601119534023917	0			1	<a href=" rel="nofollow">iPad客户端</a>	@张晓蕊rry2 大悦城是太繁华了么，最近总有事[衰][衰]			1618031204	00	3601115905761571	1397724386364
2318320-	0		0	Mon Sep 03 00:21:06 +0800 2012			3485967442674515	3485967442674515				3485967442674515	0			1	<a href=" rel="nofollow">iPhone客户端</a>	去斯里兰卡啊[偷笑][偷笑]			1618031204	00	3485944063264443	1397724386364
2318321-	0		1	Sat Jun 16 19:03:10 +0800 2012			3457621182760548	3457621182760548				3457621182760548	0			0	<a href=" rel="nofollow">iPhone客户端</a>	真像样啊，大家合计下集体杀过去呗[馋嘴][馋嘴]			1618031204	00	3457618528303889	1397724386364
2318322-	0		0	Wed Dec 19 14:49:06 +0800 2012			3524961383328644	3524961383328644				3524961383328644	0			0	<a href=" rel="nofollow">微博 weibo.com</a>	@张晓蕊rry2 你看看//@丁补之: 得丁补之手书者入住，可折上再半。窗外玉龙雪山，边城�上小�//@彭�手札: 南方都市报 前特别报道部主任 中国第一个揭露艾滋病的记者 @喻尘 在丽江白沙开办的客栈。报上 杨某姓名，五折优惠。			1618031204	00	3524673369633097	1397724386365
2318323-	0		1	Tue Nov 20 23:49:18 +0800 2012			3514588093971161	3514588093971161				3514588093971161	0			1	<a href=" rel="nofollow">iPhone客户端</a>	FUCK！太变态了！ //@青春无敌的刘婶儿:@麻辣小龙虾PP @鹰杀 @小熊的爪爪 @Landyxiaoxiao @sophyia @孙军德 @天蝎座的周文文 @特导 开车的坐车的走高速的必须学习/这个必须转!朋友们请一定仔细看完，互相转告珍惜生命			1618031204	00	3496657695650337	1397724386365
2318324-	0		0	Sat Sep 29 00:08:33 +0800 2012		type:Pointcoordinates:#39.872646#116.46976	3495386364391874	3495386364391874				3495386364391874	0			0	<a href=" rel="nofollow">iPhone客户端</a>	虽然吴莫愁唱的歌我真心还是受不了，不过这个女孩子性格是挺可爱滴[偷笑][偷笑] 我在:			1618031204	00	0	1397724386365
2318325-	0		0	Fri Jan 25 09:31:30 +0800 2013			3538289808376325	3538289808376325				3538289808376325	0			0	<a href=" rel="nofollow">iPhone客户端</a>	 @rebecca鱼  //@电影集结号:好期待啊，谢耳朵新剧！			1618031204	00	3537937142693880	1397724386365
2318326-	0		0	Mon Aug 06 09:43:30 +0800 2012			3475962110556954	3475962110556954				3475962110556954	0			1	<a href=" rel="nofollow">iPhone客户端</a>	各种中枪[汗] //@电影集结号:各种中枪了！！！			1618031204	00	3475770062424601	1397724386366
2318327-	0		2	Tue May 07 09:44:40 +0800 2013			3575256679738907	3575256679738907				3575256679738907	0			0	<a href=" rel="nofollow">iPhone客户端</a>	转@索南彭措2012 阅[嘻嘻]			1618031204	00	3575255157196007	1397724386366
2318328-	0		7	Sun Feb 17 09:41:59 +0800 2013		type:Pointcoordinates:#39.88087#116.46336	3546627362645478	3546627362645478				3546627362645478	0		#	0	<a href=" rel="nofollow">iPhone客户端</a>	马上上班了，美好的假期总是那么短暂。发张美食，祝愿一天好心情[嘻嘻][嘻嘻] 我在:			1618031204	00	0	1397724386366
2318329-	0		4	Mon Jan 07 22:14:07 +0800 2013			3531958749625777	3531958749625777				3531958749625777	0			1	<a href=" rel="nofollow">iPhone客户端</a>	已经超过十万了！ //@流浪de王小lu:八万啦！ //@周___大脑门儿: 四万了。[浮�][浮�] //@KOALA-坤: 现在是三万多了！真有无聊的人 //@丁文洋:关键他有2万多粉丝，每天看他“当当当”//@茉莉香片1982: [偷笑][偷笑] 我的神，我都没力气在看下去了[汗][汗]			1618031204	00	3531533145327736	1397724386367
2318330-	0		1	Wed Oct 03 00:55:07 +0800 2012			3496847631245750	3496847631245750				3496847631245750	0		#	0	<a href=" rel="nofollow">蚂蜂窝旅行</a>	这里是阿努拉德普勒的CBD，亮灯的都是银行。【			1618031204	00	0	1397724386367
2318331-	0		2	Fri Nov 09 00:42:34 +0800 2012			3510252844471677	3510252844471677				3510252844471677	0		#	0	<a href=" rel="nofollow">蚂蜂窝旅行</a>	大名鼎鼎的翠玉白菜，冒死偷拍。雕刻精巧但光泽度实属平凡无奇。【			1618031204	00	0	1397724386367
2318332-	0		0	Fri Mar 07 11:36:13 +0800 2014			3685450662849092	3685450662849092				3685450662849092	0			0	<a href=" rel="nofollow">微博 weibo.com</a>	没事儿，摔屁墩就不困了，哈哈。要开开心心过节哟！！//@rebecca鱼: [泪][泪][泪]@茉莉香片1982 刚刚在办公室又摔了个大屁墩儿，到现在还惊魂未定！这个星期的状态都差到极点了！			1618031204	00	3483784467105135	1397724386368
2318333-	0		0	Tue Jan 15 00:49:41 +0800 2013			3534534605856962	3534534605856962				3534534605856962	0			1	<a href=" rel="nofollow">iPad客户端</a>	神一样的一号线都败了[吃惊][吃惊]@索南彭措2012 我要不要搬家啊！ //@上海轨道交通俱乐部:【客流完全超出预计】北京地铁10号线在1月4日，即延伸后的第5天，客流就一举突破130万人次，把连续42年占据客流头名的北京1号线赶了下去。这一数字接近设计			1618031204	00	3532261519927768	1397724386368
2318334-	0		0	Sat Dec 21 09:09:45 +0800 2013			3657872330554881	3657872330554881				3657872330554881	0		#	1	<a href=" rel="nofollow">微博客户端</a>	新版微博客户端，好听，好看，更好玩！自定义个人封面；音、视频直接播放；好友圈―好友消息不错过；支持屏蔽广告微博；广场音乐、电影、美食等频道升级。[good]快试试一键听歌： 下载地址：			1618031204	00	0	1397724386368
2318335-	0		5	Tue Nov 20 12:25:12 +0800 2012			3514415917590535	3514415917590535				3514415917590535	0			0	<a href=" rel="nofollow">微博 weibo.com</a>	@风逝olf 你去尼泊尔人山人海了么[偷笑]			1618031204	00	3514412926773342	1397724386369
2318336-	0		2	Wed Oct 03 11:16:52 +0800 2012			3497004103838474	3497004103838474				3497004103838474	0		#	1	<a href=" rel="nofollow">蚂蜂窝旅行</a>	告别阿努拉小城，非常开心的早餐，热情的斯里兰卡waiter。【			1618031204	00	0	1397724386369
2318337-	0		1	Mon May 21 16:40:46 +0800 2012			3448163254099810	3448163254099810				3448163254099810	0			0	<a href=" rel="nofollow">iPhone客户端</a>	回家试试[馋嘴] //@全球热门伤不起:香蕉冰糕，夏天必备哦！[馋嘴]@DIY设计我的家			1618031204	00	3448103691051968	1397724386369
2318338-	0		0	Mon Jun 10 19:44:31 +0800 2013			3587728832455004	3587728832455004				3587728832455004	0		#	0	<a href=" rel="nofollow">蚂蜂窝旅行</a>	已经停止排号了。哪位绍兴的朋友给点个评。这家店为啥火成这样？已经是地球人阻止不了了啊。饥肠辘辘，等了一个半小时。(#晕)(#晕)(#晕)(#晕)(#晕)@嗡嗡官方微博 分享自绍兴N30°，E120.6°>>>			1618031204	00	0	1397724386369
2318339-	0		0	Sun Jul 15 00:05:47 +0800 2012			3467844190521687	3467844190521687				3467844190521687	0			1	<a href=" rel="nofollow">iPhone客户端</a>	好巴适[爱你] //@袁晓澜:@张晓蕊rry2 @茉莉香片1982 这夏凉快了			1618031204	00	3467694198495391	1397724386370
2318340-	0		7	Sat Sep 15 17:21:09 +0800 2012			3490572797319515	3490572797319515				3490572797319515	0		#	0	<a href=" rel="nofollow">蚂蜂窝旅行</a>	哈哈，出巡咯。POSE还成吧。【			1618031204	00	0	1397724386370
2318341-	0		4	Thu May 24 08:49:33 +0800 2012			3449131831540026	3449131831540026				3449131831540026	0			1	<a href=" rel="nofollow">iPhone客户端</a>	亲爱的，同居四年的感情真心不是浮云，谢谢你，一大早又把姐招备哭了。 //@rebecca鱼:内谁，你懂的。开心点。一大早就让姐这么文艺。兽捕鸟了。不爱特你了哈。			1618031204	00	3449129391166021	1397724386370
2318342-	0		0	Mon Apr 01 22:31:13 +0800 2013			3562403638182202	3562403638182202				3562403638182202	0			1	<a href=" rel="nofollow">微博 weibo.com</a>	这片子拍的好[good]			1618031204	00	3562394330414127	1397724386371
2318343-	0		3	Wed Sep 19 00:37:50 +0800 2012			3491769851265769	3491769851265769				3491769851265769	0			0	<a href=" rel="nofollow">iPhone客户端</a>	[偷笑][偷笑][偷笑] 多谢哈//@东-波:@茉莉香片1982 还真是			1618031204	00	3491659176253746	1397724386371
2318344-	0		3	Sun Oct 07 12:30:22 +0800 2012			3498472152110974	3498472152110974				3498472152110974	0		#	3	<a href=" rel="nofollow">蚂蜂窝旅行</a>	在peacock hotel小憩。外面就是沙滩，太美了。客栈是经济型的，标准间3000卢比一晚，人民币差不多150元。【			1618031204	00	0	1397724386371
2318345-	0		0	Mon Jul 22 23:30:38 +0800 2013			3603006031547629	3603006031547629				3603006031547629	0		#	0	<a href=" rel="nofollow">iPhone客户端</a>	新浪微博客户端换新装！全新界面，卡片化浏览体验；主页全面升级，新增高清头图；右上角更精彩，轻松扫二维码、摇周边。新浪微博客户端3.6.0为你而改变 [good]！观看视频，了解更多： 下载地址：			1618031204	00	0	1397724386371
2318346-	0		0	Tue Sep 25 16:14:49 +0800 2012			3494179981815358	3494179981815358				3494179981815358	0			0	<a href=" rel="nofollow">微博 weibo.com</a>	都很形象，火辣辣的空空和碎碎念的师傅[太开心]//@自曾晖: 敏姐真相了！绝对是@张晓蕊rry2 !白花花的妹子//@风华正胖: 空空边上的是蕊蕊么? //@袁晓澜:多么婀娜的空空啊 //@张晓蕊rry2:POSE,像不像@自曾晖 ，@风华正胖 @袁晓澜 @茉莉香片1982 @维他命肉丸子 @张旭四哥 @刘狄CYU @哲之清茶			1618031204	00	3493937472322725	1397724386372
2318347-	0		3	Fri Sep 13 19:32:10 +0800 2013			3622152572457931	3622152572457931				3622152572457931	0			1	<a href=" rel="nofollow">iPhone客户端</a>	我等8路等半小时挤不上去，腿儿到崇文门的，帝都要闹哪样[泪][泪][泪][泪]			1618031204	00	3622151804730870	1397724386372
2318348-	0		5	Sat May 19 10:57:39 +0800 2012			3447352134555227	3447352134555227				3447352134555227	0		#	0	<a href=" rel="nofollow">iPhone客户端</a>	著名的陕西历史博物馆，现在免费开放，但领票的人太多，白吃的东西不容易。花20元买了特展的票，快速通路。			1618031204	00	0	1397724386372
2318349-	0		0	Sun Mar 17 10:36:41 +0800 2013			3556787989041090	3556787989041090				3556787989041090	0			0	<a href=" rel="nofollow">iPad客户端</a>	你们都错了，他们给老外的肯定是不一样的。[挖鼻屎][挖鼻屎] //@刘启斌: 苦笑而过。。。//@丰乳肥臀Y: 害自己人也就罢了，还想去害老外吗？			1618031204	00	3556781043218774	1397724386373
2318350-	0		1	Thu Mar 07 09:56:48 +0800 2013			3553154072868748	3553154072868748				3553154072868748	0			2	<a href=" rel="nofollow">iPhone客户端</a>	唉[泪][泪][泪]帝都越来越不能生存了[衰][衰]			1618031204	00	3553151586323854	1397724386373
2318351-	0		0	Sat Sep 29 00:26:34 +0800 2012		type:Pointcoordinates:#39.873245#116.46739	3495390894208386	3495390894208386				3495390894208386	0			0	<a href=" rel="nofollow">iPhone客户端</a>	嗯，喜欢梁博弹吉他的范儿和味道，感觉没有了吉他的他就好象不是他了。最后一首歌没抱吉他，我就没感觉了[偷笑][偷笑] 我在:			1618031204	00	0	1397724386373
2318352-	0		0	Tue Aug 28 10:01:53 +0800 2012			3483939269823648	3483939269823648				3483939269823648	0			1	<a href=" rel="nofollow">iPhone客户端</a>	我大学时候也总看，还有搞怪主持姜虎东嘛[偷笑] //@匆JIA:年轻时候不懂事呀。。看过好多期呀。。不过挺好看的。。棒子准备思密达[偷笑]			1618031204	00	3483892247443058	1397724386373
2318353-	0		0	Wed Jul 11 13:15:29 +0800 2012			3466593386771731	3466593386771731				3466593386771731	0		#	0	<a href=" rel="nofollow">开心水族箱iOS版</a>	我拥有史上最萌、最梦幻的@开心水族箱 ，急需宝石【黄豆】呀~快来加我好友吧！我的ID是：1207241 .求帮助，求扩散！ 去看看:			1618031204	00	0	1397724386374
2318354-	0		0	Thu Apr 11 11:31:30 +0800 2013			3565861484915894	3565861484915894				3565861484915894	0			1	<a href=" rel="nofollow">iPad客户端</a>	@rebecca鱼 看不成了[衰][衰] //@潘宇凌: 挺风和丽日的//@卫西谛: ……一分钟版《姜戈》//@城南草木生: 这是怎样的好运气……一分钟……一分钟……一分钟……今天天气不错……			1618031204	00	3565847258099025	1397724386374
2318355-	0		0	Thu Apr 25 17:12:26 +0800 2013			3571020709222306	3571020709222306				3571020709222306	0			0	<a href=" rel="nofollow">微博 weibo.com</a>	贱人就是矫情，真那么有钱还坐公交车啊[衰][衰]			1618031204	00	3571018914617494	1397724386374
2318356-	0		0	Thu Mar 14 17:45:00 +0800 2013			3555808614355105	3555808614355105				3555808614355105	0			0	<a href=" rel="nofollow">微博 weibo.com</a>	我知道你说的是谁，极端鄙视之！！！！！			1618031204	00	3555804977849608	1397724386375
2318357-	0		0	Fri May 31 18:45:40 +0800 2013			3584090135470493	3584090135470493				3584090135470493	0			0	<a href=" rel="nofollow">微博 weibo.com</a>	好有创意，哇哈哈！！			1618031204	00	3584086528356604	1397724386375
2318358-	0		1	Tue Jul 10 00:28:43 +0800 2012			3466038043745414	3466038043745414				3466038043745414	0		#	1	<a href=" rel="nofollow">开心水族箱iOS版</a>	我拥有史上最萌、最梦幻的@开心水族箱 ，急需宝石【桃花（粉）】呀~快来加我好友吧！我的ID是：1207241 .求帮助，求扩散！ 去看看:			1618031204	00	0	1397724386375
2318359-	0		0	Tue Jan 15 00:57:11 +0800 2013			3534536502007223	3534536502007223				3534536502007223	0			0	<a href=" rel="nofollow">iPad客户端</a>	挺挤和最挤是两个级别[泪][泪][泪]			1618031204	00	3532261519927768	1397724386375
2318360-	0		8	Thu May 24 00:05:53 +0800 2012			3449000046577746	3449000046577746				3449000046577746	0			1	<a href=" rel="nofollow">iPhone客户端</a>	[泪][泪][泪][泪][泪][泪][泪][泪][泪][泪][泪][泪][泪][泪][泪][泪][泪][泪][泪][泪][泪][泪][泪][泪][泪][泪][泪][泪][泪][泪][泪][泪][泪][泪]			1618031204	00	0	1397724386376
2318361-	0		2	Fri Feb 22 10:55:45 +0800 2013			3548457870165934	3548457870165934				3548457870165934	0			1	<a href=" rel="nofollow">微博 weibo.com</a>	@张晓蕊rry2 @123_溜豆豆 @翟磊 @袁晓澜 @维他命肉丸子 大家响应吧，不一一艾特了。//@神仙农场: 下周末呗 //@茉莉香片1982:那找个时间走起吧。//@维他命肉丸子: 2天团的节日，独乐乐不如众乐乐~~//@张晓蕊rry2: 节日快乐！//			1618031204	00	3548303843177812	1397724386376
2318362-	0		1	Mon Dec 31 22:16:01 +0800 2012			3529422508791280	3529422508791280				3529422508791280	0			1	<a href=" rel="nofollow">iPhone客户端</a>	这版这么好么？期待[花心][花心] //@玄圭媛:我真是太太期待这版悲惨世界了。这本给了我一生的信仰和力量的故事。			1618031204	00	3529234134205798	1397724386376
2318363-	0		0	Fri Apr 26 19:30:35 +0800 2013			3571417868456918	3571417868456918				3571417868456918	0			1	<a href=" rel="nofollow">iPhone客户端</a>	[吃惊][吃惊]			1618031204	00	3571401702942408	1397724386377
2318364-	0		2	Mon May 13 18:02:01 +0800 2013			3577556168747317	3577556168747317				3577556168747317	0			0	<a href=" rel="nofollow">微博 weibo.com</a>	北上广这个收入，估计只能租地下室住[衰]//@张大伟113: 有这个可能性，没算公务员和党员//@茉莉香片1982: 3000万的数据怎么得来的，怎么可能[衰]			1618031204	00	3577553610237308	1397724386377
2318365-	0		0	Mon Mar 11 09:54:58 +0800 2013			3554603167671964	3554603167671964				3554603167671964	0			0	<a href=" rel="nofollow">iPhone客户端</a>	[生病][生病][生病]			1618031204	00	3554592341685514	1397724386377
2318366-	0		0	Tue Aug 28 15:54:17 +0800 2012			3484027954311312	3484027954311312				3484027954311312	0			0	<a href=" rel="nofollow">微博 weibo.com</a>	[偷笑]只转不评//@于建嵘: 不许这样说文工团的女团员！			1618031204	00	3483625020508430	1397724386377
2318367-	0		8	Wed Dec 19 18:49:46 +0800 2012			3525021945225327	3525021945225327				3525021945225327	0		#	0	<a href=" rel="nofollow">蚂蜂窝旅行</a>	泰�的答谢会，果然很泰国啊(#色)茉莉香片的#足迹#【			1618031204	00	0	1397724386378
2318368-	0		1	Mon Dec 17 22:25:36 +0800 2012			3524351485332084	3524351485332084				3524351485332084	0			0	<a href=" rel="nofollow">iPad客户端</a>	@李信玲 哈哈，你快去领！			1618031204	00	3524344577384688	1397724386378
2318369-	1		3	Tue Jun 04 02:54:19 +0800 2013			3585300272206224	3585300272206224				3585300272206224	0			0	<a href=" rel="nofollow">iPad客户端</a>	@rebecca鱼 我又不争气的失眠了。你说我们这么善良单纯的孩纸怎么总被抛进命运的漩涡里去思考那些个残酷的命题。真是要好人不长命祸害活千年么[泪][泪]摇个号也屡不中啊，幸亏我还没把精神寄托到买彩票[衰][衰]你啥时候有空求饭局啊！			1618031204	00	0	1397724386378
2318370-	0		0	Tue Feb 05 10:42:51 +0800 2013			3542294030013465	3542294030013465				3542294030013465	0		#	0	<a href=" rel="nofollow">勋章馆</a>	我已成为微博准会员，刚刚获得了【准会员】专属勋章，八种特权免费享！开通会员			1618031204	00	0	1397724386379
2318371-	0		0	Thu Aug 02 16:44:36 +0800 2012			3474618541667619	3474618541667619				3474618541667619	0		#	0	<a href=" rel="nofollow">蚂蜂窝旅行</a>	旅行是生命的养料，我刚刚下载了蚂蜂窝【摆脱旅行纪念照】#旅游攻略#。旅游出行，攻略在手，行程无忧！你准备去哪里旅行呢？[疑问]快来看看吧！[围观]  (@蚂蜂窝旅游攻略)			1618031204	00	0	1397724386379
2318372-	0		0	Tue Aug 28 19:18:49 +0800 2012			3484079426850910	3484079426850910				3484079426850910	0			2	<a href=" rel="nofollow">微博 weibo.com</a>	右边的盆友，这是事实嘛，不然你觉得嘞[偷笑]//@刘启斌: 右边的能不能不要形容得这么惨烈呢！[偷笑][偷笑]//@茉莉香片1982: 我靠，多鲜明的对比啊，上面的简直就是人间惨剧啊！！			1618031204	00	3484067146666221	1397724386379
2318373-	0		0	Thu Oct 31 11:18:10 +0800 2013			3639422866200919	3639422866200919				3639422866200919	0			0	<a href=" rel="nofollow">iPhone客户端</a>	必须会！ //@张晓蕊rry2:这么美好的事会不会落在我们头上呢//@ATM和vivi的世界:@Gaara_ran @金花和金瓜 @张晓蕊rry2 //@张晓蕊rry2: @茉莉香片1982 @靓靓happiness @周文熙matthew //@孙雪东: @西山猪倌 @张晓蕊rry2 @陈昊-Hawk lets go to Vancouver 2!			1618031204	00	3636572064797449	1397724386379
2318374-	0		0	Tue Sep 03 21:07:47 +0800 2013			3618552756151474	3618552756151474				3618552756151474	0			1	<a href=" rel="nofollow">iPad客户端</a>	@索南彭措2012 你抓紧了，估计回家还能看下半场 //@ZhangYang��: @兔奶爸王冠			1618031204	00	3618551586218805	1397724386380
2318375-	0		8	Sat Sep 08 21:38:40 +0800 2012			3488100900431575	3488100900431575				3488100900431575	0			0	<a href=" rel="nofollow">微博 weibo.com</a>	又仔细的听了几遍“无言”，闭着眼睛听的喔。感觉还是卓义峰唱的更好一点。这首歌唱的真好听。			1618031204	00	0	1397724386380
2318376-	0		1	Fri Oct 26 10:35:53 +0800 2012			3505328710374489	3505328710374489				3505328710374489	0			0	<a href=" rel="nofollow">iPhone客户端</a>	奴颜媚骨[怒][怒] //@孟庆德://@聚贤德之淋: 寒心！[心]			1618031204	00	3505316865784088	1397724386380
2318377-	0		4	Sun Sep 30 09:42:45 +0800 2012			3495893255220698	3495893255220698				3495893255220698	0		#	0	<a href=" rel="nofollow">蚂蜂窝旅行</a>	hello，吉隆坡，我来了。到酒店还有一小时车程。【			1618031204	00	0	1397724386380
2318378-	0		0	Wed Oct 09 22:41:45 +0800 2013			3631622371163753	3631622371163753				3631622371163753	0			0	<a href=" rel="nofollow">Android客户端</a>	人家路飞是草帽啊亲。[偷笑][偷笑][偷笑]//@张晓蕊rry2:矮马，胡德普 @茉莉香片1982			1618031204	00	3631612543218398	1397724386381
2318379-	0		0	Fri Jul 06 17:22:33 +0800 2012			3464843610937866	3464843610937866				3464843610937866	0		#	0	<a href=" rel="nofollow">蚂蜂窝旅行</a>	#带着微博去旅行#旅行是生命的养料，我刚刚下载了蚂蜂窝【青旅实习生】#攻略路书#。旅游出行，攻略在手，行程无忧！你准备去哪里旅行呢？[疑问]快来看看吧！[围观]  (@蚂蜂窝旅游攻略)			1618031204	00	0	1397724386381
2318380-	0		1	Tue Aug 07 00:41:42 +0800 2012			3476188158473003	3476188158473003				3476188158473003	0			0	<a href=" rel="nofollow">iPhone客户端</a>	[爱心传递] //@全球热门伤不起:那时我们多幸福			1618031204	00	3475986429628900	1397724386381
2318381-	0		1	Fri Sep 06 19:42:01 +0800 2013		type:Pointcoordinates:#39.93914#116.40323	3619618327410363	3619618327410363				3619618327410363	0			0	<a href=" rel="nofollow">iPhone客户端</a>	南锣真不是清净之地了，卖个煎饼果子为啥要排那么长的队[晕][晕][晕][吃惊][吃惊][吃惊] 我在:			1618031204	00	0	1397724386382
2318382-	0		0	Wed Jan 30 10:55:14 +0800 2013			3540122819362056	3540122819362056				3540122819362056	0			0	<a href=" rel="nofollow">微博 weibo.com</a>	这也叫公布真实照片呀，完全看不见！//@孙涛律师的微博: 2012年最神秘的女子！			1618031204	00	3540116368647520	1397724386382
2318383-	0		0	Mon May 20 14:01:43 +0800 2013			3580032414423647	3580032414423647				3580032414423647	0			1	<a href=" rel="nofollow">微博 weibo.com</a>	到时候带上闺蜜去看。@TinaWu2011 @sophyia @rebecca鱼 必须不能错过呀。//@被打扰的绿: 被偷走的那五年~			1618031204	00	3579994142156631	1397724386382
2318384-	0		0	Sun Jan 13 16:53:28 +0800 2013			3534052373990774	3534052373990774				3534052373990774	0			2	<a href=" rel="nofollow">微博 weibo.com</a>	这明明是我几个月前发掘出来艾特你的么！！！//@张晓蕊rry2: @茉莉香片1982			1618031204	00	3533767362810962	1397724386382
2318385-	0		0	Sun Dec 09 19:09:04 +0800 2012			3521402924084224	3521402924084224				3521402924084224	0		#	0	<a href=" rel="nofollow">iPhone客户端</a>	开心麻花年年有，今年＂夏洛特烦恼＂。鼓掌、撒花，等剧开始[鲜花][鲜花][鲜花][鲜花]			1618031204	00	0	1397724386383
2318386-	0		1	Sun Aug 18 00:39:45 +0800 2013			3612445505874376	3612445505874376				3612445505874376	0			0	<a href=" rel="nofollow">iPad客户端</a>	这个很赞。恐怕假期成问题[泪] //@经典英文语录: 这个好赞！			1618031204	00	3612344984949626	1397724386383
2318387-	0		0	Mon Aug 20 23:43:18 +0800 2012			3481246895831862	3481246895831862				3481246895831862	0			1	<a href=" rel="nofollow">iPhone客户端</a>	那跟我们去斯里兰卡啊[挖鼻屎][挖鼻屎] //@风华正胖:能流浪的至少是青年，老人含泪飘过。//@太多人叫张宁:伪文艺青年[嘻嘻] //@茉莉香片1982:@太多人叫张宁 原来你是文艺青年啊[偷笑] //@张晓蕊rry2:回复@茉莉香片1982:文艺青年总相逢 //			1618031204	00	3481064494749275	1397724386383
2318388-	0		0	Sat Sep 22 01:15:05 +0800 2012			3492866397209404	3492866397209404				3492866397209404	0			1	<a href=" rel="nofollow">iPhone客户端</a>	必须赞一个[good][good] //@红伟胡:沉默，好像我还没做过让自己佩服的事情//@张晓蕊rry2: [嘻嘻][威武]			1618031204	00	3490656687587090	1397724386383
2318389-	0		0	Tue Jun 11 09:40:58 +0800 2013			3587939328048284	3587939328048284				3587939328048284	0		#	0	<a href=" rel="nofollow">蚂蜂窝旅行</a>	雨中游鲁迅故居。人很多，但是越剧真蛮好听的(#赞)(#赞)(#赞)@嗡嗡官方微博 分享自绍兴N30°，E120.6°>>>			1618031204	00	0	1397724386384
2318390-	0		2	Fri Sep 07 22:51:37 +0800 2012			3487756854377606	3487756854377606				3487756854377606	0			2	<a href=" rel="nofollow">iPhone客户端</a>	我最最最最喜欢张玮，太太太太棒啦！@风华正胖			1618031204	00	3487756514316883	1397724386384
2318391-	0		27	Mon May 21 13:56:00 +0800 2012			3448121789467096	3448121789467096				3448121789467096	0		#	2	<a href=" rel="nofollow">iPhone客户端</a>	刚刚自己掰的馍已经泡好了[馋嘴][馋嘴]热气腾腾的，开动咯[馋嘴][馋嘴]			1618031204	00	0	1397724386384
2318392-	0		3	Tue Aug 06 03:21:34 +0800 2013			3608137565425626	3608137565425626				3608137565425626	0			0	<a href=" rel="nofollow">iPad客户端</a>	真的可以吗？连续失眠两天了[抓狂][抓狂] //@经典英文语录: 实用手操，转给身边有需要的人！！！[嘻嘻]			1618031204	00	3607886041626778	1397724386384
2318393-	0		4	Tue Oct 16 09:48:23 +0800 2012			3501692878387464	3501692878387464				3501692878387464	0			1	<a href=" rel="nofollow">iPhone客户端</a>	我身为摄影师[偷笑][偷笑] //@化外狂封:身为大厨，十分荣幸哇 //@靓靓happiness:话说做得还不错，是我们在斯里兰卡不多的蔬菜餐啊~[泪]			1618031204	00	3501513210999311	1397724386385
2318394-	0		0	Fri Oct 05 23:23:04 +0800 2012			3497911646383357	3497911646383357				3497911646383357	0			0	<a href=" rel="nofollow">iPhone客户端</a>	哈哈、好正太啊			1618031204	00	3497888930308110	1397724386385
2318395-	0		0	Fri Apr 19 15:05:34 +0800 2013			3568814463552200	3568814463552200				3568814463552200	0			1	<a href=" rel="nofollow">微博 weibo.com</a>	那我必须去啊，风车之国，我喜欢[得意地笑]@张晓蕊rry2 @靓靓happiness @风逝olf //@颜小孩: 现在在贵阳开会，明天为了这个还得一早飞回去[晕]虽然报名已经截止，想去玩的，家住附近的，正好闲着没事儿的，尤其是那些想见我的，就来凑个热闹吧[偷笑][偷笑][偷笑] @蔡志勇_CC @茉莉香片1982 你俩必须来			1618031204	00	3567765015523979	1397724386385
2318396-	0		0	Tue Mar 05 10:29:25 +0800 2013			3552437509989446	3552437509989446				3552437509989446	0			1	<a href=" rel="nofollow">微博 weibo.com</a>	@张晓蕊rry2 @索南彭措2012 @sophyia 我要机票我要机票！！			1618031204	00	3552436923143622	1397724386386
2318397-	0		0	Sun Sep 30 09:37:54 +0800 2012			3495892042680302	3495892042680302				3495892042680302	0		#	0	<a href=" rel="nofollow">蚂蜂窝旅行</a>	old town咖啡，可惜没找到POI，我在吉隆坡啦各位亲。【			1618031204	00	0	1397724386386
2318398-	0		0	Thu May 09 09:58:45 +0800 2013			3575984999569330	3575984999569330				3575984999569330	0			1	<a href=" rel="nofollow">iPhone客户端</a>	[害羞][害羞][害羞]			1618031204	00	3575982722401735	1397724386386
2318399-	0		1	Fri Apr 04 09:11:53 +0800 2014			3695561205249666	3695561205249666				3695561205249666	0			0	<a href=" rel="nofollow">iPad客户端</a>	//@17幸福8老板娘:转发微博			1618031204	00	3695419417378819	1397724386387
2318400-	1		0	Tue Mar 19 11:36:05 +0800 2013			3557527708868895	3557527708868895				3557527708868895	0			3	<a href=" rel="nofollow">iPhone客户端</a>	[吐][吐] @索南彭措2012 //@云是浮得:@半枪 //@狄敏霞: 被动吸二手烟者在哭[泪] //@李开复://@薛蛮子:吸烟者和想吸烟者注意了！ //@北京大学肿瘤医院: 回复@胡图图_1:所以手术鸟 //@胡图图_1:肺都成这样了，还能呼吸？ //@北京大学肿瘤医院:烟草危害大，早戒早健康			1618031204	00	3557337169948659	1397724386387
2318401-	0		0	Sun Jul 22 23:52:07 +0800 2012			3470739866529362	3470739866529362				3470739866529362	0			1	<a href=" rel="nofollow">iPhone客户端</a>	//@陶红兵:不敢想象这是京港澳高速公路，水下公路？水下还有84辆车，祈祷所有驾驶员乘客全部脱险[心]			1618031204	00	3470700889480553	1397724386387
2318402-	0		2	Tue Apr 16 16:58:55 +0800 2013			3567755825237033	3567755825237033				3567755825237033	0			1	<a href=" rel="nofollow">微博 weibo.com</a>	//@张晓蕊rry2: @茉莉香片1982 @魏莱 @神仙农场			1618031204	00	3554772516671284	1397724386387
2318403-	0		1	Fri Jul 19 17:09:18 +0800 2013			3601822893672021	3601822893672021				3601822893672021	0			0	<a href=" rel="nofollow">iPad客户端</a>	正装也是萌物啊[哈哈]@rebecca鱼 			1618031204	00	3601820959803309	1397724386388
2318404-	0		2	Tue Dec 04 09:50:40 +0800 2012			3519450458542884	3519450458542884				3519450458542884	0			0	<a href=" rel="nofollow">iPhone客户端</a>	[偷笑][偷笑]所谓十年磨一剑，他们都是商人[浮云]			1618031204	00	3519443008968443	1397724386388
2318405-	0		0	Sun Mar 24 21:39:58 +0800 2013			3559491620694317	3559491620694317				3559491620694317	0			0	<a href=" rel="nofollow">iPad客户端</a>	[馋嘴][馋嘴]			1618031204	00	3559055275037488	1397724386388
2318406-	0		0	Sat Apr 13 17:19:33 +0800 2013			3566673854362614	3566673854362614				3566673854362614	0			0	<a href=" rel="nofollow">iPad客户端</a>	恐怕这得去美帝才能实现了[泪][泪][泪] //@经典英文语录: 以后的家一定要有个精致的厨房！			1618031204	00	3565550339317261	1397724386389
2318407-	0		0	Tue Oct 16 12:03:50 +0800 2012			3501726969254776	3501726969254776				3501726969254776	0			0	<a href=" rel="nofollow">iPhone客户端</a>	俗话说，打打更健康啊亲[偷笑][偷笑] //@靓靓happiness:就是你们总打架！[汗] //@张晓蕊rry2:回复@化外狂封:就是总打架 //@化外狂封:我觉得我们是个非常好的团队  //@靓靓happiness:话说做得还不错，是我们在斯里兰卡不多的蔬菜餐啊~[泪]			1618031204	00	3501513210999311	1397724386389
2318408-	0		0	Thu Nov 08 01:28:41 +0800 2012			3509902049526182	3509902049526182				3509902049526182	0		#	0	<a href=" rel="nofollow">蚂蜂窝旅行</a>	虽然不能到士林夜市，但是，台北小吃我来啦！【			1618031204	00	0	1397724386389
2318409-	0		0	Tue Feb 12 00:00:38 +0800 2013			3544669135029208	3544669135029208				3544669135029208	0			0	<a href=" rel="nofollow">iPhone客户端</a>	回复@酩酊河水妖:警察叔叔来给解决了，耶，这边的警察叔叔好热情。[嘻嘻][嘻嘻][嘻嘻] //@酩酊河水妖:把它运营倒闭！			1618031204	00	3544653297063669	1397724386389
2318410-	0		7	Wed Dec 12 16:06:00 +0800 2012			3522444016797726	3522444016797726				3522444016797726	0			0	<a href=" rel="nofollow">微博 weibo.com</a>	好欢乐啊，哈哈。@姚晨			1618031204	00	3522434231441672	1397724386390
2318411-	0		0	Thu Nov 22 22:40:14 +0800 2012			3515295480395943	3515295480395943				3515295480395943	0			1	<a href=" rel="nofollow">iPhone客户端</a>	[花心][花心][花心] 哪里有卖//@张晓蕊rry2:[太开心]			1618031204	00	3515284663190475	1397724386390
2318412-	1		0	Sun Aug 11 17:39:03 +0800 2013			3610165301219831	3610165301219831				3610165301219831	0			0	<a href=" rel="nofollow">iPad客户端</a>	nice[good][good] //@潇洒石小姐: 转发微博			1618031204	00	3609406686083901	1397724386390
2318413-	0		3	Thu Apr 04 01:05:17 +0800 2013			3563167172630375	3563167172630375				3563167172630375	0			0	<a href=" rel="nofollow">iPad客户端</a>	自总您这是打算出手接盘了吗[偷笑][偷笑]			1618031204	00	3563156598964849	1397724386390
2318414-	0		9	Sun Jun 24 20:27:37 +0800 2012		type:Pointcoordinates:#28.186457#113.220436	3460541529893644	3460541529893644				3460541529893644	0			0	<a href=" rel="nofollow">iPhone客户端</a>	天津机场有什么可以到北京的交通工具么？晚11点以后。 			1618031204	00	0	1397724386391
2318415-	0		3	Thu Sep 20 09:41:47 +0800 2012			3492269136953375	3492269136953375				3492269136953375	0			0	<a href=" rel="nofollow">iPhone客户端</a>	一句话，出国！别在国内挤人头啊亲[偷笑]			1618031204	00	3492259192600671	1397724386391
2318416-	0		0	Mon Jun 10 20:45:04 +0800 2013			3587744070175437	3587744070175437				3587744070175437	0		#	0	<a href=" rel="nofollow">蚂蜂窝旅行</a>	古城熏鱼加绿茶饼@嗡嗡官方微博 分享自绍兴N30°，E120.6°>>>			1618031204	00	0	1397724386391
2318417-	0		0	Sun Aug 11 23:24:25 +0800 2013			3610252212009142	3610252212009142				3610252212009142	0			0	<a href=" rel="nofollow">iPhone客户端</a>	回复@chenj_16:谢谢，我们还没到康庄，不知过了康庄是否通畅？[思考][思考] //@chenj_16:过了这个收费口，大车和火车原则上要分流，各自只有一条车道，所以拥堵一直到康庄。我刚过来，也是一路堵了快四个小时 //@茉莉香片1982: @交通北京 什么情况！！！			1618031204	00	3610235799786295	1397724386391
2318418-	0		0	Tue Dec 18 10:08:53 +0800 2012			3524528473263046	3524528473263046				3524528473263046	0			0	<a href=" rel="nofollow">iPhone客户端</a>	好期待呀，肯定比十飞九黄的机场靠谱[嘻嘻][嘻嘻]			1618031204	00	3524525997930247	1397724386392
2318419-	0		2	Sun Aug 25 15:09:25 +0800 2013			3615201079090419	3615201079090419				3615201079090419	0			1	<a href=" rel="nofollow">360安全浏览器</a>	@张晓蕊rry2 你看这里骑车不错哟			1618031204	00	3615193592621384	1397724386392
2318420-	0		0	Tue Feb 12 18:38:37 +0800 2013			3544950475913820	3544950475913820				3544950475913820	0		#	0	<a href=" rel="nofollow">蚂蜂窝旅行</a>	著名的柴火披萨，尝一尝。沙拉：鸡肉菠萝。(#馋)(#馋)【 @嗡嗡官方微博）			1618031204	00	0	1397724386392
2318421-	0		1	Thu May 16 11:33:13 +0800 2013			3578545492454783	3578545492454783				3578545492454783	0			1	<a href=" rel="nofollow">iPad客户端</a>	太可怕了。每次看到抽风的电梯门都担心会发生这样的时期，没想到真的发生了[吃惊][吃惊]			1618031204	00	3578542325762001	1397724386393
2318422-	0		0	Mon Apr 08 19:38:02 +0800 2013			3564896769823238	3564896769823238				3564896769823238	0			1	<a href=" rel="nofollow">iPhone客户端</a>	矮油恭喜，有金子招牌啦[嘻嘻][嘻嘻] //@神仙农场:@风华正胖 @茉莉香片1982 @龚小锋gxf @北京水瓶小豆 @热爱农业的老赵			1618031204	00	3564881195969649	1397724386393
2318423-	0		0	Mon Feb 11 11:40:05 +0800 2013			3544482760509267	3544482760509267				3544482760509267	0		#	0	<a href=" rel="nofollow">蚂蜂窝旅行</a>	烟雨漓江。景区入口，要上小小竹筏江中游啦(#鼓掌)(#鼓掌)(#鼓掌)(#鼓掌)【 @嗡嗡官方微博）			1618031204	00	0	1397724386393
2318424-	1		2	Tue Jul 09 21:38:22 +0800 2013			3598266724154474	3598266724154474				3598266724154474	0			0	<a href=" rel="nofollow">iPad客户端</a>	为毛总觉得他说得都是乌鸦嘴呢。[衰][衰][衰]不会是要跌了吧。			1618031204	00	3598209702193984	1397724386393
2318425-	0		1	Thu Aug 30 21:31:05 +0800 2012			3484837488367218	3484837488367218				3484837488367218	0			1	<a href=" rel="nofollow">iPhone客户端</a>	回复@王君璐:七夕很快乐，再祝大家中秋节快乐。[哈哈][心] //@王君璐:@蚂蜂窝旅游攻略 @茉莉香片1982 //@王君璐:祝大家七夕快乐，幸福美满。 @天蝎座李背包 @水瓶座杜小胖			1618031204	00	3481957989835006	1397724386394
2318426-	0		0	Tue Feb 25 14:18:14 +0800 2014			3681867557394058	3681867557394058				3681867557394058	0			1	<a href=" rel="nofollow">微博 weibo.com</a>	两会的时候有没有好心的代表提个案，能不能不啥卡都指定要办工行的？工行的业务真心是不专程请一天假耗在那里是办不成的。可是为了取一张两个月前上网申请办理的牡丹交通卡，就专门请一天假我觉得效率也太低了吧！好像我请一天假就为了自取快递的感觉！			1618031204	00	0	1397724386394
2318427-	0		1	Sat Apr 27 14:30:26 +0800 2013			3571704716236878	3571704716236878				3571704716236878	0			2	<a href=" rel="nofollow">微博 weibo.com</a>	唉，人生总是这样十年河东十年河西。[蜡烛]			1618031204	00	3571704300961275	1397724386394
2318428-	0		1	Wed Jun 05 09:59:20 +0800 2013			3585769618805889	3585769618805889				3585769618805889	0			0	<a href=" rel="nofollow">iPhone客户端</a>	无语[汗][汗] //@张大伟113:诶//@赵春雷: 吾国吾民			1618031204	00	3585765038151720	1397724386394
2318429-	0		0	Tue Aug 07 19:22:01 +0800 2012			3476470087285619	3476470087285619				3476470087285619	0			0	<a href=" rel="nofollow">微博 weibo.com</a>	[阴险]基情//@玄圭媛: 神最右 //@himiko:→_→//@�祈: →_→//@花XX_Ginger: →_→//@hugginger:李宗伟内牛满面 - 同样的招数，我用了6年怎么他都不懂！			1618031204	00	3476390567596809	1397724386395
2318430-	0		0	Sun Dec 30 12:45:12 +0800 2012			3528916465884081	3528916465884081				3528916465884081	0			0	<a href=" rel="nofollow">iPhone客户端</a>	不要脸无下限啊[晕][晕] //@陆经强:应该管的是各种公务车！尤其是各种交通管制！//@精品传媒胡莲: 的确是无耻之尤！//@海淀翔哥: 不要脸！国外才几辆公车，国内有多少公车。这特么也敢说国际惯例？			1618031204	00	3528645857236053	1397724386395
2318431-	0		3	Thu Sep 13 16:31:14 +0800 2012		type:Pointcoordinates:#39.988945#116.41837	3489835459677328	3489835459677328				3489835459677328	0			1	<a href=" rel="nofollow">iPhone客户端</a>	一会儿功夫，电梯坠梯，地铁塌方，富士康跳楼，今天的新闻对不起今天的好天气啊[衰][衰] 我在:			1618031204	00	0	1397724386395
2318432-	0		3	Wed Jun 05 16:24:46 +0800 2013			3585866620202290	3585866620202290				3585866620202290	0			4	<a href=" rel="nofollow">微博 weibo.com</a>	[来]握手，一起吧，哈哈！//@风逝olf: 希腊//@张晓蕊rry2:以色列//@茉莉香片1982:希腊[花心][花心][花心]			1618031204	00	3585613817645137	1397724386395
2318433-	0		14	Wed May 30 16:34:47 +0800 2012			3451423238766560	3451423238766560				3451423238766560	0			0	<a href=" rel="nofollow">微博 weibo.com</a>	[衰]//@云是浮得: [衰]			1618031204	00	3415994817549389	1397724386396
2318434-	0		1	Thu Jan 31 17:19:53 +0800 2013			3540582007645639	3540582007645639				3540582007645639	0			0	<a href=" rel="nofollow">微博 weibo.com</a>	占座占座。靠前排看得清楚[花心]//@寻找旅行家: 听说赵本山为了来蚂蜂窝春晚，央视那边儿都辞了。海燕呐，你还等啥呢，赶紧占座儿吧！>>>			1618031204	00	3540551108300340	1397724386396
2318435-	0		4	Mon Dec 02 17:15:47 +0800 2013			3651109271023875	3651109271023875				3651109271023875	0			0	<a href=" rel="nofollow">iPhone客户端</a>	郑编委好！我替东阳编委证明，此人业务人品极可靠！[嘻嘻][嘻嘻][嘻嘻]			1618031204	00	3651087900886800	1397724386396
2318436-	0		0	Fri Jan 25 09:56:43 +0800 2013			3538296149753760	3538296149753760				3538296149753760	0			0	<a href=" rel="nofollow">iPhone客户端</a>	那估计快轮到了[花心]//@TinaWu2011:任何部门都有过这样的传闻，就只有我们。。。[泪]这到底真的假的啊？！//@茉莉香片1982: [偷笑][偷笑] 你调游戏部吧。太赚钱了[花心][花心]//@TinaWu2011:我只能说我内牛满面了[泪][泪][泪]//@茉莉香片1982: @TinaWu2011 每年这个时候，关于腾讯的段子都很多[嘻嘻]			1618031204	00	3538043832851356	1397724386397
2318437-	0		3	Fri Mar 08 17:29:49 +0800 2013			3553630475304203	3553630475304203				3553630475304203	0			1	<a href=" rel="nofollow">iPad客户端</a>	人生要那么完整干嘛，他又不是一个盘子[哈哈][哈哈][哈哈] 我承认我笑点低。//@玄圭媛:  @北京的房价是个奇葩 @大苹果和小太阳			1618031204	00	3553515315777763	1397724386397
2318438-	0		2	Mon Dec 31 14:36:56 +0800 2012			3529306975828206	3529306975828206				3529306975828206	0			0	<a href=" rel="nofollow">iPhone客户端</a>	友情帮转[嘻嘻][嘻嘻]			1618031204	00	3529306309217611	1397724386397
2318439-	0		0	Sun Dec 30 12:43:06 +0800 2012			3528915941512232	3528915941512232				3528915941512232	0			0	<a href=" rel="nofollow">iPhone客户端</a>	听上去有点冒险，可乐味加到豆腐里好吃么[思考][思考] //@璋beijinggirl:明天做下@爱mobile			1618031204	00	3528250296768306	1397724386397
2318440-	0		2	Tue Jan 15 01:03:49 +0800 2013			3534538162884446	3534538162884446				3534538162884446	0			2	<a href=" rel="nofollow">iPad客户端</a>	终点站是劲松[汗][汗][汗] //@翟磊: 10号线二期没开通时，住终点站双井，有座。现在马上要住6号线终点站草房，还是有座，呵呵呵。//@张晓蕊rry2: 其实6号线挺挤 //@上海轨道交通俱乐部:北京地铁10号线在1月4日，即延伸后的第5天，客流就一举突破130万人次，把连续42年占据客流头名的北京1号			1618031204	00	3532261519927768	1397724386398
2318441-	0		2	Fri Mar 22 09:38:21 +0800 2013			3558585248482110	3558585248482110				3558585248482110	0			1	<a href=" rel="nofollow">iPhone客户端</a>	太喜欢了，51平竟然能有浴缸[花心][花心][花心]			1618031204	00	3558578201991781	1397724386398
2318442-	0		0	Tue Jul 31 21:42:59 +0800 2012			3473968847708092	3473968847708092				3473968847708092	0			0	<a href=" rel="nofollow">iPhone客户端</a>	哎[失望][失望]			1618031204	00	3473964585868996	1397724386398
2318443-	0		4	Thu Jul 11 23:06:36 +0800 2013			3599013708489664	3599013708489664				3599013708489664	0			0	<a href=" rel="nofollow">iPhone客户端</a>	 @袁晓澜 你家门口那个也没了[泪][泪]			1618031204	00	3599012575957680	1397724386399
2318444-	0		2	Tue Oct 23 07:50:21 +0800 2012			3504199889109381	3504199889109381				3504199889109381	0			0	<a href=" rel="nofollow">iPhone客户端</a>	好听[鼓掌]@rebecca鱼  //@全球热门伤不起:于心有愧...			1618031204	00	3503885530518512	1397724386399
2318445-	0		1	Wed Jul 17 09:26:15 +0800 2013			3600981583448224	3600981583448224				3600981583448224	0			0	<a href=" rel="nofollow">iPad客户端</a>	[衰][衰][衰]最小恩小惠几乎无风险的理财也不靠谱了？@索南彭措2012 			1618031204	00	3600975271247375	1397724386399
2318446-	0		0	Fri Dec 28 16:01:05 +0800 2012			3528240985415768	3528240985415768				3528240985415768	0		#	0	<a href=" rel="nofollow">蚂蜂窝旅行</a>	旅行是生命的养料，我刚刚下载了蚂蜂窝【阳朔（第六版）】#旅游攻略#。旅游出行，攻略在手，行程无忧！你准备去哪里旅行呢？[疑问]快来看看吧！[围观]  (@蚂蜂窝旅游攻略)			1618031204	00	0	1397724386399
2318447-	0		0	Fri Sep 07 23:33:30 +0800 2012			3487767398738858	3487767398738858				3487767398738858	0			1	<a href=" rel="nofollow">iPhone客户端</a>	我承认我病入膏肓啊[泪] //@靓靓happiness:[偷笑]@张晓蕊rry2			1618031204	00	3487733454688329	1397724386400
2318448-	0		0	Tue Apr 09 18:42:15 +0800 2013			3565245111314759	3565245111314759				3565245111314759	0			0	<a href=" rel="nofollow">iPhone客户端</a>	 @索南彭措2012 你觉得北京距离生化危机里的场景还能撑多少年？			1618031204	00	3565244041233676	1397724386400
2318449-	0		8	Fri Jan 17 14:22:04 +0800 2014			3667735395175629	3667735395175629				3667735395175629	0		#	3	<a href=" rel="nofollow">微博客户端</a>	新版微博客户端全新发布啦！发布器全面升级，更多兴趣快捷分享；新增微博支付，移动消费一触即达；手机端快捷参与#让红包飞#活动，新春豪礼送不停！赶紧更新抢红包！下载地址：			1618031204	00	0	1397724386400
2318450-	0		0	Tue Oct 02 17:20:04 +0800 2012			3496733113982259	3496733113982259				3496733113982259	0		#	0	<a href=" rel="nofollow">蚂蜂窝旅行</a>	相当撑的一餐饭。3400元卢比，相当于人民币170元。【			1618031204	00	0	1397724386401
2318451-	0		2	Fri Sep 27 16:44:07 +0800 2013			3627183711104275	3627183711104275				3627183711104275	0			2	<a href=" rel="nofollow">iPhone客户端</a>	简直是为你量身定做[晕][晕][晕]			1618031204	00	3627181747881099	1397724386401
2318452-	0		1	Fri Jun 01 00:14:22 +0800 2012			3451901280385158	3451901280385158				3451901280385158	0			0	<a href=" rel="nofollow">iPhone客户端</a>	他就是瞎了眼，不觉得里美哪里好，不知道男人怎么看？			1618031204	00	3451895504806288	1397724386401
2318453-	0		0	Sun Mar 03 11:58:44 +0800 2013			3551735215653335	3551735215653335				3551735215653335	0			0	<a href=" rel="nofollow">iPhone客户端</a>	转给想给宝宝找放心奶的妈妈们[爱你][爱你]			1618031204	00	3551733051968924	1397724386401
2318454-	1		0	Fri Sep 13 23:30:04 +0800 2013			3622212433348724	3622212433348724				3622212433348724	0			0	<a href=" rel="nofollow">iPhone客户端</a>	[花心][花心][花心]爱死小李子啦[嘻嘻][嘻嘻] //@D-count:这个必须留着@茉莉香片1982  //@张不不:转发微博			1618031204	00	3621680553308237	1397724386402
2318455-	0		0	Sat Apr 27 19:19:39 +0800 2013			3571777500413348	3571777500413348				3571777500413348	0		#	0	<a href=" rel="nofollow">iPhone客户端</a>	新浪微博客户端升级了！信息流图片加载速度提升；发布器支持多张图片一键分享；新增emoji、浪小花表情。观看视频，了解更多！ 我在全新微博客户端3.5.0，我为雅安祈福。App Store下载地址：			1618031204	00	0	1397724386402
2318456-	0		0	Wed Oct 24 10:21:36 +0800 2012			3504600340699821	3504600340699821				3504600340699821	0			0	<a href=" rel="nofollow">iPhone客户端</a>	直接性无语啊[衰][衰] //@张旭四哥:没脸式羞耻 //@大脸猫郭峰://@法国人朱力安: 老外给跪了。			1618031204	00	3504348161920905	1397724386402
2318457-	0		0	Thu Aug 23 09:49:45 +0800 2012			3482124277016337	3482124277016337				3482124277016337	0			0	<a href=" rel="nofollow">微博 weibo.com</a>	在浪漫的鼓浪屿，你抓紧时间邂逅一个吧！//@sun来不来: 结婚结婚结婚!!!			1618031204	00	3482120125096037	1397724386403
2318458-	0		8	Sat Nov 10 21:29:16 +0800 2012			3510928962036127	3510928962036127				3510928962036127	0		#	0	<a href=" rel="nofollow">蚂蜂窝旅行</a>	在鸡腿里夹上青菜和调味品，台湾人民真智慧，第一次见这么吃鸡腿的！【			1618031204	00	0	1397724386403
2318459-	0		2	Wed Jun 05 10:02:58 +0800 2013			3585770537525874	3585770537525874				3585770537525874	0			0	<a href=" rel="nofollow">iPhone客户端</a>	传说中的七环果然要来了[吃惊][吃惊]			1618031204	00	3585763893384385	1397724386403
2318460-	0		8	Wed May 29 19:58:36 +0800 2013			3583383722389908	3583383722389908				3583383722389908	0		#	0	<a href=" rel="nofollow">蚂蜂窝旅行</a>	#旅行随手拍#好久不吃火锅了。想念(#馋)(#馋)(#馋)@嗡嗡官方微博 分享自北京欢乐谷N39.9°，E116.5°>>>			1618031204	00	0	1397724386403
2318461-	0		1	Wed Dec 05 00:27:10 +0800 2012			3519671033099031	3519671033099031				3519671033099031	0			0	<a href=" rel="nofollow">iPad客户端</a>	@索南彭措2012 衣服搭配和人像感觉都是我喜欢的[爱你]			1618031204	00	3519661259476254	1397724386404
2318462-	0		1	Thu May 30 15:23:24 +0800 2013			3583676845364007	3583676845364007				3583676845364007	0			0	<a href=" rel="nofollow">微博 weibo.com</a>	这样能好吃么？@D-count			1618031204	00	3583664686716884	1397724386404
2318463-	0		0	Sun Nov 18 15:31:50 +0800 2012			3513738109897394	3513738109897394				3513738109897394	0			0	<a href=" rel="nofollow">iPhone客户端</a>	你们说得是什么意思[偷笑] //@袁晓澜:这有点意思 //@自曾晖:四哥说是什么意思就是什么意思 //@张旭四哥:这是怎么个意思？@张晓蕊rry2			1618031204	00	3513726822966517	1397724386404
2318464-	0		1	Fri May 25 08:48:43 +0800 2012			3449494018757490	3449494018757490				3449494018757490	0			1	<a href=" rel="nofollow">iPhone客户端</a>	估计这样会有很多人要求退党的[偷笑][偷笑] //@田京波:同意，抓紧去落实//@古清生:好像蒙古边上，有一块中国的飞地，有19万平方公里面积，正好去收回。//@临渊羡鱼V: 这提议好。			1618031204	00	3449315962131077	1397724386404
2318465-	0		0	Tue Jan 29 19:46:11 +0800 2013			3539894058555738	3539894058555738				3539894058555738	0			1	<a href=" rel="nofollow">iPhone客户端</a>	因为人家光说他们好话[偷笑][偷笑] //@张学冬:他们只重视人民日报，新华社，央视等媒体。 //@王永平商业地产://@31王卓铭: 卫生部直接把21列入了采访黑名单			1618031204	00	3539832611521289	1397724386405
2318466-	0		0	Tue Oct 16 01:30:13 +0800 2012			3501567510073987	3501567510073987				3501567510073987	0			0	<a href=" rel="nofollow">iPhone客户端</a>	半夜失眠想吃冰淇淋，这都什么路子啊这是[泪][泪][泪][泪][泪][泪][泪][泪][泪][泪][泪][泪][泪][泪][呵呵][泪][泪][泪]			1618031204	00	0	1397724386405
2318467-	0		0	Mon Jul 15 21:48:00 +0800 2013			3600443471248199	3600443471248199				3600443471248199	0			0	<a href=" rel="nofollow">iPhone客户端</a>	有几套很喜欢[花心][花心] //@赵倩_Amy:转发微博			1618031204	00	3600002485765854	1397724386405
2318468-	0		0	Wed Sep 11 15:18:47 +0800 2013			3621364022012715	3621364022012715				3621364022012715	0			0	<a href=" rel="nofollow">iPhone客户端</a>	[馋嘴][馋嘴][馋嘴][馋嘴] //@跟我做私房菜:水果入菜，试试			1618031204	00	3621271302637578	1397724386405
2318469-	0		4	Sun Feb 17 11:10:50 +0800 2013			3546649726872305	3546649726872305				3546649726872305	0			2	<a href=" rel="nofollow">iPhone客户端</a>	我报名 @D-count @rebecca鱼 @岱遥 @李信玲 @玄圭媛 怎样？一起么[爱你][爱你]//@风华正胖:开播了哈，统计人数。 //@风华正胖:回复@茉莉香片1982:姑娘们，组织一下。 //@茉莉香片1982:太好了，姑娘们啥时候去种地啊[花心][花心] //@风华正胖:私信我			1618031204	00	3435202133022495	1397724386406
2318470-	0		0	Fri Oct 26 10:38:40 +0800 2012			3505329411622356	3505329411622356				3505329411622356	0			0	<a href=" rel="nofollow">iPhone客户端</a>	婺源的秋天比春天还漂酿啊[花心][花心][花心]			1618031204	00	3505320914025332	1397724386406
2318471-	0		0	Thu Jul 05 22:46:25 +0800 2012			3464562730718977	3464562730718977				3464562730718977	0			1	<a href=" rel="nofollow">微博 weibo.com</a>	这里不是帝都吗？不是集合了全国最优秀的资源吗？怎么找一条回家的路这么难？？？			1618031204	00	3464562499747683	1397724386406
2318472-	0		4	Mon Dec 02 17:15:47 +0800 2013			3651109271023875	3651109271023875				3651109271023875	0			0	<a href=" rel="nofollow">iPhone客户端</a>	郑编委好！我替东阳编委证明，此人业务人品极可靠！[嘻嘻][嘻嘻][嘻嘻]			1618031204	00	3651087900886800	1397724386407
2318473-	0		3	Mon Feb 11 12:45:08 +0800 2013			3544499131174231	3544499131174231				3544499131174231	0		#	0	<a href=" rel="nofollow">蚂蜂窝旅行</a>	【 @嗡嗡官方微博）			1618031204	00	0	1397724386407
2318474-	0		3	Sat May 19 22:51:10 +0800 2012			3447531709104217	3447531709104217				3447531709104217	0		#	0	<a href=" rel="nofollow">iPhone客户端</a>	偶遇马来西亚食品节			1618031204	00	0	1397724386407
2318475-	0		0	Sat Aug 04 10:17:39 +0800 2012			3475245929725956	3475245929725956				3475245929725956	0			0	<a href=" rel="nofollow">iPhone客户端</a>	转发微博。			1618031204	00	3475090547242097	1397724386407
2318476-	0		6	Sat Aug 11 14:01:16 +0800 2012			3477838919169327	3477838919169327				3477838919169327	0			1	<a href=" rel="nofollow">iPhone客户端</a>	那个时候的2姐也是相当粉嫩嘛[偷笑][偷笑]			1618031204	00	3477641737257533	1397724386408
2318477-	0		0	Wed Jun 19 19:46:28 +0800 2013			3590990806223703	3590990806223703				3590990806223703	0			2	<a href=" rel="nofollow">iPhone客户端</a>	哈哈。我看到了@张晓蕊rry2 和@袁晓澜 啦！			1618031204	00	3590926821533604	1397724386408
2318478-	0		1	Sun Jan 20 17:32:26 +0800 2013			3536598895217726	3536598895217726				3536598895217726	0			2	<a href=" rel="nofollow">iPhone客户端</a>	[衰][衰][衰] 没办法。这是找到真爱了。[偷笑][偷笑]//@张晓蕊rry2:。。。。@茉莉香片1982 ，好可怜			1618031204	00	3536596290605535	1397724386408
2318479-	0		0	Wed Jan 02 21:23:13 +0800 2013			3530133992202484	3530133992202484				3530133992202484	0			1	<a href=" rel="nofollow">iPhone客户端</a>	 @索南彭措2012 你一定很喜欢这里[偷笑][偷笑]			1618031204	00	3530130939386626	1397724386408
2318480-	0		0	Sat May 19 11:56:19 +0800 2012			3447366894357863	3447366894357863				3447366894357863	0		#	0	<a href=" rel="nofollow">iPhone客户端</a>	这个全景相机不好用，拍成了哈哈镜[泪][泪]			1618031204	00	0	1397724386409
2318481-	0		22	Wed Aug 29 15:10:37 +0800 2012			3484379353229736	3484379353229736				3484379353229736	0			5	<a href=" rel="nofollow">微博 weibo.com</a>	本来挺喜欢绿茶餐厅的，觉得性价比还不错。今天被气坏了，决定以后都不吃绿茶了。明天有重要的朋友，想约绿茶餐厅，中午电话预定，服务员告诉我不能预定，要预定需提前十天。尼玛，你们家想吃饭都提前十天就定下来吗？但我还是心平气和的说，你看看如果没满的话给定一下。她再次很不客气的说，不给定！			1618031204	00	0	1397724386409
2318482-	0		0	Sat Apr 20 17:36:11 +0800 2013		type:Pointcoordinates:#39.890396#116.36305	3569214747379937	3569214747379937				3569214747379937	0		#	2	<a href=" rel="nofollow">iPhone客户端</a>	再来个更生猛的。菜百一楼黄金首饰。这是菜百还是白菜[汗][汗][汗][汗]@曾慧娟娟 我在:			1618031204	00	0	1397724386409
2318483-	0		0	Fri Feb 22 15:56:02 +0800 2013			3548533434679365	3548533434679365				3548533434679365	0			1	<a href=" rel="nofollow">微博 weibo.com</a>	还被4只狗围追堵截[泪][泪]@化外狂封 //@张晓蕊rry2: 对，我们跑到印度洋的西海岸，看日出。。。//@茉莉香片1982: 我对高尔的第一印象也是，好像鼓浪屿啊，但是比鼓浪屿清净多了。当时@张晓蕊rry2 还鄙视我[偷笑]			1618031204	00	3548509401253437	1397724386410
2318484-	0		18	Tue Oct 30 13:12:17 +0800 2012			3506817621036118	3506817621036118				3506817621036118	0			0	<a href=" rel="nofollow">微博 weibo.com</a>	[思考]哇哦			1618031204	00	3506802668802585	1397724386410
2318485-	0		5	Tue Sep 10 00:47:46 +0800 2013			3620782448572195	3620782448572195				3620782448572195	0			0	<a href=" rel="nofollow">iPad客户端</a>	@索南彭措2012 @rebecca鱼 我笑喷了[哈哈][哈哈]			1618031204	00	3620611941318067	1397724386410
2318486-	0		0	Tue Apr 30 12:56:44 +0800 2013			3572768300147730	3572768300147730				3572768300147730	0			0	<a href=" rel="nofollow">iPhone客户端</a>	[鼓掌][鼓掌][鼓掌]郎才女貌[花心] //@神仙农场:男才女貌			1618031204	00	3572757755240918	1397724386410
2318487-	0		0	Tue Mar 05 22:20:48 +0800 2013			3552616535719537	3552616535719537				3552616535719537	0			0	<a href=" rel="nofollow">iPad客户端</a>	@索南彭措2012  //@经典英文语录: 乌镇。最好的天气是三月下江南。[心]			1618031204	00	3552460406898807	1397724386411
2318488-	0		0	Fri Apr 12 00:08:53 +0800 2013			3566052082783839	3566052082783839				3566052082783839	0			1	<a href=" rel="nofollow">iPad客户端</a>	这事太经常了，哪记得住。[偷笑][偷笑] //@张晓蕊rry2:  @茉莉香片1982 @屁颠屁颠的乐			1618031204	00	3566049955876305	1397724386411
2318489-	0		5	Mon May 21 01:34:23 +0800 2012			3447935155163271	3447935155163271				3447935155163271	0			0	<a href=" rel="nofollow">iPhone客户端</a>	西安两天，当属骑行在城墙上看着落日夕阳最惬意。陕博是我觉得最值得一看的景点。兵马俑有被震撼到，但震撼过后感觉没剩下什么。在城墙下穿梭有时空错觉的奇妙，城墙真心是我的最爱。大明宫遗址公园确实弱爆了[汗]			1618031204	00	0	1397724386411
2318490-	0		2	Fri May 10 12:57:21 +0800 2013			3576392333373770	3576392333373770				3576392333373770	0			0	<a href=" rel="nofollow">微博 weibo.com</a>	好美啊，哪里？//@袁晓澜: 很有味道 //@晨芳:上周用手机在这里拍了，效果差好多啊			1618031204	00	3576043006758496	1397724386411
2318491-	0		0	Mon Dec 03 11:57:14 +0800 2012			3519119921537319	3519119921537319				3519119921537319	0			0	<a href=" rel="nofollow">微博 weibo.com</a>	谢谢亲，过了2012，我们要更快乐跟幸福一点哟[心]//@TinaWu2011: 生日快乐亲！恭喜又长了一岁[亲亲]			1618031204	00	3519117996427270	1397724386412
2318492-	0		2	Wed Jun 26 23:30:15 +0800 2013			3593583846551128	3593583846551128				3593583846551128	0			0	<a href=" rel="nofollow">iPad客户端</a>	哎呀，我也有作家朋友了以后[鼓掌][鼓掌][鼓掌][鼓掌]@韩大黑 			1618031204	00	3593511188535219	1397724386412
2318493-	0		0	Thu Mar 28 22:40:32 +0800 2013			3560956426328415	3560956426328415				3560956426328415	0			0	<a href=" rel="nofollow">微博 weibo.com</a>	勉之[good]			1618031204	00	3557686245816276	1397724386412
2318494-	0		1	Sun May 19 21:18:05 +0800 2013			3579779838334743	3579779838334743				3579779838334743	0			0	<a href=" rel="nofollow">iPad客户端</a>	[馋嘴][馋嘴][馋嘴][馋嘴][馋嘴]			1618031204	00	3578905095322842	1397724386412
2318495-	0		1	Sat May 19 12:13:46 +0800 2012			3447371293923900	3447371293923900				3447371293923900	0		#	0	<a href=" rel="nofollow">iPhone客户端</a>	古人太讲究了，死后都要把粮仓带进墓葬里。这个袖珍粮仓真心做的精致啊[花心]			1618031204	00	0	1397724386413
2318496-	0		0	Mon Apr 01 11:55:41 +0800 2013			3562243687831863	3562243687831863				3562243687831863	0			0	<a href=" rel="nofollow">微博 weibo.com</a>	看了觉得很“心酸”啊，英国的低收入人群，靠着补贴，还能有空置的卧室出来闲着。这让天朝的蚁族们情何以堪。			1618031204	00	3562242543043898	1397724386413
2318497-	0		1	Sun Mar 03 11:44:54 +0800 2013			3551731725965970	3551731725965970				3551731725965970	0			0	<a href=" rel="nofollow">iPhone客户端</a>	关注[围观][围观][围观] //@寻找旅行家:很多人看了这个决定再不去马代了。马尔代夫伊露薇丽歧视中国游客，求证实！！！[哼]			1618031204	00	3551456223593020	1397724386413
2318498-	0		3	Sun Jan 06 21:59:24 +0800 2013			3531592657967954	3531592657967954				3531592657967954	0		#	1	<a href=" rel="nofollow">蚂蜂窝旅行</a>	美好生活从这里开始。巴厘岛，走你(#赞)(#赞)【 @嗡嗡官方微博）			1618031204	00	0	1397724386414
2318499-	0		0	Sat Jun 02 13:39:55 +0800 2012			3452466400512812	3452466400512812				3452466400512812	0			0	<a href=" rel="nofollow">iPhone客户端</a>	[吃惊][吃惊][good] //@云是浮得:[衰][吃惊][思考] //@倪华初:[哈哈] //@裴旋cici: //@王荟王荟:[汗]			1618031204	00	3452407214332152	1397724386414
2318500-	0		12	Mon Oct 22 10:55:32 +0800 2012			3503884112816567	3503884112816567				3503884112816567	0			0	<a href=" rel="nofollow">iPhone客户端</a>	[蜡烛][蜡烛]求新闻链接。			1618031204	00	3503881197547688	1397724386414
2318501-	0		0	Sun Oct 28 16:20:16 +0800 2012			3506140153153947	3506140153153947				3506140153153947	0			0	<a href=" rel="nofollow">iPhone客户端</a>	塔布茏寺 //@张晓蕊rry2:@茉莉香片1982 ，哪啊这？//@周磊:不是崩密裂，那我去了两趟。那是，叫什么我想不起了，应该在小圈内的，不是大圈景点! //@张晓蕊rry2: 崩密裂。最喜欢这。//@顶尖摄影集:柬埔寨暹粒省，生命之树。			1618031204	00	3505016713752886	1397724386414
2318502-	1		0	Tue Aug 27 23:53:14 +0800 2013			3616057669680185	3616057669680185				3616057669680185	0			0	<a href=" rel="nofollow">iPad客户端</a>	 //@经典英文语录: [花心]人人都能做超级正点的日本猪排饭，想吃啊~[馋嘴]			1618031204	00	3615931076786956	1397724386415
2318503-	0		4	Thu Jul 05 23:20:30 +0800 2012			3464571299689961	3464571299689961				3464571299689961	0			3	<a href=" rel="nofollow">微博 weibo.com</a>	最好有个高富帅开个敞篷宝马来接我[挖鼻屎]//@风华正胖: 月黑风高，如果遇上一个帮你撑伞的高富帅就浪漫了。//@茉莉香片1982: 月黑风高大雨滂沱一个人走路，跟浪漫不沾边。//@张晓蕊rry2: 浪漫 //@茉莉香片1982:姐，感情儿大雨里腿儿回来的不是你啊！不吐槽睡不着啊！！//			1618031204	00	3464562499747683	1397724386415
2318504-	1		0	Sun Apr 28 09:41:33 +0800 2013			3571994405102742	3571994405102742				3571994405102742	0			0	<a href=" rel="nofollow">iPad客户端</a>	@袁晓澜 			1618031204	00	3571984078004215	1397724386415
2318505-	0		0	Fri Nov 16 17:24:12 +0800 2012			3513041620951216	3513041620951216				3513041620951216	0			0	<a href=" rel="nofollow">iPhone客户端</a>	求做法[爱你][爱你] @文怡 //@全球热门伤不起:甜点与水果的完美结合！！馋死朕了哇！[花心][花心] @吃货我最大			1618031204	00	3512746723506324	1397724386415
2318506-	0		6	Sat Jul 21 16:59:53 +0800 2012		type:Pointcoordinates:#39.560898#119.28009	3470273725004378	3470273725004378				3470273725004378	0		#	0	<a href=" rel="nofollow">iPhone客户端</a>	今晚在这里露营[心][心] 			1618031204	00	0	1397724386416
2318507-	0		1	Fri Sep 28 15:40:29 +0800 2012			3495258506058328	3495258506058328				3495258506058328	0		#	0	<a href=" rel="nofollow">蚂蜂窝旅行</a>	旅行是生命的养料，我刚刚下载了蚂蜂窝【加拿大赏枫】#旅游攻略#。旅游出行，攻略在手，行程无忧！你准备去哪里旅行呢？[疑问]快来看看吧！[围观]  (@蚂蜂窝旅游攻略)			1618031204	00	0	1397724386416
2318508-	0		0	Tue Oct 30 23:51:04 +0800 2012			3506978380714952	3506978380714952				3506978380714952	0			0	<a href=" rel="nofollow">iPhone客户端</a>	遵命啊胡总，默默睡去[哈哈] //@风华正胖:碎觉，把小鸟找回来。////@茉莉香片1982: [怒][怒] 坏人！//@风华正胖:你的青春小鸟一样不回来//@茉莉香片1982: [右哼哼][左哼哼] 怎么就妖媚了，明明很青春//@风华正胖:妖媚//@茉莉香片1982: 貌似又是[思考][思考] //@张晓蕊rry2:头像不错，又是我拍的吧//			1618031204	00	3506965936314479	1397724386416
2318509-	0		0	Fri Mar 29 15:02:48 +0800 2013			3561203613412305	3561203613412305				3561203613412305	0			0	<a href=" rel="nofollow">微博 weibo.com</a>	以前只知道沉香是颇有佛性的饰品，看见的多是念珠手串什么的。没想到还可以做中药材使用？			1618031204	00	3561203001788828	1397724386416
2318510-	0		1	Tue Mar 12 13:49:44 +0800 2013			3555024632162095	3555024632162095				3555024632162095	0			1	<a href=" rel="nofollow">微博 weibo.com</a>	让我想起了电影《情书》，里面那一片白茫茫的大雪。			1618031204	00	3555024351119951	1397724386417
2318511-	0		2	Thu Apr 11 11:41:28 +0800 2013			3565863993268652	3565863993268652				3565863993268652	0			0	<a href=" rel="nofollow">iPad客户端</a>	简直就是福利啊[吃惊][吃惊] //@吕洲科: 还有这好的工作。。。。[偷笑]			1618031204	00	3565859731631041	1397724386417
2318512-	0		5	Fri Oct 12 18:42:40 +0800 2012			3500377783618561	3500377783618561				3500377783618561	0			1	<a href=" rel="nofollow">微博 weibo.com</a>	嗯，那必然是了[奥特曼]//@风华正胖: 自己判断。 //@茉莉香片1982:你说的是@张晓蕊rry2 么[思考][思考] //@风华正胖:有个女人遭人恨。 //@张晓蕊rry2:超龄//@茉莉香片1982:胡总给介绍个公司？[偷笑] //@风华正胖:进军娱乐圈?			1618031204	00	3500375795375415	1397724386417
2318513-	0		0	Fri Sep 14 20:32:17 +0800 2012			3490258509690602	3490258509690602				3490258509690602	0		#	0	<a href=" rel="nofollow">蚂蜂窝旅行</a>	超喜欢这家客栈哟，古色古香。【			1618031204	00	0	1397724386418
2318514-	0		10	Wed Oct 24 10:23:37 +0800 2012			3504600852144357	3504600852144357				3504600852144357	0			0	<a href=" rel="nofollow">iPhone客户端</a>	恍惚间以为莎士比亚舞台剧呢。 看得有点累[泪][泪]//@果佳佳:《安娜・卡列尼娜》看完令人心情颇为复杂阿！都是文艺青年才看这部电影，以舞台剧的形式拍摄让人觉得人生如戏。每次看俄罗斯题材的电影都令我心情很难平复，以至于昨天晚上睡觉连隐形眼镜都忘记摘了??[纠结]			1618031204	00	3504589120715057	1397724386418
2318515-	1		0	Sun Jul 21 22:22:34 +0800 2013			3602626501150426	3602626501150426				3602626501150426	0			4	<a href=" rel="nofollow">iPad客户端</a>	存了慢慢走起[酷][酷]@索南彭措2012 			1618031204	00	3602625230529164	1397724386418
2318516-	0		0	Wed Jan 23 00:37:34 +0800 2013			3537430655025700	3537430655025700				3537430655025700	0			0	<a href=" rel="nofollow">iPhone客户端</a>	mark //@经典英文语录:DIY薯条			1618031204	00	3537383591032444	1397724386418
2318517-	0		9	Wed Jul 04 22:51:47 +0800 2012			3464201705770106	3464201705770106				3464201705770106	0		#	0	<a href=" rel="nofollow">iPhone客户端</a>	 @soleil___ 思念么？			1618031204	00	0	1397724386419
2318518-	0		0	Tue Apr 16 16:51:40 +0800 2013			3567753992155762	3567753992155762				3567753992155762	0			0	<a href=" rel="nofollow">微博 weibo.com</a>	[衰][衰]//@孟庆德: 转发微博			1618031204	00	3567741187091468	1397724386419
2318519-	0		0	Wed Aug 01 10:28:50 +0800 2012			3474161580019965	3474161580019965				3474161580019965	0			0	<a href=" rel="nofollow">iPhone客户端</a>	我要看[爱你][爱你] //@紫魔冰樱quan:@陈Qin			1618031204	00	3474124204678506	1397724386419
2318520-	0		0	Fri Mar 29 15:05:54 +0800 2013			3561204393651042	3561204393651042				3561204393651042	0			2	<a href=" rel="nofollow">微博 weibo.com</a>	@张晓蕊rry2 我觉得你骑自行车这事儿也悠着点吧！//@龚小锋gxf: //@茉莉香片1982:@索南彭措2012 口罩是不能摘的！！//@红伟胡: 太恐怖了！//@就是吴敏: 这真的不是吓人的，谁统计一下北京历年肺癌发病率//@老刀IBM: 给了我不户外锻炼的理由了 [衰]//@头条博客: 一个普通肺癌病人的故事			1618031204	00	3557202402902247	1397724386419
2318521-	0		0	Wed Aug 29 10:19:06 +0800 2012			3484305999671479	3484305999671479				3484305999671479	0			0	<a href=" rel="nofollow">iPhone客户端</a>	哇喔 //@薛蛮子:亚马逊还做了kindle.目前是苹果的最大�敌。今天晚上听权威人士�露，亚马逊也要做手机了。			1618031204	00	3484103388970634	1397724386420
2318522-	0		2	Fri Mar 15 18:10:45 +0800 2013			3556177486565949	3556177486565949				3556177486565949	0			0	<a href=" rel="nofollow">微博 weibo.com</a>	我饿了，一会去买点儿火腿肠去，呜呜呜[�]			1618031204	00	3556157941849816	1397724386420
2318523-	0		0	Sat Apr 20 11:47:54 +0800 2013			3569127103351520	3569127103351520				3569127103351520	0			0	<a href=" rel="nofollow">iPad客户端</a>	[蜡烛][蜡烛][蜡烛][蜡烛] //@南都周刊: #伤亡情况# 四川省政府通报，截至10点15分，地震已造成37人死亡。//@南都周刊:#伤亡情况#央视：死亡超过32人，受伤超过600人。			1618031204	00	3569122249883413	1397724386420
2318524-	0		4	Fri Aug 24 09:54:52 +0800 2012			3482487952841521	3482487952841521				3482487952841521	0			0	<a href=" rel="nofollow">iPhone客户端</a>	[泪][泪]赶紧买早餐去[泪][泪]			1618031204	00	3482484115462579	1397724386421
2318525-	0		0	Fri Jun 14 09:12:37 +0800 2013			3589019353215333	3589019353215333				3589019353215333	0			0	<a href=" rel="nofollow">iPhone客户端</a>	关注 //@新京报黄金楼市:@张学冬			1618031204	00	3589009689706804	1397724386421
2318526-	0		0	Sat Jun 02 09:46:45 +0800 2012			3452407717236025	3452407717236025				3452407717236025	0			0	<a href=" rel="nofollow">iPhone客户端</a>	//@阳光82520://@都市女人帮:财神进宝，天官献瑞。			1618031204	00	3452129257762377	1397724386421
2318527-	0		0	Sat Jun 16 14:38:51 +0800 2012			3457554652449034	3457554652449034				3457554652449034	0			0	<a href=" rel="nofollow">iPhone客户端</a>	必须转，羊湖不能毁了！！！			1618031204	00	3457553151338497	1397724386421
2318528-	0		0	Mon May 20 09:55:54 +0800 2013			3579970548733349	3579970548733349				3579970548733349	0			0	<a href=" rel="nofollow">iPhone客户端</a>	[汗][汗] //@张大伟113:转发微博			1618031204	00	3579969341465752	1397724386422
2318529-	0		0	Tue Mar 12 13:46:01 +0800 2013			3555023700947350	3555023700947350				3555023700947350	0			1	<a href=" rel="nofollow">专业版微博</a>	能做的都尽量做到，看到很多美景毁了很痛心，为了以后更多的人能欣赏到美景，支持支持再支持！@张晓蕊rry2 @靓靓happiness @神仙农场			1618031204	00	3554981191766770	1397724386422
2318530-	0		0	Sun Jun 17 00:13:52 +0800 2012			3457699360534528	3457699360534528				3457699360534528	0			1	<a href=" rel="nofollow">iPhone客户端</a>	坚决抵制人工开发羊湖[泪][泪]@张晓蕊rry2			1618031204	00	3457694931535989	1397724386422
2318531-	0		2	Wed Jul 17 09:19:58 +0800 2013			3600980001846029	3600980001846029				3600980001846029	0			0	<a href=" rel="nofollow">iPad客户端</a>	@索南彭措2012 果然有人搞这个生意[衰][衰][衰]			1618031204	00	3600972280596009	1397724386422
2318532-	0		0	Sat Mar 16 21:42:59 +0800 2013			3556593281157200	3556593281157200				3556593281157200	0			0	<a href=" rel="nofollow">iPad客户端</a>	我想去[花心][花心]5000人民币也愿意啊[花心]			1618031204	00	3556465745225209	1397724386423
2318533-	0		0	Thu Apr 25 18:35:44 +0800 2013			3571041672561054	3571041672561054				3571041672561054	0			1	<a href=" rel="nofollow">微博 weibo.com</a>	学历贬值啊，我毕业的时候，硕士进不了大学只能去中学，现在，博士都只能进中学了。[泪流满面]@张晓蕊rry2 //@新闻人艾君: 录用9个中学老师，7个国外名校留学生，另两个一个清华一个北大。 //@新闻人艾君://@晏扬:感谢八辈祖宗。//@盛大林: 哇噻//@李清: 转发微博			1618031204	00	3570615354871812	1397724386423
2318534-	0		0	Mon Dec 03 23:28:56 +0800 2012			3519293989545176	3519293989545176				3519293989545176	0		#	0	<a href=" rel="nofollow">iPad客户端</a>	我刚更新了微博HD3.1.1版，全新表情表达你的喜怒哀乐，集成天气插件创造美好生活！还等什么？快来下载体验吧：			1618031204	00	0	1397724386423
2318535-	0		2	Tue Mar 05 18:28:33 +0800 2013			3552558083382353	3552558083382353				3552558083382353	0			0	<a href=" rel="nofollow">iPhone客户端</a>	 @化外狂封 想起你说的心比天高命比纸薄。光高和远不一定能成功。 //@创业家杂志:你的起点在哪里？起点究竟是神木？			1618031204	00	3552555474579993	1397724386423
2318536-	0		0	Wed May 08 09:32:54 +0800 2013			3575616111092297	3575616111092297				3575616111092297	0			0	<a href=" rel="nofollow">iPhone客户端</a>	 @王家猫			1618031204	00	3575610611470885	1397724386424
2318537-	0		2	Fri Sep 07 22:50:40 +0800 2012		type:Pointcoordinates:#39.869263#116.46783	3487756632060406	3487756632060406				3487756632060406	0			4	<a href=" rel="nofollow">iPhone客户端</a>	梁博唱的北京北京我并不太喜欢，没故事。但花火唱的真心好！ 我在:			1618031204	00	0	1397724386424
2318538-	0		0	Wed Jan 30 18:30:52 +0800 2013			3540237483101695	3540237483101695				3540237483101695	0			1	<a href=" rel="nofollow">iPhone客户端</a>	必须很实用啊亲[嘻嘻] @张晓蕊rry2 //@靓靓happiness:必须广告贴啊~@茉莉香片1982 你太敬业了~ //@张晓蕊rry2:广告贴啊，鉴定完毕//@茉莉香片1982: 太实用了，必须mark之。[赞]@张晓蕊rry2 @索南彭措2012			1618031204	00	3539836012867272	1397724386424
2318539-	0		0	Wed Dec 19 23:59:39 +0800 2012			3525099930501173	3525099930501173				3525099930501173	0			1	<a href=" rel="nofollow">iPad客户端</a>	[心][心][心]有爱			1618031204	00	3524981826791378	1397724386425
2318540-	0		2	Wed Jun 27 01:07:55 +0800 2012		type:Pointcoordinates:#39.872555#116.46961	3461336845157690	3461336845157690				3461336845157690	0			0	<a href=" rel="nofollow">iPhone客户端</a>	不带这样的啊[泪][泪][泪][泪][泪][泪][泪][泪][泪][泪][泪][泪][泪][泪][泪][泪][泪][泪] 			1618031204	00	0	1397724386425
2318541-	0		0	Sun Sep 09 00:52:43 +0800 2012			3488149734712652	3488149734712652				3488149734712652	0			1	<a href=" rel="nofollow">iPhone客户端</a>	 @斯里兰卡驻广州总领事馆			1618031204	00	3488135914498146	1397724386425
2318542-	0		0	Thu Dec 06 14:14:22 +0800 2012			3520241601036902	3520241601036902				3520241601036902	0			1	<a href=" rel="nofollow">微活动</a>	woow~~奖品好给力啊！赶快参加！ "末日前，来场旅行！" 			1618031204	00	3520239796699476	1397724386425
2318543-	0		1	Fri Jul 19 11:26:53 +0800 2013			3601736717453115	3601736717453115				3601736717453115	0			0	<a href=" rel="nofollow">iPad客户端</a>	@索南彭措2012  //@蓝媒沙龙: //@李普曼:这下经济增长速度让领导放心了。 //@p民高昌:[挖鼻屎]又一个泡沫浮出水面 //@九个头条:治污只是治标不治本，遏制住源头方可重见碧水蓝天！转@环保董良杰 @新闻晚报王煜 @公众环境研究中心马军 @p民高昌 @邓飞 @薛蛮子 @蓝媒沙龙 @中国			1618031204	00	3601724272749842	1397724386426
2318544-	0		0	Fri Oct 12 18:36:59 +0800 2012			3500376361498036	3500376361498036				3500376361498036	0			1	<a href=" rel="nofollow">iPhone客户端</a>	胡总给介绍个公司？[偷笑] //@风华正胖:进军娱乐圈?			1618031204	00	3500375795375415	1397724386426
2318545-	0		0	Wed Nov 07 09:56:12 +0800 2012			3509667382789502	3509667382789502				3509667382789502	0			1	<a href=" rel="nofollow">iPhone客户端</a>	快点参加[花心]@索南彭措2012			1618031204	00	3509660545834475	1397724386426
2318546-	0		0	Fri May 25 00:40:54 +0800 2012			3449371242775120	3449371242775120				3449371242775120	0			0	<a href=" rel="nofollow">iPhone客户端</a>	在这个层级上，世界大同了啊[偷笑][偷笑]这么热的天儿，睡的着不？			1618031204	00	3449359352373041	1397724386426
2318547-	0		0	Mon May 28 09:36:53 +0800 2012			3450593295632915	3450593295632915				3450593295632915	0			0	<a href=" rel="nofollow">iPhone客户端</a>	[吃惊][吃惊] //@张学冬:无			1618031204	00	3450572416093758	1397724386427
2318548-	0		0	Fri Feb 15 12:20:48 +0800 2013			3545942558770750	3545942558770750				3545942558770750	0		#	0	<a href=" rel="nofollow">蚂蜂窝旅行</a>	七星公园，溶洞走起。(#鼓掌)(#鼓掌)(#围观)(#调皮)【 @嗡嗡官方微博）			1618031204	00	0	1397724386427
2318549-	0		1	Mon Sep 03 01:57:56 +0800 2012			3485991811571164	3485991811571164				3485991811571164	0			0	<a href=" rel="nofollow">iPhone客户端</a>	 @张晓蕊rry2 @靓靓happiness			1618031204	00	3482632359142668	1397724386427
2318550-	0		0	Sat Sep 08 01:25:42 +0800 2012			3487795634545157	3487795634545157				3487795634545157	0			0	<a href=" rel="nofollow">iPhone客户端</a>	但我就是喜欢他，挖卡卡卡[爱你][爱你][爱你]			1618031204	00	3487787644972590	1397724386427
2318551-	0		4	Wed Aug 14 18:13:38 +0800 2013			3611261163829725	3611261163829725				3611261163829725	0		#	5	<a href=" rel="nofollow">微博 weibo.com</a>	国庆节去斯里兰卡做的行程，不够紧凑，晒一部分出来吧！看到各路大侠做的密密麻麻的表格，做攻略的路还有很长啊[偷笑] @蚂蜂窝旅游攻略			1618031204	00	0	1397724386428
2318552-	0		2	Thu Dec 06 04:36:39 +0800 2012			3520096209065365	3520096209065365				3520096209065365	0			0	<a href=" rel="nofollow">iPhone客户端</a>	同样失眠的人想撞墙[泪][泪]			1618031204	00	3520092778237965	1397724386428
2318553-	0		0	Wed Oct 24 10:15:32 +0800 2012			3504598813941360	3504598813941360				3504598813941360	0			0	<a href=" rel="nofollow">iPhone客户端</a>	交柬方处理[汗][汗]真大方 [汗][汗][汗][汗]//@写字李华良:无			1618031204	00	3504591305683261	1397724386428
2318554-	0		0	Tue Mar 05 18:29:25 +0800 2013			3552558297664886	3552558297664886				3552558297664886	0			0	<a href=" rel="nofollow">iPhone客户端</a>	我们看过了。贾宝玉你看不？ //@rebecca鱼:我要去看金士杰！//@茉莉香片1982: [爱你] @苏铂 我又买了贾宝玉哟[爱你]//@大麦戏剧:#正在抢票#【北京站】舞台剧《最后14堂星期二的课》180元稀缺票，3月30日演出，每单限购2张，抢票猛戳：			1618031204	00	3550676476677438	1397724386428
2318555-	0		0	Mon Apr 08 15:49:30 +0800 2013			3564839249061516	3564839249061516				3564839249061516	0			0	<a href=" rel="nofollow">iPad客户端</a>	特别[花心][花心]			1618031204	00	3557923945296118	1397724386429
2318556-	0		0	Thu Aug 02 16:52:23 +0800 2012			3474620491140367	3474620491140367				3474620491140367	0			1	<a href=" rel="nofollow">微博 weibo.com</a>	最想看郝蕾版的。@TinaWu2011 @周董 @苏铂 //@周董: 这个要去看，@茉莉香片1982 @我不是杜鹃 @记录者王维维 //@北京青年周刊:8月10号《恋爱的犀牛》千场纪念演出票哦！			1618031204	00	3474242978664219	1397724386429
2318557-	1		2	Fri Feb 21 15:15:29 +0800 2014			3680432413260750	3680432413260750				3680432413260750	0			2	<a href=" rel="nofollow">微博 weibo.com</a>	没跟外资银行打过交道，最近想办@渣打银行 小额消费贷，各种要求资料，熟悉和奇葩的都提供了，有一份资料先提供扫描件确认没有问题后专程送原件送过去。坐等两周之后的结果是又不能批了。尼玛@渣打银行 把顾客的腿儿溜细了你们行长知道吗？最终还是@招商银行 信用卡分期靠谱，一分钟不到成功！			1618031204	00	0	1397724386429
2318558-	0		0	Wed May 23 19:10:21 +0800 2012			3448925673154529	3448925673154529				3448925673154529	0			1	<a href=" rel="nofollow">微博 weibo.com</a>	哈哈，空空又亮了，速来围观2姐裸奔[花心]//@自曾晖: 所以地图也热得脱光了只剩下一个图钉了吗？2们，快来看二姐裸奔！@萌巴豆 @维他命肉丸子 @茉莉香片1982 @风华正胖			1618031204	00	3448911941670712	1397724386430
2318559-	0		0	Thu Jul 05 23:21:01 +0800 2012			3464571429450537	3464571429450537				3464571429450537	0			0	<a href=" rel="nofollow">微博 weibo.com</a>	起码摇到号，南二环到南三环不用走两个小时//@D-count: 看来我就要过上好日子了…祝你一摇就中！//@茉莉香片1982：妈的一定要摇到号！//@张晓蕊rry2: 在帝都多年，还这么不淡定。洗洗睡吧 //@茉莉香片1982:姐你这不是安慰，这是刺激[抓狂]@茉莉香片1982:这里不是帝都吗？不是集合了全国最优秀的资源			1618031204	00	3464562499747683	1397724386430
2318560-	0		0	Wed Nov 28 16:44:55 +0800 2012			3517380380125400	3517380380125400				3517380380125400	0			0	<a href=" rel="nofollow">微博 weibo.com</a>	必须转//@clover张三: 一起末日！//@匆JIA: 射手来啦。。。。@clover张三 @王家猫 一起生快~~			1618031204	00	3517355617352831	1397724386430
2318561-	0		5	Thu Oct 31 17:04:07 +0800 2013		type:Pointcoordinates:#39.80598#116.44551	3639509923134761	3639509923134761				3639509923134761	0			1	<a href=" rel="nofollow">Android客户端</a>	果然是水逆期间啊，这周是要累死的节奏么。 ? ?@D-count 你家搬好了吗？ 我在这里:			1618031204	00	0	1397724386430
2318562-	0		0	Sat Apr 27 13:14:49 +0800 2013			3571685687012548	3571685687012548				3571685687012548	0			0	<a href=" rel="nofollow">微博 weibo.com</a>	4G时代会发生什么？[思考]			1618031204	00	3571685104272613	1397724386431
2318563-	0		0	Mon Jul 01 23:40:02 +0800 2013			3595398247855914	3595398247855914				3595398247855914	0			0	<a href=" rel="nofollow">iPad客户端</a>	转发微博			1618031204	00	3595356027948343	1397724386431
2318564-	0		2	Sat Aug 18 23:03:16 +0800 2012			3480512036926692	3480512036926692				3480512036926692	0			0	<a href=" rel="nofollow">微博 weibo.com</a>	好想抱回家啊抱回家啊！！！！//@全球热门伤不起: 非一般的萌啊[心][心]			1618031204	00	3480317069561158	1397724386431
2318565-	1		0	Tue Jul 09 21:35:52 +0800 2013			3598266103234587	3598266103234587				3598266103234587	0			0	<a href=" rel="nofollow">iPad客户端</a>	切记[围观] //@芥末煮粥: 转发微博			1618031204	00	3597535157317051	1397724386432
2318566-	0		1	Sun Dec 16 16:23:48 +0800 2012			3523898048251799	3523898048251799				3523898048251799	0			0	<a href=" rel="nofollow">iPad客户端</a>	关键中国的保险有用的少之又少！			1618031204	00	3521319037797195	1397724386432
2318567-	0		0	Wed Mar 13 23:24:17 +0800 2013			3555531610521429	3555531610521429				3555531610521429	0			2	<a href=" rel="nofollow">iPad客户端</a>	@神仙农场 以后只吃你搞的东西吧。 //@天蝎座的周文文: 中国人是怎么了！要走向自我灭绝吗？政府在做什么？ //@ZumingChen://@人大代表晓东:应该转到新成立的国家食品药品监督总局 。//@飞燕621264: [转发][群体围观]//@学者兔儿爷: 这是我一个朋友提醒我的，我认为极有必要贴出来给大家			1618031204	00	3555475469870064	1397724386432
2318568-	0		0	Fri Nov 01 23:39:47 +0800 2013			3639971879523371	3639971879523371				3639971879523371	0			1	<a href=" rel="nofollow">Android客户端</a>	自然小清新的要得。 ? ? ?@索南彭措2012  //@沈小毛不说话:第一次好忐忑的说！你们满意我就最高兴啦！			1618031204	00	3639939407157299	1397724386433
2318569-	0		0	Mon Oct 07 22:47:02 +0800 2013			3630898916557943	3630898916557943				3630898916557943	0			1	<a href=" rel="nofollow">iPhone客户端</a>	[哈哈][哈哈][哈哈]2货们 //@张晓蕊rry2:@茉莉香片1982 @袁晓澜 @红伟胡			1618031204	00	3630892645993107	1397724386433
2318570-	0		2	Tue Sep 25 14:13:43 +0800 2012			3494149506462500	3494149506462500				3494149506462500	0			1	<a href=" rel="nofollow">微博 weibo.com</a>	必须无敌同意啊，吃次汉拿山还不够跟服务员儿生气的！！！			1618031204	00	3494141469698634	1397724386433
2318571-	0		7	Tue Jun 04 17:47:43 +0800 2013			3585525111362606	3585525111362606				3585525111362606	0			0	<a href=" rel="nofollow">微博 weibo.com</a>	真有创意啊，只是怀疑，这样弄能好喝么？@D-count			1618031204	00	3585522783591548	1397724386433
2318572-	0		1	Tue Aug 20 18:45:46 +0800 2013			3613443578155900	3613443578155900				3613443578155900	0			2	<a href=" rel="nofollow">iPhone客户端</a>	美翻了[花心][花心][花心] //@经典英文语录:老了以后也想这样养养花种种草~			1618031204	00	3612602653858177	1397724386434
2318573-	0		0	Mon Aug 05 16:35:47 +0800 2013			3607975048793016	3607975048793016				3607975048793016	0			0	<a href=" rel="nofollow">iPad客户端</a>	 //@经典英文语录: 榻榻米的诱惑，你心水哪个？			1618031204	00	3606484355580918	1397724386434
2318574-	0		0	Wed Dec 05 13:47:12 +0800 2012			3519872371482417	3519872371482417				3519872371482417	0			0	<a href=" rel="nofollow">微博 weibo.com</a>	我也很爱看似傲慢的达西先生，那你要克服和改掉这个毛病，哈哈哈//@rebecca鱼: 达西先生说的太对了 永远的达西先生陪我度过了青春岁月//@花猫女王: 亲爱的达西先生			1618031204	00	3519860078085999	1397724386434
2318575-	0		0	Sat Apr 27 11:30:47 +0800 2013			3571659506025691	3571659506025691				3571659506025691	0			0	<a href=" rel="nofollow">微博 weibo.com</a>	6月起实施。试行办法将建统一调度平台，推广手机客户端约车软件。晕，原来这才是此前一番铺垫的真意啊。。。。。。			1618031204	00	3571635955137001	1397724386434
2318576-	1		0	Fri Nov 08 17:38:59 +0800 2013			3642417800719599	3642417800719599				3642417800719599	0		#	0	<a href=" rel="nofollow">手机淘宝</a>	 数钱数到手抽筋，刮奖刮到手脱皮，快！来试试你的手气！（还有大把大把的红包。。。） 			1618031204	00	0	1397724386435
2318577-	0		0	Wed Jul 17 11:28:22 +0800 2013			3601012319383509	3601012319383509				3601012319383509	0			0	<a href=" rel="nofollow">iPhone客户端</a>	对于那档节目的观点和这个漫画的观点，我都想说＂FUCK YOU＂[鄙视][鄙视][鄙视]			1618031204	00	3600801589504440	1397724386435
2318578-	0		0	Wed Jul 17 21:28:39 +0800 2013			3601163389764999	3601163389764999				3601163389764999	0			0	<a href=" rel="nofollow">iPhone客户端</a>	哪里有卖？[花心][花心]			1618031204	00	3601162987246582	1397724386435
2318579-	0		0	Mon Oct 01 22:45:06 +0800 2012			3496452527744227	3496452527744227				3496452527744227	0		#	0	<a href=" rel="nofollow">蚂蜂窝旅行</a>	斯里兰卡的蚂蚁真心大！【			1618031204	00	0	1397724386435
2318580-	0		0	Tue Mar 05 16:47:31 +0800 2013			3552532666606211	3552532666606211				3552532666606211	0			1	<a href=" rel="nofollow">iPhone客户端</a>	在有的狼牙底下，小狗聪明也无济于事啊[泪][泪] //@潘宇凌:转发微博			1618031204	00	3552511656656318	1397724386436
2318581-	0		10	Fri Nov 09 01:10:46 +0800 2012			3510259928766230	3510259928766230				3510259928766230	0		#	0	<a href=" rel="nofollow">蚂蜂窝旅行</a>	台北小街景。【			1618031204	00	0	1397724386436
2318582-	0		1	Fri Oct 12 08:01:41 +0800 2012			3500216479095724	3500216479095724				3500216479095724	0			0	<a href=" rel="nofollow">微博 weibo.com</a>	猴子的旁白：这人真2！//@张晓蕊rry2: 回复@_林彦希:调戏猴子。。。 //@_林彦希:姐 你在干嘛呢			1618031204	00	3500082038876440	1397724386436
2318583-	0		4	Sun Jan 06 03:38:10 +0800 2013			3531315514873892	3531315514873892				3531315514873892	0		#	0	<a href=" rel="nofollow">蚂蜂窝旅行</a>	出发集结号！箱子陆续集合中(#帅)(#帅)(#帅)【 @嗡嗡官方微博）			1618031204	00	0	1397724386437
2318584-	0		0	Sun Sep 30 22:56:27 +0800 2012			3496093000659994	3496093000659994				3496093000659994	0			1	<a href=" rel="nofollow">iPhone客户端</a>	你远在千里之外呢你能证明啥[鄙视][鄙视] //@风华正胖:我证明你跟这个2货在一起。 //@茉莉香片1982:我是清白的，我不认识这个2货[偷笑][偷笑] //@张晓蕊rry2:@茉莉香片1982 @红伟胡  @袁晓澜			1618031204	00	3495983541429828	1397724386437
2318585-	0		0	Fri Dec 28 16:31:20 +0800 2012			3528248602391887	3528248602391887				3528248602391887	0			0	<a href=" rel="nofollow">微博 weibo.com</a>	@索南彭措2012 我是没有看懂啊[衰]			1618031204	00	3528202230228825	1397724386437
2318586-	0		0	Mon Mar 18 21:37:25 +0800 2013			3557316656080952	3557316656080952				3557316656080952	0			0	<a href=" rel="nofollow">iPad客户端</a>	@索南彭措2012 			1618031204	00	3557305520304190	1397724386437
2318587-	0		0	Sun Mar 30 17:59:15 +0800 2014			3693881978078117	3693881978078117				3693881978078117	0			0	<a href=" rel="nofollow">iPad客户端</a>	转发微博			1618031204	00	3693867834179738	1397724386438
2318588-	0		2	Fri Feb 15 14:20:35 +0800 2013			3545972703064880	3545972703064880				3545972703064880	0		#	0	<a href=" rel="nofollow">蚂蜂窝旅行</a>	今天最后一站，＂国宾洞＂芦笛岩。【 @嗡嗡官方微博）			1618031204	00	0	1397724386438
2318589-	0		0	Tue Apr 02 21:19:30 +0800 2013			3562747965024673	3562747965024673				3562747965024673	0			0	<a href=" rel="nofollow">iPhone客户端</a>	这下好了，室内室外都要戴口罩了[泪][泪] //@创业家杂志:【江苏省发现4例人感染H7N9禽流感病例】截至目前，全国已确认7例，其中上海2例已死亡，安徽一例病危。专家提醒，面对人感染H7N9禽流感疫情，莫惊慌、要警惕。避免接触和食用病（死）禽、畜。一旦出现高热、呼吸困难者，应及时就医			1618031204	00	3562715144488101	1397724386438
2318590-	0		0	Tue Feb 26 23:47:46 +0800 2013			3550101702375754	3550101702375754				3550101702375754	0			0	<a href=" rel="nofollow">iPad客户端</a>	@索南彭措2012 啥心情啊[偷笑][偷笑]			1618031204	00	3548452682304618	1397724386438
2318591-	0		0	Sat Jul 20 17:06:01 +0800 2013			3602184451411468	3602184451411468				3602184451411468	0			0	<a href=" rel="nofollow">iPhone客户端</a>	好歹PS一下[汗][汗] //@三大名捕排名第四:[哈哈]影视剧粗制滥造成行规了//@吴鑫:[偷笑][偷笑][偷笑] //@杨樾杨樾:赶紧把这张地图卖给冀宝斋			1618031204	00	3601033068651035	1397724386439
2318592-	0		3	Tue Mar 05 12:34:43 +0800 2013			3552469038304061	3552469038304061				3552469038304061	0			1	<a href=" rel="nofollow">微博 weibo.com</a>	@李信玲 我觉得你行，我这种垂直恐高的就算了。//@蚂蜂窝旅游攻略: #行程攻略#完全没有体力爬上去・・・[生病]			1618031204	00	3552077982400680	1397724386439
2318593-	0		2	Tue Jun 04 18:42:49 +0800 2013			3585538969788771	3585538969788771				3585538969788771	0			0	<a href=" rel="nofollow">微博 weibo.com</a>	哈哈哈，@rebecca鱼 晚间开心一刻！！			1618031204	00	3585528714672066	1397724386439
2318594-	0		0	Tue Apr 30 09:00:54 +0800 2013			3572708950503748	3572708950503748				3572708950503748	0			0	<a href=" rel="nofollow">iPhone客户端</a>	挺像你的[偷笑][偷笑] //@张晓蕊rry2:还行吧，2了吧唧么//@茉莉香片1982:萌死人啊[抓狂][抓狂][抓狂][抓狂] //@经典英文语录: 再给条鱼吧！[哈哈]			1618031204	00	3570592324718142	1397724386440
2318595-	0		0	Thu Jul 11 14:09:41 +0800 2013			3598878585101750	3598878585101750				3598878585101750	0			0	<a href=" rel="nofollow">iPad客户端</a>	 //@芥末煮粥: 看来得喝喝//@花旗集团那些事:真洋气			1618031204	00	3598843625026305	1397724386440
2318596-	1		6	Tue Jun 11 16:11:06 +0800 2013			3588037508298379	3588037508298379				3588037508298379	0		#	0	<a href=" rel="nofollow">蚂蜂窝旅行</a>	绍兴行程结束啦。回到老台门躲雨。一会儿奔西塘啦(#萌)(#萌)@嗡嗡官方微博 分享自绍兴N30°，E120.6°>>>			1618031204	00	0	1397724386440
2318597-	0		0	Thu Apr 18 09:52:24 +0800 2013			3568373256911515	3568373256911515				3568373256911515	0			0	<a href=" rel="nofollow">iPhone客户端</a>	mark //@Apple:有点意思～下来玩玩，貌似有内购，不过不影响玩创意拍摄[嘻嘻]			1618031204	00	3568328809018531	1397724386441
2318598-	0		1	Mon Feb 25 09:44:22 +0800 2013		type:Pointcoordinates:#39.913757#116.461235	3549527069704804	3549527069704804				3549527069704804	0			3	<a href=" rel="nofollow">iPhone客户端</a>	发生了什么事？今天十号线换一号线通道走不动。 我在:			1618031204	00	0	1397724386441
2318599-	0		1	Wed Sep 12 16:36:16 +0800 2012			3489474337745182	3489474337745182				3489474337745182	0			1	<a href=" rel="nofollow">微活动</a>	分享个好玩的活动给你们，都来看看吧。"寻找旅行家，转发评论，获得200枚【旅行家徽章】" 			1618031204	00	3489472517324045	1397724386441
2318600-	0		0	Thu Mar 14 00:01:52 +0800 2013			3555541081642284	3555541081642284				3555541081642284	0			1	<a href=" rel="nofollow">iPad客户端</a>	这境界，要培养[落叶][落叶]			1618031204	00	3555539671711122	1397724386441
2318601-	1		6	Sun Aug 11 22:47:20 +0800 2013			3610242887918292	3610242887918292				3610242887918292	0			9	<a href=" rel="nofollow">iPhone客户端</a>	 @交通北京 什么情况！！！			1618031204	00	3610235799786295	1397724386442
2318602-	0		0	Thu Jan 24 17:41:43 +0800 2013			3538050795289927	3538050795289927				3538050795289927	0			1	<a href=" rel="nofollow">iPhone客户端</a>	→_→ //@wo陈阳:→_→//@泡菜谭: →_→/ //@龙二小:→_→//@nb谷哥: →_→//@南都俱乐部: →_→//@南方都市报: →_→//@报纸观察: →_→//@潇湘晨报:→_→//@成都商报:→_→//@互联网的那点事: →_→//@厕所的灯: →_→//@赵与: →_→//@本泽马: →_→//@皇家喵德里: →_→//@我是度度啊: 关你屁事			1618031204	00	3537968608262094	1397724386442
2318603-	0		0	Thu Jun 06 10:10:33 +0800 2013			3586134833732411	3586134833732411				3586134833732411	0			0	<a href=" rel="nofollow">iPhone客户端</a>	都期待都期待[鼓掌][鼓掌][鼓掌][鼓掌]			1618031204	00	3586125740310675	1397724386442
2318604-	1		0	Thu Aug 29 17:07:15 +0800 2013			3616680275901919	3616680275901919				3616680275901919	0			0	<a href=" rel="nofollow">iPhone客户端</a>	 @索南彭措2012			1618031204	00	3616672332028586	1397724386443
2318605-	0		0	Tue Mar 12 21:21:28 +0800 2013			3555138315124562	3555138315124562				3555138315124562	0			0	<a href=" rel="nofollow">iPad客户端</a>	十号线二期通了之后就崩溃了[泪][泪][泪] //@莫菲: 最后两张亮了，体会过十号线以后，方知五号线才是极品中的极品//@丹丹: 画得真好！ //@豫�:特别写实!//@只有月供: 有时候需要文明引导员支持，坐5号线的孩子深有感触[泪]			1618031204	00	3554706368485941	1397724386443
2318606-	0		4	Wed Oct 31 10:33:14 +0800 2012			3507139987377342	3507139987377342				3507139987377342	0			0	<a href=" rel="nofollow">iPhone客户端</a>	我也巨怀念！北京冷死人的天儿[泪] //@斯里兰卡漫游指南:周三到了，周末还会远吗？好片好地方，unawatuna正是风平浪静的好季节，早安。			1618031204	00	3507129900431472	1397724386443
2318607-	0		4	Wed Oct 31 13:40:14 +0800 2012			3507187043089125	3507187043089125				3507187043089125	0			0	<a href=" rel="nofollow">微博 weibo.com</a>	不是说1号么。。。。。//@三大名捕排名第四: 11月3日24时，干嘛不直接说11月4日0时？			1618031204	00	3507161293966448	1397724386443
2318608-	0		1	Sun Jan 20 18:04:49 +0800 2013			3536607044592316	3536607044592316				3536607044592316	0			0	<a href=" rel="nofollow">iPhone客户端</a>	哈哈，真爱无敌么[衰][衰] //@D-count:连他都有败绩了，世道变了 //@茉莉香片1982:[衰][衰][衰] 没办法。这是找到真爱了。[偷笑][偷笑]//@张晓蕊rry2:。。。。@茉莉香片1982 ，好可怜			1618031204	00	3536596290605535	1397724386444
2318609-	0		1	Mon Mar 11 21:46:21 +0800 2013		type:Pointcoordinates:#39.87216#116.467255	3554782180240505	3554782180240505				3554782180240505	0			0	<a href=" rel="nofollow">iPhone客户端</a>	世间各种狗血事，一桩桩一件件，真是听得人三观尽毁啊[汗][汗][汗]@rebecca鱼 我在:			1618031204	00	0	1397724386444
2318610-	0		0	Sat Mar 09 00:29:53 +0800 2013			3553736184289293	3553736184289293				3553736184289293	0			0	<a href=" rel="nofollow">iPad客户端</a>	哈哈，里面还有你俩倩影呢[哈哈][哈哈] //@靓靓happiness: 必须转哈~[偷笑]			1618031204	00	3553626527989406	1397724386444
2318611-	0		0	Thu Jan 17 23:18:30 +0800 2013			3535598830699066	3535598830699066				3535598830699066	0		#	0	<a href=" rel="nofollow">蚂蜂窝旅行</a>	巴厘岛带回来的香薰灯和精油，真是经济实惠又便宜的好东东，满屋飘香的感觉真好。就是蜡烛烧的飞快啊(#偷笑)(#偷笑)【 @嗡嗡官方微博）			1618031204	00	0	1397724386445
2318612-	0		0	Thu May 23 21:47:10 +0800 2013			3581236721690277	3581236721690277				3581236721690277	0			0	<a href=" rel="nofollow">iPad客户端</a>	哈哈哈，赶紧去吹牛一下。[嘻嘻]//@rebecca鱼:高端了！我居然认识听�员而且是投反对票的！牛！[good]//@茉莉香片1982: @TinaWu2011 [偷笑] //@财经网:【唯一反对票来自媒体】来自腾讯的媒体代表吴婷是24个听证员中唯一反对涨价的代表。她表示出租车涨价是否一定要让乘客来买单这是不是又一次与民争利			1618031204	00	3581208866393469	1397724386445
2318613-	0		0	Sun Sep 02 11:20:21 +0800 2012			3485770956294888	3485770956294888				3485770956294888	0			0	<a href=" rel="nofollow">微博 weibo.com</a>	好看//@李小yoyo: 红毛衣美呆，可是要瘦成一片才能这样穿[泪]			1618031204	00	3485594216527681	1397724386445
2318614-	0		0	Fri Aug 23 07:49:38 +0800 2013			3614365620174528	3614365620174528				3614365620174528	0		#	0	<a href=" rel="nofollow">iPhone客户端</a>	【新浪微博iPhone客户端4.0版全新发布】你有多久没旅行了？回味旅途点滴，一起来分享旅行中的风景、美食与自拍，完成任务还有大奖哦~快开启旅行模式，#带着微博去旅行#[飞机]！下载地址：			1618031204	00	0	1397724386445
2318615-	0		5	Fri Nov 09 13:51:58 +0800 2012			3510451490881456	3510451490881456				3510451490881456	0		#	0	<a href=" rel="nofollow">蚂蜂窝旅行</a>	台湾的果啤，可以配海鲜吃的哟。【			1618031204	00	0	1397724386446
2318616-	0		0	Wed Jul 17 13:03:47 +0800 2013			3601036327285540	3601036327285540				3601036327285540	0			2	<a href=" rel="nofollow">iPad客户端</a>	[good][good]			1618031204	00	3601030035592542	1397724386446
2318617-	0		1	Thu Nov 15 18:39:24 +0800 2012			3512698157014628	3512698157014628				3512698157014628	0			0	<a href=" rel="nofollow">微博 weibo.com</a>	@张晓蕊rry2 @靓靓happiness @化外狂封 咱们没吃这个可惜了啊。还以为兰卡没有美食呢！			1618031204	00	3512671385191514	1397724386446
2318618-	0		3	Tue Jan 22 09:44:05 +0800 2013			3537205811730014	3537205811730014				3537205811730014	0			2	<a href=" rel="nofollow">iPhone客户端</a>	 @翟磊 预备！起[嘻嘻] //@风华正胖:我以前会唱的呀，这会儿找不着调，谁给起个头? //@茉莉香片1982:[挖鼻屎][挖鼻屎]吹吧。你忙着玩儿泥巴呢[偷笑] //@张晓蕊rry2: 难道我都在学习//@茉莉香片1982:靠，你是还想装嫩啊[挖鼻屎][挖鼻屎] //@张晓蕊rry2: 怎么我没看过啊//@茉莉香片1982:我也能啊			1618031204	00	3536692357001488	1397724386446
2318619-	0		16	Sun Jul 07 16:39:40 +0800 2013		type:Pointcoordinates:#39.925896#116.51738	3597466782149883	3597466782149883				3597466782149883	0			0	<a href=" rel="nofollow">iPhone客户端</a>	六号线竟然都有座位，六号线真是可爱啊。想想万恶的十号线，住六号线的同学真幸福[花心][花心][花心] 我在:			1618031204	00	0	1397724386447
2318620-	0		0	Sat Dec 08 09:44:14 +0800 2012			3520898395032504	3520898395032504				3520898395032504	0			1	<a href=" rel="nofollow">iPhone客户端</a>	好啊[鼓掌][鼓掌] //@TinaWu2011:组团去看嘛！@sophyia @茉莉香片1982 @玄圭媛 //@国家博物馆: 购票信息请参考@林兆华戏剧艺术中心 发布的微博~			1618031204	00	3520729678666785	1397724386447
2318621-	0		2	Mon Feb 11 23:59:24 +0800 2013			3544668819806775	3544668819806775				3544668819806775	0		#	0	<a href=" rel="nofollow">蚂蜂窝旅行</a>	折腾了一圈不能丧失好心情，当地的六堡茶，配上新鲜水果，柚子皮做的果脯，宵夜走起(#鼓掌)(#鼓掌)(#鼓掌)【 @嗡嗡官方微博）			1618031204	00	0	1397724386447
2318622-	0		0	Tue Apr 02 10:01:37 +0800 2013			3562577369784521	3562577369784521				3562577369784521	0			1	<a href=" rel="nofollow">iPhone客户端</a>	 @张晓蕊rry2 你的节日真多啊[哈哈][哈哈][哈哈]			1618031204	00	3562559715941947	1397724386447
2318623-	0		0	Wed Jun 13 23:53:22 +0800 2012			3456607046370355	3456607046370355				3456607046370355	0			0	<a href=" rel="nofollow">iPhone客户端</a>	这个狗血的世界，喝点茶顺顺心气儿，等待金星逆行过去。			1618031204	00	3456605683084273	1397724386448
2318624-	3		6	Sun Mar 03 17:20:55 +0800 2013			3551816295554638	3551816295554638				3551816295554638	0		#	0	<a href=" rel="nofollow">蚂蜂窝旅行</a>	下午茶，自制菠萝包。第一次尝试，卖相有点差。但是费了很多心血，开心ing(#芳心)(#芳心)(#芳心)(#芳心)【 @嗡嗡官方微博）			1618031204	00	0	1397724386448
2318625-	0		0	Fri Nov 16 23:46:15 +0800 2012			3513137754012323	3513137754012323				3513137754012323	0			2	<a href=" rel="nofollow">iPhone客户端</a>	 @风华正胖 是那个剪刀手[偷笑][偷笑] //@张晓蕊rry2:@袁晓澜 @自曾晖 @维他命肉丸子 @茉莉香片1982 ，我们滚回火星去吧。。。。@风华正胖 ，你去么			1618031204	00	3512691286761548	1397724386448
2318626-	0		0	Sun Jun 30 15:56:57 +0800 2013			3594919317265947	3594919317265947				3594919317265947	0			0	<a href=" rel="nofollow">iPad客户端</a>	哇噻@索南彭措2012  //@潘石屹: 哪有？			1618031204	00	3592388016978714	1397724386449
2318627-	0		2	Wed Mar 13 23:40:18 +0800 2013			3555535641411919	3555535641411919				3555535641411919	0			0	<a href=" rel="nofollow">iPad客户端</a>	我爱这款[馋嘴][馋嘴]			1618031204	00	3555531061179442	1397724386449
2318628-	0		14	Fri May 03 22:51:20 +0800 2013			3574005103975077	3574005103975077				3574005103975077	0		#	2	<a href=" rel="nofollow">美图秀秀iPhone版</a>	第一次做寿司。明天的便当走起[哈哈]  @rebecca鱼 你觉得能打几分？[偷笑][偷笑] #美图秀秀随手拍#			1618031204	00	0	1397724386449
2318629-	0		0	Thu Apr 11 10:36:02 +0800 2013			3565847526394924	3565847526394924				3565847526394924	0			0	<a href=" rel="nofollow">iPad客户端</a>	mark[馋嘴]			1618031204	00	3563037652859276	1397724386449
2318630-	0		0	Tue Mar 05 09:59:52 +0800 2013			3552430069187866	3552430069187866				3552430069187866	0			0	<a href=" rel="nofollow">iPhone客户端</a>	保障房也没保障到人民头上[衰][衰] //@张欧芭:[衰]真假的，要是建委领导这么解读还情有可原，专家不应该官员化。1800万套有几成是真的？？//@新浪财经: 专家点评：五年来保障房建设成效显著			1618031204	00	3552426201974393	1397724386450
2318631-	0		0	Tue Aug 07 13:45:39 +0800 2012			3476385437676194	3476385437676194				3476385437676194	0			1	<a href=" rel="nofollow">微博 weibo.com</a>	缺憾美，裁判缺心眼吧！！//@贺文娟Jocelyn: 我看他说的时候，眼泪一直在眼眶里打转，我的心都疼了			1618031204	00	3476360725046543	1397724386450
2318632-	0		0	Sat Mar 29 10:09:13 +0800 2014			3693401301835592	3693401301835592				3693401301835592	0			0	<a href=" rel="nofollow">媒体版微博</a>	不想巩俐演，觉得巩俐跟黄婉瑜根本不是一个气质啊[泪流满面]			1618031204	00	3693157897936857	1397724386450
2318633-	0		2	Fri Jul 27 08:25:42 +0800 2012			3472318652752491	3472318652752491				3472318652752491	0			0	<a href=" rel="nofollow">iPhone客户端</a>	[偷笑][偷笑]血统纯正啊 //@王家猫:正黄旗，谢谢！//@茉莉香片1982:文案亮了，蓝天亮了，“镶黄旗”更亮了[偷笑]//@寻找旅行家: 标题真亮！大晴天！			1618031204	00	3472096607050371	1397724386450
2318634-	0		2	Sat Oct 13 21:27:23 +0800 2012			3500781636073807	3500781636073807				3500781636073807	0		#	9	<a href=" rel="nofollow">iPhone客户端</a>	辛苦的晚餐成果，果然还是自己做东西吃的放心。地沟油牛排神马的弱爆了！@张晓蕊rry2 @TinaWu2011 @风华正胖 @rebecca鱼 @袁晓澜 验验货，还行吧。			1618031204	00	0	1397724386451
2318635-	0		0	Sun Mar 24 10:29:51 +0800 2013			3559322992423462	3559322992423462				3559322992423462	0			1	<a href=" rel="nofollow">iPhone客户端</a>	那想吃茶树菇的有快递吗[偷笑][偷笑]			1618031204	00	3559129623178201	1397724386451
2318636-	0		0	Sun May 26 09:00:53 +0800 2013			3582131030930169	3582131030930169				3582131030930169	0			1	<a href=" rel="nofollow">iPhone客户端</a>	mark			1618031204	00	3582130834029417	1397724386451
2318637-	0		5	Tue Nov 06 10:09:45 +0800 2012			3509308400219178	3509308400219178				3509308400219178	0			0	<a href=" rel="nofollow">iPhone客户端</a>	 @索南彭措2012  //@拉萨王郢:大理的未开发是最大的魅力！//@奚志农:@局部:所言极是!洱海的幸运在于处在下关这个大城市的上游,而滇池的不幸就是位于昆明这个城市的下游。 //@奚志农:大理最宝贵的价值就在于还未被大规模破坏的现状,愚蠢之极的"西夷之大理"的教训还不够吗!?			1618031204	00	3509155006559542	1397724386452
2318638-	0		5	Tue Dec 04 18:21:22 +0800 2012			3519578984385453	3519578984385453				3519578984385453	0			0	<a href=" rel="nofollow">微博 weibo.com</a>	大美妞，改天约个饭呗[嘻嘻]			1618031204	00	3519575192928098	1397724386452
2318639-	0		0	Tue May 29 00:53:20 +0800 2012			3450823923015889	3450823923015889				3450823923015889	0			1	<a href=" rel="nofollow">iPhone客户端</a>	这个鼓拉轰啊，我喜欢。昨天我还把咱俩在柬埔寨买的鼓拿出来赏玩了一番呢[太开心][太开心]			1618031204	00	3450823164176661	1397724386452
2318640-	0		3	Wed Mar 20 12:11:03 +0800 2013			3557898908699676	3557898908699676				3557898908699676	0			3	<a href=" rel="nofollow">微博 weibo.com</a>	中国就是个崇尚精英主义的社会，越精英越占用更多公共资源。弱势群体想寻求庇护，别投胎来中国了。//@刘启斌: 无语。。。			1618031204	00	3557881598779429	1397724386452
2318641-	0		2	Fri Jun 22 00:07:50 +0800 2012			3459509798827875	3459509798827875				3459509798827875	0			0	<a href=" rel="nofollow">iPhone客户端</a>	飞走是不可能了，电闪雷鸣加暴雨。可恶的是@中国南方航空 拒绝找宾馆让旅客休息。说还没到四个小时。 //@Ray小静:还没飞走？！ //@左岸咖啡chrishu:��微博			1618031204	00	3459498415353257	1397724386453
2318642-	0		0	Sun Jun 24 19:05:31 +0800 2012			3460520872996218	3460520872996218				3460520872996218	0			1	<a href=" rel="nofollow">iPhone客户端</a>	天哇！[泪]			1618031204	00	3460520231327232	1397724386453
2318643-	0		2	Tue Oct 02 15:30:13 +0800 2012			3496705477695578	3496705477695578				3496705477695578	0		#	0	<a href=" rel="nofollow">蚂蜂窝旅行</a>	吃饭了。今天佛寺半日游，着长袖长裙，进寺庙要光脚。一上午下来感觉浑身湿透，脚底着火。【			1618031204	00	0	1397724386453
2318644-	0		0	Thu Jul 11 15:28:34 +0800 2013			3598898435755342	3598898435755342				3598898435755342	0			0	<a href=" rel="nofollow">iPad客户端</a>	[馋嘴][馋嘴][馋嘴][馋嘴] //@Discovery纪录片: 阿娘面：可以鲜掉眉毛的黄鱼面，超爽！			1618031204	00	3597917409435390	1397724386453
2318645-	0		15	Thu Jun 13 12:35:43 +0800 2013			3588708080890981	3588708080890981				3588708080890981	0		#	0	<a href=" rel="nofollow">蚂蜂窝旅行</a>	发呆、晃悠、逛街，睡到自然醒，两天的日子真惬意。又要踏上归途开始忙碌和拥挤的生活。但也因为此才显得假期的可贵吧。(#想你)(#想你)(#想你)(#想你)@嗡嗡官方微博 分享自西塘N30.9°，E120.9°>>>			1618031204	00	0	1397724386454
2318646-	0		2	Mon May 21 18:12:59 +0800 2012		type:Pointcoordinates:#34.255856#108.925156	3448186460755540	3448186460755540				3448186460755540	0		#	0	<a href=" rel="nofollow">iPhone客户端</a>	我在这里: #西安市区#雨中的城墙厚重一些。离近了看，城墙真高啊[偷笑] 			1618031204	00	0	1397724386454
2318647-	0		0	Wed Dec 19 23:54:34 +0800 2012			3525098654530676	3525098654530676				3525098654530676	0			1	<a href=" rel="nofollow">iPad客户端</a>	做好该做的，莫强求，顺其自然[心][心]@rebecca鱼 			1618031204	00	3525097556097845	1397724386454
2318648-	0		0	Thu Feb 14 18:48:50 +0800 2013			3545677826846341	3545677826846341				3545677826846341	0		#	0	<a href=" rel="nofollow">蚂蜂窝旅行</a>	服务不错，态度好服务主动，结帐时候还有情人节礼物，贴心。哈哈(#赞)(#赞)【 @嗡嗡官方微博）			1618031204	00	0	1397724386454
2318649-	0		0	Sat Nov 10 19:45:04 +0800 2012			3510902739375470	3510902739375470				3510902739375470	0		#	0	<a href=" rel="nofollow">蚂蜂窝旅行</a>	日月潭伊达邵码头。【			1618031204	00	0	1397724386455
2318650-	0		0	Mon Dec 31 00:03:54 +0800 2012			3529087270584306	3529087270584306				3529087270584306	0			0	<a href=" rel="nofollow">iPhone客户端</a>	用嗡嗡搭讪过，才是真爱[偷笑][偷笑]赶紧的@张晓蕊rry2			1618031204	00	3528888921529364	1397724386455
2318651-	0		2	Tue Apr 16 17:05:22 +0800 2013			3567757439928772	3567757439928772				3567757439928772	0			3	<a href=" rel="nofollow">微博 weibo.com</a>	转发，救救孩子！！//@张晓蕊rry2:请救救这个从河北蔚县贫困村来北京治病的孩子，九岁的石惠戎得了血小板无力症已找到干细胞配型，但是没有四十万治不了，新京报等媒体报道了，爱心人士捐的钱也都花完了，请@北京成龙慈善基金会 救助，几个月后不能完成干细胞移植就会死去			1618031204	00	3554772516671284	1397724386455
2318652-	0		1	Tue Mar 05 15:17:21 +0800 2013			3552509974604584	3552509974604584				3552509974604584	0			1	<a href=" rel="nofollow">微博 weibo.com</a>	如果这个版本换过来，改成去美帝淘金的老杨90年代回国购房，就皆大欢喜了，唉。。。。。。。			1618031204	00	3552504920578709	1397724386456
2318653-	0		3	Sun Jun 17 02:02:44 +0800 2012			3457726765840080	3457726765840080				3457726765840080	0			0	<a href=" rel="nofollow">iPhone客户端</a>	失眠的要疯啦[泪][泪]			1618031204	00	3457726363180051	1397724386456
2318654-	0		2	Sat Sep 08 01:10:36 +0800 2012		type:Pointcoordinates:#39.87225#116.464554	3487791834623965	3487791834623965				3487791834623965	0		#	0	<a href=" rel="nofollow">iPhone客户端</a>	张玮唱歌的时候，这个小盆友亮了。笑喷了我[哈哈][哈哈][哈哈] 我在:			1618031204	00	0	1397724386456
2318655-	0		2	Fri Dec 28 16:59:39 +0800 2012			3528255724144477	3528255724144477				3528255724144477	0			1	<a href=" rel="nofollow">微博 weibo.com</a>	新开放呀，要不要去看看？@笨笨晓晓猪 @索南彭措2012			1618031204	00	3528225768529351	1397724386456
2318656-	0		0	Mon Mar 11 00:06:25 +0800 2013			3554455050392091	3554455050392091				3554455050392091	0			1	<a href=" rel="nofollow">iPad客户端</a>	@疯果子 @王家猫  //@ZhangYang��: 书中共介绍了52处北京秘境，除了微博中已有的50处，还有《北京象牙雕刻厂：曾“琢”出半个首钢》和《琉璃渠：皇家“金屋顶”made in 小山村》这两处。			1618031204	00	3553348835709599	1397724386457
2318657-	2		0	Fri Aug 30 19:14:26 +0800 2013			3617074674640894	3617074674640894				3617074674640894	0			1	<a href=" rel="nofollow">微博 weibo.com</a>	咨询了一圈貌似只有帝都这样，是帝都孩纸们的钱好骗还是什么原因。今天真是涨姿势！！！[good][good]@自曾晖 你可以了解下昆明貌似也不像北京这么黑吧。//@索南彭措2012: 没错，他们就是这么一个行业，打着改水电以实际发生为准的旗帜。乱收费！！！比预算高出50%都算你占便宜了！			1618031204	00	3617072078360379	1397724386457
2318658-	0		1	Sat Dec 08 16:37:10 +0800 2012			3521002309142351	3521002309142351				3521002309142351	0			0	<a href=" rel="nofollow">iPhone客户端</a>	[花心][花心] 喜欢//@经典英文语录:迷人的黑色美甲，喜欢吗？			1618031204	00	3519796866173389	1397724386457
2318659-	0		4	Sun Mar 17 23:58:28 +0800 2013			3556989764594603	3556989764594603				3556989764594603	0			0	<a href=" rel="nofollow">iPad客户端</a>	这个不错mark了。求地址[花心][花心]			1618031204	00	3556987670897274	1397724386457
2318660-	1		1	Mon Mar 18 16:07:09 +0800 2013			3557233545536978	3557233545536978				3557233545536978	0			2	<a href=" rel="nofollow">微博 weibo.com</a>	中国环境不行，老外加个班都要罢工闹事，中国竞争激烈通常不会这样。我朋友在在德国，公司经常有公司员工从中国去总部培训，老外曰：为什么那两个中国人人天天干那么多活还那么开心？环境不同心境不同。//@clover张三: //@寻找旅行家: //@任志强: 对每个人都一样//@王巍w:学习 //@何兵: 生活是第一位的			1618031204	00	3556977558688127	1397724386458
2318661-	0		2	Sat May 25 10:01:24 +0800 2013			3581783876996270	3581783876996270				3581783876996270	0			0	<a href=" rel="nofollow">iPhone客户端</a>	同样的祝福送给今天同样当新娘子的@笨笨晓晓猪 亲爱的不能到现场了，遥祝你新婚快乐吧[爱你][爱你][爱你]			1618031204	00	3581781725197113	1397724386458
2318662-	0		0	Sun Mar 24 21:38:10 +0800 2013			3559491176368275	3559491176368275				3559491176368275	0			0	<a href=" rel="nofollow">iPad客户端</a>	转发微博			1618031204	00	3559379914006382	1397724386458
2318663-	0		1	Sat Jan 18 18:55:47 +0800 2014			3668166679340575	3668166679340575				3668166679340575	0			1	<a href=" rel="nofollow">微博搜索</a>	好想吃蛋糕！！！			1618031204	00	3666270304327525	1397724386458
2318664-	0		0	Wed Apr 03 14:24:44 +0800 2013			3563005973398094	3563005973398094				3563005973398094	0			1	<a href=" rel="nofollow">iPhone客户端</a>	转发微博			1618031204	00	3562954605986476	1397724386459
2318665-	0		0	Wed Feb 06 11:00:42 +0800 2013			3542660901845993	3542660901845993				3542660901845993	0			0	<a href=" rel="nofollow">微博 weibo.com</a>	未来要更好的将网络和现实结合？//@创业家杂志: 转发微博			1618031204	00	3542134961072984	1397724386459
2318666-	0		0	Thu May 16 12:19:58 +0800 2013			3578557257470304	3578557257470304				3578557257470304	0			1	<a href=" rel="nofollow">iPad客户端</a>	我要这个！@张晓蕊rry2 			1618031204	00	3578522813775378	1397724386459
2318667-	0		4	Mon Jun 10 09:15:06 +0800 2013			3587570426759472	3587570426759472				3587570426759472	0		#	0	<a href=" rel="nofollow">美颜相机iPhone版</a>	 旅途中无聊到自拍，哈哈。   #美颜相机iPhone版#分享图片			1618031204	00	0	1397724386459
2318668-	0		1	Mon Sep 24 12:15:24 +0800 2012			3493757342727376	3493757342727376				3493757342727376	0			1	<a href=" rel="nofollow">微博 weibo.com</a>	这种状态真心好，但是生活怎能只是如此的美好，也有残酷的一面。//@sophyia: 执子之手，一起旅行。			1618031204	00	3493495556002899	1397724386460
2318669-	0		23	Wed Nov 07 10:31:18 +0800 2012			3509676216064209	3509676216064209				3509676216064209	0			0	<a href=" rel="nofollow">iPhone客户端</a>	 @索南彭措2012 这话很凄凉啊，但是有道理[泪]人生啊[泪][泪]			1618031204	00	3509658977609716	1397724386460
2318670-	0		5	Tue Aug 28 09:55:01 +0800 2012			3483937550562323	3483937550562323				3483937550562323	0			0	<a href=" rel="nofollow">iPhone客户端</a>	 @稻子武士曹健			1618031204	00	3483930525302443	1397724386460
2318671-	0		0	Thu Jul 25 23:47:16 +0800 2013			3604097377001672	3604097377001672				3604097377001672	0			0	<a href=" rel="nofollow">iPad客户端</a>	[馋嘴][馋嘴][馋嘴]			1618031204	00	3604091131425612	1397724386460
2318672-	0		0	Mon Feb 11 09:40:06 +0800 2013			3544452561474136	3544452561474136				3544452561474136	0		#	0	<a href=" rel="nofollow">蚂蜂窝旅行</a>	细雨绵绵，冒雨出发阳朔。好期待(#芳心)(#芳心)【 @嗡嗡官方微博）			1618031204	00	0	1397724386461
2318673-	1		1	Fri Mar 14 13:40:29 +0800 2014			3688018651020016	3688018651020016				3688018651020016	0			1	<a href=" rel="nofollow">微博 weibo.com</a>	好稀饭这款！！			1618031204	00	3687248149016946	1397724386461
2318674-	0		10	Fri May 31 13:32:05 +0800 2013			3584011219370112	3584011219370112				3584011219370112	0			0	<a href=" rel="nofollow">微博 weibo.com</a>	肖总，上次您来我不巧参加婚礼不在北京，啥时候赏脸再来一次呗，给我一个赎罪的机会[笑哈哈]//@emmaxiao: 还是现在看起来年轻点			1618031204	00	3583808501127085	1397724386461
2318675-	0		0	Fri Oct 12 18:36:10 +0800 2012			3500376147723162	3500376147723162				3500376147723162	0			1	<a href=" rel="nofollow">iPhone客户端</a>	[汗][汗]就是友情拍个照。2姐你这个大惊小怪的[鄙视][鄙视]			1618031204	00	3500375795375415	1397724386462
2318676-	1		1	Thu Jul 25 23:51:19 +0800 2013			3604098387901082	3604098387901082				3604098387901082	0			1	<a href=" rel="nofollow">iPad客户端</a>	禽兽[弱][弱][弱] //@微博会员: #为被摔女童祈祷#恶男良心是被狗吃了吗！！可恶，祈祷小朋友平安！[心]//@微博小秘书: #为被摔女童祈祷#[心]@平安北京 通报，截至25日晚21时45分左右，被摔伤的女童仍在抢救中。			1618031204	00	3604009539121468	1397724386462
2318677-	0		1	Wed Sep 12 12:25:08 +0800 2012			3489411137953667	3489411137953667				3489411137953667	0			0	<a href=" rel="nofollow">微博 weibo.com</a>	@TinaWu2011 @sophyia @张晓蕊rry2 //@东-波: 拉斯维加斯 巴黎 伦敦 马代 捷克。。。 @莞儿Vivian @纳丹堡 @茉莉香片1982			1618031204	00	3489399210115245	1397724386462
2318678-	0		0	Sat May 25 11:17:17 +0800 2013		type:Pointcoordinates:#44.98545#126.04092	3581802973250192	3581802973250192				3581802973250192	0		#	1	<a href=" rel="nofollow">iPhone客户端</a>	好室友。谢谢我们都安全的活下来了，而且感情非常好[哈哈][哈哈]@sisi0606  我在:			1618031204	00	0	1397724386462
2318679-	0		0	Sat Jan 19 12:00:50 +0800 2013			3536153061703029	3536153061703029				3536153061703029	0			0	<a href=" rel="nofollow">iPhone客户端</a>	你知道的太多了[偷笑][偷笑] //@张晓蕊rry2:像不像绿豆蝇//@茉莉香片1982:@袁晓澜 闪亮登场啊！这个厉害了！[偷笑][偷笑]			1618031204	00	3536118999983876	1397724386463
2318680-	0		3	Tue Sep 17 08:25:07 +0800 2013			3623434250904083	3623434250904083				3623434250904083	0			1	<a href=" rel="nofollow">iPhone客户端</a>	要是有这么长假期特别想走这一趟[花心][花心][花心] //@经典英文语录:身不能至，心向往之			1618031204	00	3623131023424031	1397724386463
2318681-	1		1	Wed Aug 14 00:00:28 +0800 2013			3610986068088509	3610986068088509				3610986068088509	0			0	<a href=" rel="nofollow">iPad客户端</a>	@风华正胖 这个赞[花心][花心] //@阳朔院子院子客栈: 要不要这么美！			1618031204	00	3610905113761857	1397724386463
2318682-	0		0	Tue May 22 09:12:16 +0800 2012			3448412772731699	3448412772731699				3448412772731699	0			1	<a href=" rel="nofollow">iPhone客户端</a>	在西大望路堵死了，走过去都用不了这么久[抓狂][抓狂][抓狂]			1618031204	00	3448403490894559	1397724386463
2318683-	0		0	Fri May 24 21:40:45 +0800 2013			3581597481840971	3581597481840971				3581597481840971	0			0	<a href=" rel="nofollow">iPhone客户端</a>	 @索南彭措2012 你怎么看？ //@司徒绿:专注偷拍三十年。			1618031204	00	3570003250617507	1397724386464
2318684-	0		2	Mon Jul 22 18:01:10 +0800 2013			3602923114478434	3602923114478434				3602923114478434	0			0	<a href=" rel="nofollow">iPhone客户端</a>	实在太恶心了[抓狂][抓狂]			1618031204	00	3602919058719733	1397724386464
2318685-	0		9	Sat Jun 23 11:24:44 +0800 2012			3460042525563347	3460042525563347				3460042525563347	0			0	<a href=" rel="nofollow">iPhone客户端</a>	在凤凰认识的可爱白羊小妹妹拍的我。我发现我对白羊座的孩纸总是充满好感[爱你]			1618031204	00	3460013374563460	1397724386464
2318686-	0		0	Tue May 14 16:30:35 +0800 2013			3577895555332634	3577895555332634				3577895555332634	0			0	<a href=" rel="nofollow">微博 weibo.com</a>	哈哈，@EU-雅 你看有人很识货啊！夸你啦！！//@杨晓宾: 回复@D-count:这模特不错。。 //@D-count:那为了让马总统放心，咱还是把小广告转起吧！哈哈 //@D-count: //@稻子武士曹健: 转发微博			1618031204	00	3577870787899494	1397724386465
2318687-	0		2	Mon Feb 11 20:21:55 +0800 2013			3544614088330871	3544614088330871				3544614088330871	0		#	0	<a href=" rel="nofollow">蚂蜂窝旅行</a>	拥挤不堪的人群中，隐约得见。【 @嗡嗡官方微博）			1618031204	00	0	1397724386465
2318688-	0		0	Wed Dec 05 09:32:43 +0800 2012			3519808333522219	3519808333522219				3519808333522219	0			1	<a href=" rel="nofollow">iPhone客户端</a>	[偷笑] //@嘉沐:[衰]			1618031204	00	3519781279850708	1397724386465
2318689-	0		0	Wed Jul 04 08:46:15 +0800 2012			3463988903558105	3463988903558105				3463988903558105	0			0	<a href=" rel="nofollow">iPhone客户端</a>	正在当记者和曾经当过记者的孩纸们，看看去[酷] //@姚晨:谢谢真记者陈峰老师的专业点评，＂山寨记者＂姚童鞋踏实鸟。[汗]@电影搜索官方微博			1618031204	00	3463853268126301	1397724386465
2318690-	0		1	Fri Jan 25 23:20:32 +0800 2013			3538498437327152	3538498437327152				3538498437327152	0			1	<a href=" rel="nofollow">iPad客户端</a>	我要红包！ //@携程旅游: 半夜里的运气会不会更好些？唔，不管你信不信，反正我是信了！[偷笑]			1618031204	00	3536900168598681	1397724386466
2318691-	0		0	Thu Sep 05 08:30:34 +0800 2013			3619086968145554	3619086968145554				3619086968145554	0			0	<a href=" rel="nofollow">iPhone客户端</a>	 @索南彭措2012 什么时候涨到几百万我们把它卖了吧[偷笑][偷笑][偷笑] //@莫菲:！！！			1618031204	00	3619079522674840	1397724386466
2318692-	0		0	Wed Jan 23 12:04:33 +0800 2013			3537603548779461	3537603548779461				3537603548779461	0			1	<a href=" rel="nofollow">iPhone客户端</a>	是喜欢借关注你的生活表现他们的优越感[衰] //@吴培crystal:中国化七大姑八大姨，喜欢关注他人生活[泪流满面]//@茉莉香片1982: 年关真是一点儿也不差，都不想回家了[晕][晕]@rebecca鱼			1618031204	00	3537599950196700	1397724386466
2318693-	0		0	Thu Nov 07 11:15:47 +0800 2013			3641958977292161	3641958977292161				3641958977292161	0			1	<a href=" rel="nofollow">iPhone客户端</a>	 @TinaWu2011 @D-count @笨笨晓晓猪 快来试试手气[爱你][爱你]			1618031204	00	3641029070463124	1397724386467
2318694-	0		0	Wed Sep 12 15:11:31 +0800 2012			3489453009817269	3489453009817269				3489453009817269	0			0	<a href=" rel="nofollow">微博 weibo.com</a>	高度同意！！！//@风华正胖: 一起去吧，让 @金茂雪山语 买单。 @茉莉香片1982 @维他命肉丸子 @袁晓澜 @张晓蕊rry2 //@房地产世界--宋宇伟: 支持!! //			1618031204	00	3489404670253289	1397724386467
2318695-	0		5	Thu Oct 18 08:51:20 +0800 2012			3502403296473791	3502403296473791				3502403296473791	0			0	<a href=" rel="nofollow">iPhone客户端</a>	在北京突然变成这种天气而暖气儿还迟迟没影的时候，起床就变成了我最想反社会的时候。[衰][怒]			1618031204	00	0	1397724386467
2318696-	0		0	Sat Aug 31 13:04:50 +0800 2013			3617344050273746	3617344050273746				3617344050273746	0			0	<a href=" rel="nofollow">iPhone客户端</a>	地铁是连根针的距离都难找。			1618031204	00	3617335061647117	1397724386467
2318697-	0		0	Fri May 25 19:01:18 +0800 2012			3449648171353883	3449648171353883				3449648171353883	0			1	<a href=" rel="nofollow">微博 weibo.com</a>	不错不错，这个好[good]//@杂志客厅: “我是沈小毛，单车火车两条腿，相机画笔和自己，在遥远的地方寻找故乡，在陌生的人海遇见熟悉，我是旅行家！” 26日，刚刚返京的@沈小毛在环岛做客“台湾本土纪录片观摩季”第二单元沙龙，与大家聊聊台湾建筑，聊聊环岛奇遇。@蚂蜂窝旅游攻略			1618031204	00	3449531632688497	1397724386468
2318698-	0		0	Tue Mar 19 23:30:09 +0800 2013			3557707426705068	3557707426705068				3557707426705068	0			0	<a href=" rel="nofollow">iPad客户端</a>	 //@李国平: 增加税赋其实就是政府在房地产这个全民游戏中掠夺最大的利益，结果只能火上浇油！//@胡舒立: #视频＋分析#财新记者的统计发现，这十年间，仅针对房地产业征收的五大税种，其总收入从 2003年的900多亿元，暴涨至2012年的1.01万亿元，增幅高达十倍有余。财新网			1618031204	00	3557608876697518	1397724386468
2318699-	0		0	Sat Apr 20 00:41:21 +0800 2013			3568959360580371	3568959360580371				3568959360580371	0			0	<a href=" rel="nofollow">iPad客户端</a>	我今晚也去看了啊！晕。早知道找你了[衰][衰][衰]			1618031204	00	3568949902009310	1397724386468
2318700-	0		0	Sun Mar 10 23:27:07 +0800 2013			3554445159835642	3554445159835642				3554445159835642	0			0	<a href=" rel="nofollow">iPad客户端</a>	啥时候人都不少。@张晓蕊rry2 @靓靓happiness @玄圭媛 @emmaxiao [偷笑][偷笑]			1618031204	00	3554429938730279	1397724386468
2318701-	0		0	Tue Oct 01 18:51:29 +0800 2013			3628665310704228	3628665310704228				3628665310704228	0		#	0	<a href=" rel="nofollow">Android客户端</a>	【新浪微博Android客户端4.0版全新发布】你有多久没旅行了？回味旅途点滴，一起来分享旅行中的风景、美食与自拍，完成任务还有大奖哦~快开启旅行模式，#带着微博去旅行#[飞机]！下载地址：			1618031204	00	0	1397724386469
2318702-	0		0	Tue Dec 18 10:09:58 +0800 2012			3524528749466348	3524528749466348				3524528749466348	0			0	<a href=" rel="nofollow">iPhone客户端</a>	[哈哈][哈哈] //@嘉沐:[衰]			1618031204	00	3524521418053255	1397724386469
2318703-	0		0	Fri Mar 29 17:04:54 +0800 2013			3561234349613692	3561234349613692				3561234349613692	0			0	<a href=" rel="nofollow">微博 weibo.com</a>	@索南彭措2012 记得看呀。@香道小萌 //@姜mf: 摘录到《财经地理》 			1618031204	00	3560881398674059	1397724386469
2318704-	0		0	Fri Oct 12 18:38:58 +0800 2012			3500376864589372	3500376864589372				3500376864589372	0			1	<a href=" rel="nofollow">iPhone客户端</a>	你说的是@张晓蕊rry2 么[思考][思考] //@风华正胖:有个女人遭人恨。 //@张晓蕊rry2:超龄//@茉莉香片1982:胡总给介绍个公司？[偷笑] //@风华正胖:进军娱乐圈?			1618031204	00	3500375795375415	1397724386470
2318705-	0		0	Tue May 14 23:05:13 +0800 2013			3577994860225119	3577994860225119				3577994860225119	0		#	0	<a href=" rel="nofollow">iPad客户端</a>	我刚更新了微博HD V3.3.0！信息流全面改造，带来新鲜的阅读体验；全面支持赞，轻松表达态度！快来下载体验吧！			1618031204	00	0	1397724386470
2318706-	0		0	Mon Jun 10 20:42:07 +0800 2013			3587743328229831	3587743328229831				3587743328229831	0		#	0	<a href=" rel="nofollow">蚂蜂窝旅行</a>	报菜名，笋干蒸河虾。@嗡嗡官方微博 分享自绍兴N30°，E120.6°>>>			1618031204	00	0	1397724386470
2318707-	0		1	Sat Jan 19 14:30:46 +0800 2013			3536190789829484	3536190789829484				3536190789829484	0			0	<a href=" rel="nofollow">iPhone客户端</a>	哈哈哈，圣诞树真给力[哈哈][哈哈]@袁晓澜 你怎么看[酷][酷]			1618031204	00	3536189653485006	1397724386470
2318708-	0		0	Sun Oct 14 22:32:13 +0800 2012			3501160322882337	3501160322882337				3501160322882337	0			1	<a href=" rel="nofollow">iPhone客户端</a>	[泪][泪]回来就各自苦逼了 //@靓靓happiness:我回来还没空弄照片呢~回来就加班不断[泪][抓狂] //@茉莉香片1982: 果然很悲催[泪] 更悲催的是，你照片还没给我发[怒]//@张晓蕊rry2:世界上悲催的是，你要@他，他不上微博 //@茉莉香片1982:[偷笑]@化外狂封  //@靓靓happiness:@张晓蕊rry2 @茉莉香片1982			1618031204	00	3501144708163504	1397724386471
2318709-	0		1	Thu Oct 04 01:16:03 +0800 2012			3497215291410464	3497215291410464				3497215291410464	0			1	<a href=" rel="nofollow">iPhone客户端</a>	海内存知己。大爬梯太欢乐[鼓掌][鼓掌]@张晓蕊rry2 @靓靓happiness @化外狂封			1618031204	00	3497175390297177	1397724386471
2318710-	0		0	Mon Aug 05 21:25:43 +0800 2013			3608048025640855	3608048025640855				3608048025640855	0			0	<a href=" rel="nofollow">iPad客户端</a>	 //@潘石屹: 转发微博			1618031204	00	3608030593667823	1397724386471
2318711-	0		0	Tue Dec 04 09:40:15 +0800 2012			3519447836950798	3519447836950798				3519447836950798	0			0	<a href=" rel="nofollow">iPhone客户端</a>	一个轮胎，他的漂流一定比PI更奇幻[哈哈][哈哈][哈哈] //@三大名捕排名第四:回复@蠕动混沌阿卡林:[哈哈]			1618031204	00	3519441385621792	1397724386472
2318712-	0		1	Mon Jun 18 09:50:07 +0800 2012			3458206775194592	3458206775194592				3458206775194592	0			0	<a href=" rel="nofollow">iPhone客户端</a>	这[泪] //@唐爱超://@喻巴子:据中国地震台网消息，2012年06月18日03时05分在天津市宝坻区、河北省唐山市玉田县交界(北纬39.6度，东经117.6度)发生4.0级地震，震源深度9公里.//@August_Xuan:求辟谣 //@喻巴子:地震云，还挺准。			1618031204	00	3458005167063634	1397724386472
2318713-	0		0	Tue Jul 17 09:57:18 +0800 2012			3468717826239531	3468717826239531				3468717826239531	0			0	<a href=" rel="nofollow">iPhone客户端</a>	2姐说的对，我们就不跟你媳妇儿抢了[偷笑] //@张晓蕊rry2:你可以今年结婚时去 //@翟磊:前100没戏了啊，看来我不能陪你们去了。 @张晓蕊rry2 @茉莉香片1982			1618031204	00	3468131584383899	1397724386472
2318714-	0		0	Thu Oct 04 02:07:36 +0800 2012			3497228263733090	3497228263733090				3497228263733090	0			0	<a href=" rel="nofollow">iPhone客户端</a>	 @TinaWu2011 都是泪啊 //@17幸福8老板娘:[泪]			1618031204	00	3497127777299049	1397724386472
2318715-	0		0	Sat Mar 23 21:18:58 +0800 2013			3559123947368966	3559123947368966				3559123947368966	0			1	<a href=" rel="nofollow">iPad客户端</a>	我也观摩评论的[围观] //@张学冬: 我也是看评论的。 //@孙雪东:我是来看评论的。			1618031204	00	3559052011245884	1397724386473
2318716-	0		1	Sat Oct 12 16:45:37 +0800 2013			3632619898306989	3632619898306989				3632619898306989	0			0	<a href=" rel="nofollow">Android客户端</a>	好吧。我想起的咋就是罗马假日呢。人家还说条条大路通北京呢。[挖鼻屎][挖鼻屎]			1618031204	00	3632618693796289	1397724386473
2318717-	0		0	Sat Jul 07 10:48:11 +0800 2012			3465106753044301	3465106753044301				3465106753044301	0			0	<a href=" rel="nofollow">iPhone客户端</a>	[哈哈][哈哈][哈哈][哈哈] //@VIVA畅读:周末好欢乐，方舟子和罗玉凤亮了~			1618031204	00	3465100583543691	1397724386473
2318718-	0		3	Thu Sep 20 10:35:32 +0800 2012		type:Pointcoordinates:#39.889114#116.46165	3492282658981972	3492282658981972				3492282658981972	0			1	<a href=" rel="nofollow">iPhone客户端</a>	亮马桥站不知道解封了没有？ 我在:			1618031204	00	0	1397724386473
2318719-	0		0	Fri Sep 07 23:07:32 +0800 2012			3487760868136729	3487760868136729				3487760868136729	0			0	<a href=" rel="nofollow">iPhone客户端</a>	同意，本来哈林组学员水平比较弱，但从观赏性上讲，那组是最强的！没得说！牛！ //@lana海盗老板娘:喜欢汪峰的也顶下！不过编排上还是庾澄庆那组牛，王治平太牛啦//@陈方勇_Frank:得感谢汪峰，所有的歌唱来都特爷们，这小伙最后那下嘶吼特到位，HI			1618031204	00	3487756632060406	1397724386474
2318720-	0		3	Wed Dec 18 13:31:29 +0800 2013			3656851029564113	3656851029564113				3656851029564113	0			0	<a href=" rel="nofollow">Android客户端</a>	@中国工商银行			1618031204	00	3656849855246724	1397724386474
2318721-	0		8	Sat Oct 19 12:54:52 +0800 2013			3635098543130149	3635098543130149				3635098543130149	0			2	<a href=" rel="nofollow">iPhone客户端</a>	赞一个！[花心] //@风逝olf:@茉莉香片1982 @靓靓happiness @张晓蕊rry2 快来看，快来看//@小楼一噎听春雨:转发微博			1618031204	00	3634490943239180	1397724386474
2318722-	0		0	Fri Sep 28 15:51:59 +0800 2012			3495261404391144	3495261404391144				3495261404391144	0		#	0	<a href=" rel="nofollow">蚂蜂窝旅行</a>	旅行是生命的养料，我刚刚下载了蚂蜂窝【金灿银杏】#旅游攻略#。旅游出行，攻略在手，行程无忧！你准备去哪里旅行呢？[疑问]快来看看吧！[围观]  (@蚂蜂窝旅游攻略)			1618031204	00	0	1397724386475
2318723-	0		0	Sat Jun 16 00:49:14 +0800 2012			3457345876895123	3457345876895123				3457345876895123	0			0	<a href=" rel="nofollow">iPhone客户端</a>	哎呀要听听[鼓掌][鼓掌] //@凉憨憨:回复@郑东阳:哇喔，好久木有听天津的广播鸟~东阳老师[威武][鼓掌] //@郑东阳:@Susie_瑶 @�凰�台�站 @台大的阿杜 @茉莉香片1982 @凉憨憨 @写字者史潇潇 @李芗			1618031204	00	3457287907703701	1397724386475
2318724-	0		1	Tue Jan 29 18:52:06 +0800 2013			3539880443118154	3539880443118154				3539880443118154	0			1	<a href=" rel="nofollow">专业版微博</a>	太实用了，必须mark之。[赞]@张晓蕊rry2 @索南彭措2012			1618031204	00	3539836012867272	1397724386475
2318725-	0		2	Mon Aug 12 00:16:04 +0800 2013			3610265214048989	3610265214048989				3610265214048989	0			0	<a href=" rel="nofollow">iPhone客户端</a>	回复@chenj_16:我终于驶入北京界了[泪][泪]要庆祝下，话说正常是九点多就该到了[晕][晕] //@chenj_16:我从张家口上高速不到四点，最后快9点半出北五环。下次出门都要看看黄历了。			1618031204	00	3610235799786295	1397724386475
2318726-	0		0	Fri Nov 30 16:26:34 +0800 2012			3518100538097837	3518100538097837				3518100538097837	0			1	<a href=" rel="nofollow">微博 weibo.com</a>	怀念这个地方啊！翁美珍这个。。。[吃惊]//@CRInannan: @茉莉香片1982 @反嘴鹬哒 @司徒绿 [哈哈]			1618031204	00	3518099158040692	1397724386476
2318727-	0		1	Thu Oct 04 01:45:44 +0800 2012			3497222761360141	3497222761360141				3497222761360141	0			0	<a href=" rel="nofollow">iPhone客户端</a>	我觉得@风华正胖 可以，连种菜加炒菜。 //@张晓蕊rry2:我觉得，可以拉个队伍，在这开个中餐馆，教斯里兰卡人煎炒烹炸，并在兰卡种菜。。。，他们食材不新鲜，也不会用火，怎么样。。。@翟磊 @红伟胡 @17幸福8老板娘 @风华正胖			1618031204	00	3497217890989139	1397724386476
2318728-	0		0	Mon Sep 16 08:12:49 +0800 2013			3623068767436834	3623068767436834				3623068767436834	0			0	<a href=" rel="nofollow">iPhone客户端</a>	mark[嘻嘻][嘻嘻] //@太阳1975_E旅行:国庆想出去玩的朋友们，看过来！			1618031204	00	3622592273504974	1397724386476
2318729-	0		0	Wed Dec 05 21:38:29 +0800 2012			3519990974162774	3519990974162774				3519990974162774	0			0	<a href=" rel="nofollow">iPhone客户端</a>	哈哈，内涵帖[偷笑][偷笑] //@老苗与地下城:高端黑啊 //@羞贼:是呀，感觉好美味！[爱你] //@蜻蜓躯壳:带着老婆孩子出去买切糕，回到家迫不及待地开始品尝，很好吃，很实惠，一个人根本吃不完！[爱你]			1618031204	00	3519642926096055	1397724386476
2318730-	0		11	Thu May 31 22:15:29 +0800 2012			3451871366489995	3451871366489995				3451871366489995	0		#	1	<a href=" rel="nofollow">iPhone客户端</a>	想吃奶奶做的肉粽子了。明白大家为什么爱看舌尖上的中国了，赤果果的对家的思念啊[泪]藕夹、黄馍馍、肉粽子、排骨煨藕......都是奶奶的拿手菜，想家了[泪][泪][泪]			1618031204	00	0	1397724386477
2318731-	0		0	Thu May 09 10:01:33 +0800 2013			3575985704427986	3575985704427986				3575985704427986	0			0	<a href=" rel="nofollow">iPhone客户端</a>	转发微博			1618031204	00	3575981652721574	1397724386477
2318732-	0		0	Sat May 18 15:48:04 +0800 2013			3579334399154231	3579334399154231				3579334399154231	0			1	<a href=" rel="nofollow">iPhone客户端</a>	哈哈哈又有蘑菇吃喽，上次的刚吃完[馋嘴][馋嘴][馋嘴]胡地主家的蘑菇绝对一级棒！ //@神仙农场: @茉莉香片1982 @小小宁檬 @张学冬 @张晓蕊rry2 @北京的孙柏			1618031204	00	3579315646319700	1397724386477
2318733-	0		0	Wed Jun 05 19:30:03 +0800 2013			3585913252405113	3585913252405113				3585913252405113	0			0	<a href=" rel="nofollow">iPhone客户端</a>	哈哈哈，这个太妙[给力] //@D-count:哈哈哈，阿姨[威武]			1618031204	00	3585910400497993	1397724386478
2318734-	0		0	Sat Jan 05 09:40:57 +0800 2013			3531044429270460	3531044429270460				3531044429270460	0			0	<a href=" rel="nofollow">iPhone客户端</a>	 @王家猫  //@这里是美国:色彩中的生命~			1618031204	00	3530493595368837	1397724386478
2318735-	0		0	Thu Sep 20 13:59:35 +0800 2012			3492334010094894	3492334010094894				3492334010094894	0			1	<a href=" rel="nofollow">专业版微博</a>	@张晓蕊rry2 @靓靓happiness 速度装一个咱们去兰卡的时候用，哈哈。			1618031204	00	3492330973743124	1397724386478
2318736-	0		0	Tue Mar 11 16:30:53 +0800 2014			3686974369724172	3686974369724172				3686974369724172	0			2	<a href=" rel="nofollow">微博 weibo.com</a>	这9个地方要有招聘工作的就好了，我就收拾包准备滚蛋了！！[偷笑]//@经典英文语录: 一辈子一定要去的9个绝美小镇~[心]@寰球旅游			1618031204	00	3685460402025499	1397724386478
2318737-	0		5	Tue Jan 15 16:21:27 +0800 2013			3534769092457585	3534769092457585				3534769092457585	0			0	<a href=" rel="nofollow">微博 weibo.com</a>	我突然好想好想吃酸辣粉[泪]			1618031204	00	3534767854717544	1397724386479
2318738-	0		13	Sat Jun 23 14:55:44 +0800 2012		type:Pointcoordinates:#27.949768#109.60284	3460095629572239	3460095629572239				3460095629572239	0		#	1	<a href=" rel="nofollow">iPhone客户端</a>	甜腻腻的下午，甜腻腻的咖啡。逛完了景点，沱江边来一杯下午茶吧[心][心] 			1618031204	00	0	1397724386479
2318739-	0		0	Fri Mar 22 11:08:11 +0800 2013			3558607859294940	3558607859294940				3558607859294940	0			1	<a href=" rel="nofollow">微博 weibo.com</a>	转发微博			1618031204	00	3558603744784058	1397724386479
2318740-	0		3	Tue Mar 19 23:18:27 +0800 2013			3557704469963648	3557704469963648				3557704469963648	0			0	<a href=" rel="nofollow">iPad客户端</a>	mark			1618031204	00	3557577802047306	1397724386480
2318741-	0		0	Mon Apr 01 14:06:53 +0800 2013			3562276705165828	3562276705165828				3562276705165828	0			0	<a href=" rel="nofollow">微博 weibo.com</a>	你注意听讲好不好啊，@神仙农场 已经说了这次是种叶菜，其他的晚点。。。 //@张晓蕊rry2:回复@茉莉香片1982:萝卜 //@茉莉香片1982:[衰][衰]不能就种一种菜啊。。。。。 //@张晓蕊rry2:别扯没用的了，把白菜种好不错了			1618031204	00	3562238906169054	1397724386480
2318742-	0		0	Sat May 18 15:52:01 +0800 2013			3579335392790418	3579335392790418				3579335392790418	0			0	<a href=" rel="nofollow">iPhone客户端</a>	2姐你这是嫉妒我有大蘑菇吃，哈哈[偷笑] //@张晓蕊rry2:给钱[钱]//@茉莉香片1982:哈哈哈又有蘑菇吃喽，上次的刚吃完[馋嘴][馋嘴][馋嘴]胡地主家的蘑菇绝对一级棒！ //@神仙农场: @茉莉香片1982 @小小宁檬 @张学冬 @张晓蕊rry2 @北京的孙柏			1618031204	00	3579315646319700	1397724386480
2318743-	0		3	Sun Oct 07 00:07:37 +0800 2012			3498285249990193	3498285249990193				3498285249990193	0		#	1	<a href=" rel="nofollow">蚂蜂窝旅行</a>	对漂流瓶许一个愿望，希望跨越美丽的印度洋，愿今后的岁月静好！【			1618031204	00	0	1397724386480
2318744-	0		10	Fri Jul 19 09:46:20 +0800 2013			3601711417896579	3601711417896579				3601711417896579	0			5	<a href=" rel="nofollow">iPhone客户端</a>	一个比一个威武啊[晕][晕]再次刷新密集恐惧的下限[抓狂][抓狂]			1618031204	00	3601350241671746	1397724386481
2318745-	0		7	Fri May 31 18:14:14 +0800 2013			3584082233097965	3584082233097965				3584082233097965	0			0	<a href=" rel="nofollow">微博 weibo.com</a>	中国人的钱要花在“面儿”上，所以买名牌的都是中国人么。@crysfish 你是不是特别同意。//@吴培crystal: 转发微博			1618031204	00	3584068002698317	1397724386481
2318746-	0		0	Thu Jul 11 19:05:08 +0800 2013			3598952945899745	3598952945899745				3598952945899745	0			0	<a href=" rel="nofollow">iPhone客户端</a>	//@豆果网:最近荔枝很忙[ali哇]//@单小J: 最近荔枝得罪谁啦??			1618031204	00	3598842203277396	1397724386481
2318747-	0		1	Fri Nov 16 14:35:57 +0800 2012			3512999278968720	3512999278968720				3512999278968720	0			1	<a href=" rel="nofollow">微博 weibo.com</a>	嗯，北京的房价也不贵[挖鼻屎][挖鼻屎]//@王克勤: 十八大代表：北京物价不贵。			1618031204	00	3512562047796088	1397724386482
2318748-	0		0	Tue Apr 02 10:49:19 +0800 2013			3562589382369368	3562589382369368				3562589382369368	0			3	<a href=" rel="nofollow">微博 weibo.com</a>	想想好可怕，我还听说因为新车车内材料污染得血液病的。//@玄圭媛: @小乖美货: 这个真实，邻居小孩就是这样得白血病//@瀚文Vane: //@春雨掌上医生://@tombkeeper: 再发一遍：十几年前我实习的医院血液科统计的结果是80%以上的白血病患儿家里6个月内装修过；前几年听说北京某医院统计已经到了90%。			1618031204	00	3562414937015509	1397724386482
2318749-	0		4	Wed Mar 20 11:41:13 +0800 2013			3557891392725097	3557891392725097				3557891392725097	0			2	<a href=" rel="nofollow">微博 weibo.com</a>	@老沉 你们只管删帖么？给个回复呗？//@索南彭措2012: 什么情况啊?给个回复啊.//@索南彭措2012:小浪,你闹那样?给个回复呗//@索南彭措2012:亲，你上班没！给个答复@微博客服			1618031204	00	3557363426063273	1397724386482
2318750-	0		2	Mon Feb 11 23:01:37 +0800 2013			3544654270201423	3544654270201423				3544654270201423	0			1	<a href=" rel="nofollow">iPhone客户端</a>	回复@酩酊河水妖:我简直要气死了。无论如何就想要个解决说法，人家就是臭石头一块，完全不理。就是说没办法呀，等着吧。 //@酩酊河水妖:把它运营倒闭！			1618031204	00	3544653297063669	1397724386482
2318751-	0		0	Tue Aug 06 23:35:55 +0800 2013			3608443166486128	3608443166486128				3608443166486128	0			0	<a href=" rel="nofollow">iPad客户端</a>	火速报名[花心][花心][花心] //@张大伟113: 要男的不？//@乐居王丹:[泪]			1618031204	00	3608352376768260	1397724386483
2318752-	0		2	Mon Nov 26 10:14:29 +0800 2012			3516557348729047	3516557348729047				3516557348729047	0			2	<a href=" rel="nofollow">iPhone客户端</a>	没用的，土壤是黑的，什么种子进去都结恶果。独善其身不容易[衰]			1618031204	00	3516349554715098	1397724386483
2318753-	0		0	Mon Apr 22 08:27:57 +0800 2013			3569801559984251	3569801559984251				3569801559984251	0			0	<a href=" rel="nofollow">iPad客户端</a>	转发微博			1618031204	00	3569791283294670	1397724386483
2318754-	0		19	Fri Jun 22 00:33:19 +0800 2012		type:Pointcoordinates:#39.128956#117.358505	3459516211705831	3459516211705831				3459516211705831	0		#	1	<a href=" rel="nofollow">iPhone客户端</a>	机场到处乱成一锅粥，整个机场都没走成。 			1618031204	00	0	1397724386483
2318755-	0		1	Sun Jun 24 19:53:27 +0800 2012			3460532931396970	3460532931396970				3460532931396970	0			1	<a href=" rel="nofollow">iPhone客户端</a>	正在机场候机，刚刚在火宫殿吃了臭豆腐[馋嘴] //@莫菲:馋死了，流口水中，真想去趟湖南。@茉莉香片1982 ，你回来了没。			1618031204	00	3460528368039576	1397724386484
2318756-	0		0	Fri Feb 15 12:43:42 +0800 2013			3545948321931442	3545948321931442				3545948321931442	0		#	0	<a href=" rel="nofollow">蚂蜂窝旅行</a>	中国的景区不是让人观景的是骗钱的、七星公园门票75元，已经够天价了。进来才知道这只是入园的钱，要去溶洞再买小门票60元。135元，出国一个国家的门票也就这些钱了吧。(#愤怒)(#愤怒)(#愤怒)(#愤怒)(#愤怒)【 @嗡嗡官方微博）			1618031204	00	0	1397724386484
2318757-	0		0	Fri Mar 29 18:16:08 +0800 2013			3561252263491249	3561252263491249				3561252263491249	0			0	<a href=" rel="nofollow">微博 weibo.com</a>	@clover张三 //@宗小皮: 不解风情的两只喵星人。谁家还有帅哥啊，撮合撮合 //@法制晚报李一男:@凤凰周刊 @嘉沐 @贫嘴小二黑 @宗小皮			1618031204	00	3561237545362204	1397724386484
2318758-	0		0	Fri Oct 19 21:23:02 +0800 2012			3502954852381044	3502954852381044				3502954852381044	0			0	<a href=" rel="nofollow">iPhone客户端</a>	可惜英语不灵，蹭老外的团听了个半半拉拉[衰] //@张晓蕊rry2:@茉莉香片1982 ，我们去柬时，红色高棉原址，还是很震撼我的。。。。//@邓飞:柬埔寨往事。			1618031204	00	3502870617885674	1397724386485
2318759-	0		3	Wed Dec 18 13:31:29 +0800 2013			3656851029564113	3656851029564113				3656851029564113	0			0	<a href=" rel="nofollow">Android客户端</a>	@中国工商银行			1618031204	00	3656849855246724	1397724386485
2318760-	0		0	Sun Jul 15 00:22:43 +0800 2012			3467848451943602	3467848451943602				3467848451943602	0			1	<a href=" rel="nofollow">iPhone客户端</a>	有就不能再有了[右哼哼][左哼哼] //@风华正胖:你有//@茉莉香片1982: 你送我一袭白裙吧先[酷] //@风华正胖:牛公主，你晚上穿一袭白裙，从这个巴适的巷子飘然而过，明天，这里就该热闹了。//@茉莉香片1982: 好巴适[爱你] //@袁晓澜:@张晓蕊rry2 @茉莉香片1982 这夏凉快了			1618031204	00	3467694198495391	1397724386485
2318761-	0		1	Fri Aug 10 10:15:56 +0800 2012			3477419824037670	3477419824037670				3477419824037670	0			0	<a href=" rel="nofollow">iPhone客户端</a>	你不是已经出世了么[偷笑][偷笑]			1618031204	00	3477418217984822	1397724386485
2318762-	0		1	Tue Mar 11 16:24:15 +0800 2014			3686972700503731	3686972700503731				3686972700503731	0			84	<a href=" rel="nofollow">微博 weibo.com</a>	虽然不介意真的迁都，可是上海没有雾霾这个理由真心是。。。。。。能换个理由吗魔都！！！			1618031204	00	3686963300981008	1397724386486
2318763-	0		0	Mon Mar 11 00:28:02 +0800 2013			3554460490277953	3554460490277953				3554460490277953	0			1	<a href=" rel="nofollow">iPad客户端</a>	[鄙视][鄙视][鄙视] //@行者老陈: 终于理顺关系了. //@边城酒家: //@老饕嘉佑: //@monkey�路-113: //@喜欢可爱多13: 猫腻			1618031204	00	3554454172943296	1397724386486
2318764-	0		6	Sun Jul 22 13:07:40 +0800 2012		type:Pointcoordinates:#39.759483#117.90516	3470577677721723	3470577677721723				3470577677721723	0		#	1	<a href=" rel="nofollow">iPhone客户端</a>	雨过天晴，七彩的云朵[心] 			1618031204	00	0	1397724386486
2318765-	0		1	Fri May 24 14:23:42 +0800 2013			3581487494496898	3581487494496898				3581487494496898	0			0	<a href=" rel="nofollow">iPhone客户端</a>	超过一半我都干过[偷笑][偷笑][偷笑]			1618031204	00	3581481546975944	1397724386487
2318766-	0		0	Tue Jun 11 18:08:13 +0800 2013			3588066982207348	3588066982207348				3588066982207348	0			0	<a href=" rel="nofollow">iPhone客户端</a>	[吃惊][吃惊] //@张学冬://@Z_燕小云:祝贺 //@信力建://@知青记者: 鼓掌！ //@北京厨子:[鼓掌]			1618031204	00	3587918184665034	1397724386487
2318767-	0		0	Sun Jul 15 00:14:41 +0800 2012			3467846430424802	3467846430424802				3467846430424802	0			1	<a href=" rel="nofollow">iPhone客户端</a>	你送我一袭白裙吧先[酷] //@风华正胖:牛公主，你晚上穿一袭白裙，从这个巴适的巷子飘然而过，明天，这里就该热闹了。//@茉莉香片1982: 好巴适[爱你] //@袁晓澜:@张晓蕊rry2 @茉莉香片1982 这夏凉快了			1618031204	00	3467694198495391	1397724386487
2318768-	0		29	Fri May 31 13:38:00 +0800 2013			3584012708533296	3584012708533296				3584012708533296	0			0	<a href=" rel="nofollow">微博 weibo.com</a>	我们一起去看文艺片吧，哈哈//@D-count: 转发微博			1618031204	00	3584010120639820	1397724386487
2318769-	0		2	Mon Apr 01 18:03:05 +0800 2013			3562336151262924	3562336151262924				3562336151262924	0			0	<a href=" rel="nofollow">微博 weibo.com</a>	@苏铂 我觉得台词真是你喜欢的调调，哈哈，考虑下要不要来和我一起看咯。//@大麦戏剧: 【北京站】音乐舞台剧《贾宝玉》5月8日首演，280/380元票，电子钱包专场限量秒杀，4月3日10:00,不要错过哦~！			1618031204	00	3562325036025585	1397724386488
2318770-	0		0	Mon Apr 08 16:05:07 +0800 2013			3564843183591413	3564843183591413				3564843183591413	0			0	<a href=" rel="nofollow">iPad客户端</a>	转发微博			1618031204	00	3554250443700228	1397724386488
2318771-	0		0	Mon Dec 24 00:41:40 +0800 2012			3526560055215685	3526560055215685				3526560055215685	0			0	<a href=" rel="nofollow">iPad客户端</a>	妈妈桑参谋参谋[花心][花心] //@D-count: //@晓雪家-方家胡同46号院:店庆明天要开始啦！大家准备好下单吧，哈哈哈			1618031204	00	3525104480496896	1397724386488
2318772-	0		1	Thu Aug 16 01:08:23 +0800 2012			3479456356531867	3479456356531867				3479456356531867	0		#	0	<a href=" rel="nofollow">蚂蜂窝旅行</a>	街道静的刺耳 夜被路灯染色 趁感伤醒来前 先上车 不会不舍 承认我是弱者不敢再对爱假设 我真的累得 不想再拉扯 我寻找的平静是我将来看电影【			1618031204	00	0	1397724386488
2318773-	0		0	Thu Mar 21 07:53:02 +0800 2013			3558196356956379	3558196356956379				3558196356956379	0			1	<a href=" rel="nofollow">iPad客户端</a>	[衰][衰] 雷打的不小，结果//@任志强: 这？ //@老沉:嘿嘿怎么赶脚比以前还风光了			1618031204	00	3558098142522096	1397724386489
2318774-	0		0	Thu Mar 28 22:36:48 +0800 2013			3560955478292009	3560955478292009				3560955478292009	0			0	<a href=" rel="nofollow">微博 weibo.com</a>	福禄寿[亲亲]			1618031204	00	3559672890298926	1397724386489
2318775-	0		0	Thu Jul 11 13:54:44 +0800 2013			3598874830896858	3598874830896858				3598874830896858	0			0	<a href=" rel="nofollow">iPad客户端</a>	mark了[鼓掌][鼓掌]			1618031204	00	3598856535191915	1397724386489
2318776-	0		0	Sat Jun 16 23:48:47 +0800 2012			3457693056007729	3457693056007729				3457693056007729	0			0	<a href=" rel="nofollow">iPhone客户端</a>	你俩公开打情骂俏[奥特曼][奥特曼] //@风华正胖:等你们呗，我的快乐希望与你们分享。 //@张晓蕊rry2:红二书院胡二鸨,你等谁来嘛。。。//@风华正胖:来吧，晚上烤串，放焰火，提前过端午。 //@张学冬:杀向胡汉三家。 //@张晓玲:好美。//@茉莉香片1982:姑娘们，今天去胡老师家吃大户吗？[偷笑][偷笑]			1618031204	00	3457507433862616	1397724386489
2318777-	0		0	Fri Mar 01 22:39:13 +0800 2013			3551171614718267	3551171614718267				3551171614718267	0			0	<a href=" rel="nofollow">iPad客户端</a>	草泥马的SB政府，20%。干脆再来次共产得了呗！ //@宗小皮: 简直就是明抢啊。			1618031204	00	3551120221405210	1397724386490
2318778-	0		0	Thu Jul 18 18:35:13 +0800 2013			3601482123064946	3601482123064946				3601482123064946	0			0	<a href=" rel="nofollow">iPad客户端</a>	可是小狗狗半妖也很帅啊[花心][花心] //@自曾晖: 那必须是枫枫，仙道君藤真君想必也是极好的[太开心] //@茉莉香片1982:矮油，是选流川枫还是犬夜叉好呢[偷笑][偷笑][偷笑]			1618031204	00	3601463319997389	1397724386490
2318779-	0		0	Wed Apr 24 09:49:57 +0800 2013			3570546967165049	3570546967165049				3570546967165049	0			0	<a href=" rel="nofollow">iPhone客户端</a>	[鼓掌][鼓掌][鼓掌] //@大麦戏剧:#《青蛇》剧评#//@孟非: 很难有人对爱欲、戏剧、佛法同时具有这样的感受力，更难置信的是她还兼具了这样华丽庄严又诚意满满的独到的文字表达。我没有看这戏，先被这评震撼了。			1618031204	00	3570375344206897	1397724386490
2318780-	0		0	Sun Jun 17 00:10:50 +0800 2012			3457698600927687	3457698600927687				3457698600927687	0			0	<a href=" rel="nofollow">iPhone客户端</a>	大叔预言帝啊，了不起[good] //@张晓蕊rry2:回复@茉莉香片1982:这是某大叔说的 //@茉莉香片1982:你又把2团发展成风尘团了  //@张晓蕊rry2:我们引领了新的风格。。。风尘。。。 //@风华正胖:你早够了。 //@茉莉香片1982:我修炼还不够，再接再厉[偷笑]  //@风华正胖:我不介意你加入这支风尘的队伍。			1618031204	00	3457507433862616	1397724386491
2318781-	0		0	Mon Sep 03 02:02:09 +0800 2012			3485992868555189	3485992868555189				3485992868555189	0			0	<a href=" rel="nofollow">iPhone客户端</a>	 @张晓蕊rry2 看来到了那边还是要盖戳的，你放心吧[偷笑][偷笑]			1618031204	00	3481985999857270	1397724386491
2318782-	0		11	Tue Jun 12 20:12:02 +0800 2012		type:Pointcoordinates:#39.872482#116.46666	3456188953456320	3456188953456320				3456188953456320	0		#	0	<a href=" rel="nofollow">iPhone客户端</a>	简易晚餐，自制三明治加半成品台湾产速溶法式蘑菇浓汤[馋嘴][馋嘴] 			1618031204	00	0	1397724386491
2318783-	0		0	Wed Jan 30 11:44:35 +0800 2013			3540135234926502	3540135234926502				3540135234926502	0			0	<a href=" rel="nofollow">iPhone客户端</a>	[泪][泪] //@写字李华良://@田文氢律师:这肮脏的天空、肮脏的世界。 //@风景197://@幽默大师杂志:			1618031204	00	3540116876208866	1397724386492
2318784-	0		2	Tue Dec 18 09:56:08 +0800 2012			3524525264129004	3524525264129004				3524525264129004	0			0	<a href=" rel="nofollow">iPhone客户端</a>	转发有奖[偷笑][偷笑] //@D-count:转发微博			1618031204	00	3524521375841181	1397724386492
2318785-	0		0	Sat Jan 05 09:49:56 +0800 2013			3531046685861343	3531046685861343				3531046685861343	0			1	<a href=" rel="nofollow">iPhone客户端</a>	[偷笑][偷笑]			1618031204	00	3531041744241782	1397724386492
2318786-	0		0	Sat Jan 19 11:29:40 +0800 2013			3536145218206330	3536145218206330				3536145218206330	0			1	<a href=" rel="nofollow">iPhone客户端</a>	 @袁晓澜 闪亮登场啊！这个厉害了！[偷笑][偷笑]			1618031204	00	3536118999983876	1397724386493
2318787-	0		5	Tue Oct 30 23:36:16 +0800 2012			3506974651833501	3506974651833501				3506974651833501	0			0	<a href=" rel="nofollow">iPhone客户端</a>	哈哈，2姐评价到位[偷笑] //@张晓蕊rry2:回复@翟磊:你的油腻指数已经超过可以做红烧肉的标准。 //@翟磊:回复@茉莉香片1982:我就不冷，看来不能减肥啊。 //@张晓蕊rry2:回复@茉莉香片1982:多吃红烧肉，增加热量。 //@茉莉香片1982:我一直钻被窝，暖宝宝充电八回了都[泪][泪]			1618031204	00	3506965936314479	1397724386493
2318788-	0		0	Mon Oct 15 22:11:11 +0800 2012			3501517421933250	3501517421933250				3501517421933250	0			2	<a href=" rel="nofollow">iPhone客户端</a>	上面一张有食神争霸赛的赶脚[偷笑][偷笑]话说你倒是传照片给我啊2姐！			1618031204	00	3501513210999311	1397724386493
2318789-	0		1	Thu May 23 00:36:04 +0800 2013			3580916834443103	3580916834443103				3580916834443103	0			0	<a href=" rel="nofollow">iPad客户端</a>	@rebecca鱼 反省一下共勉啊！//@经典英文语录:献给所有不会疼自己的傻孩子。			1618031204	00	3580802334398099	1397724386493
2318790-	0		6	Mon Oct 01 21:21:48 +0800 2012			3496431560404511	3496431560404511				3496431560404511	0		#	0	<a href=" rel="nofollow">蚂蜂窝旅行</a>	斯里兰卡的老旧公共汽车，跟这个国家的气质一样。闲散，慵懒，灿烂。【			1618031204	00	0	1397724386494
2318791-	0		0	Mon Jul 08 11:13:33 +0800 2013			3597747099871767	3597747099871767				3597747099871767	0			0	<a href=" rel="nofollow">iPhone客户端</a>	怎么都学会用＂实习生＂，这也传染[汗][汗] //@这里是美国:【韩媒称韩亚失事客机飞行员系实习生】韩国国土部称韩亚航空客机失事时，副机长李姜国坐在机长席上，而李姜国为韩亚航空航运实习生，对发生事故的大型客机，在取得机种驾照后仅飞行43小时。			1618031204	00	3597722458663276	1397724386494
2318792-	0		1	Tue Oct 30 19:29:14 +0800 2012			3506912484391757	3506912484391757				3506912484391757	0			1	<a href=" rel="nofollow">iPhone客户端</a>	 @索南彭措2012 我喜欢这个[花心][花心][花心]			1618031204	00	3506809828287946	1397724386494
2318793-	0		0	Fri Jun 01 00:15:29 +0800 2012			3451901561417015	3451901561417015				3451901561417015	0			0	<a href=" rel="nofollow">iPhone客户端</a>	海报有型有款喔[花心] //@张钊维Milankun:跟我回台北去看牙，就���啦			1618031204	00	3451892783054401	1397724386495
2318794-	0		0	Tue May 14 18:41:56 +0800 2013			3577928597637383	3577928597637383				3577928597637383	0			1	<a href=" rel="nofollow">微博 weibo.com</a>	哈哈，最后亮了。还是真相只有一个最NB！！//@微盘: 亮点总在最后~			1618031204	00	3577918137261455	1397724386495
2318795-	2		3	Mon Feb 17 14:07:24 +0800 2014			3678965727801731	3678965727801731				3678965727801731	0			1	<a href=" rel="nofollow">微博 weibo.com</a>	逃离北上广还是又逃回来这种话题不想搀和，所谓各有各的活法，你不屑于要的也许别人当宝你梦寐以求的也许别人不需要。但最近看到叨逼叨大城市都在奋斗小城市都是懒散的就非常愤怒了，想问问你们趴在办公桌前看人家工作了？不能以偏概全，北上广也有混吃等死的，小城市也有艰苦创业的，一刀切可耻！			1618031204	00	0	1397724386495
2318796-	0		2	Tue Oct 30 13:07:55 +0800 2012			3506816518104492	3506816518104492				3506816518104492	0			1	<a href=" rel="nofollow">微博 weibo.com</a>	真的吗真的吗？今天就是被冻醒的。//@玄圭媛: 太好啦！ //@心主bobbi:学校呢………还没通知预热啊……脚指头要冻僵了……//@kellysheng_pola:Good news！			1618031204	00	3506782913262904	1397724386495
2318797-	0		0	Thu May 30 08:56:38 +0800 2013			3583579513148906	3583579513148906				3583579513148906	0			0	<a href=" rel="nofollow">iPhone客户端</a>	要试试去[嘻嘻][嘻嘻] //@环球旅讯:[思考]			1618031204	00	3583386641968590	1397724386496
2318798-	0		0	Tue Jan 22 00:10:30 +0800 2013			3537061473039927	3537061473039927				3537061473039927	0			1	<a href=" rel="nofollow">iPad客户端</a>	[挖鼻屎][挖鼻屎]吹吧。你忙着玩儿泥巴呢[偷笑] //@张晓蕊rry2: 难道我都在学习//@茉莉香片1982:靠，你是还想装嫩啊[挖鼻屎][挖鼻屎] //@张晓蕊rry2: 怎么我没看过啊//@茉莉香片1982:我也能啊，哈哈，PK下[哈哈][哈哈] //@翟磊: 我现在都特么能唱！ //@孙海光:哇哇，年轻时最爱的主题曲之			1618031204	00	3536692357001488	1397724386496
2318799-	0		4	Wed Mar 13 17:54:51 +0800 2013			3555448705433719	3555448705433719				3555448705433719	0			0	<a href=" rel="nofollow">微博 weibo.com</a>	转发的大奖，哇哈哈。			1618031204	00	3555426404238816	1397724386496
2318800-	0		1	Tue May 14 08:45:42 +0800 2013			3577778555195923	3577778555195923				3577778555195923	0			2	<a href=" rel="nofollow">iPhone客户端</a>	好美啊[花心][花心][花心]			1618031204	00	3577774587876472	1397724386497
2318801-	0		2	Fri Jul 26 10:00:29 +0800 2013			3604251689178129	3604251689178129				3604251689178129	0			0	<a href=" rel="nofollow">微博 weibo.com</a>	牛[good]			1618031204	00	3604244114478033	1397724386497
2318802-	0		0	Sun Mar 30 17:59:15 +0800 2014			3693881978078117	3693881978078117				3693881978078117	0			0	<a href=" rel="nofollow">iPad客户端</a>	转发微博			1618031204	00	3693867834179738	1397724386497
2318803-	0		0	Sun May 26 08:15:35 +0800 2013			3582119630783681	3582119630783681				3582119630783681	0			1	<a href=" rel="nofollow">iPhone客户端</a>	//@太多人叫张宁:网费可以交，但有两个问题想请 @中国联通 解释下：1、请问为什么办理宽带一定要绑定座机和2G联通手机卡，只办宽带业务费用为什么反而比绑定的贵？可以理解为强制绑定吗；2、请问为什么4、5月的网络已经停掉，没有用过还要让我缴费？这属于霸王条款吗？			1618031204	00	3582054103292029	1397724386497
2318804-	0		3	Mon Dec 17 22:22:41 +0800 2012			3524350751486627	3524350751486627				3524350751486627	0			0	<a href=" rel="nofollow">iPad客户端</a>	@索南彭措2012 除了两首英文我都会[偷笑][偷笑]你看着办吧[酷][酷]			1618031204	00	3524269588117197	1397724386498
2318805-	0		0	Thu Feb 14 18:42:02 +0800 2013			3545676111239473	3545676111239473				3545676111239473	0		#	0	<a href=" rel="nofollow">蚂蜂窝旅行</a>	外面凄风冷雨的，在屋里吃大餐倍加惬意。榴莲酥赞一个。还有没拍照就进了肚子里的流沙包。(#坏笑)(#坏笑)(#坏笑)【 @嗡嗡官方微博）			1618031204	00	0	1397724386498
2318806-	0		1	Thu Oct 04 01:35:48 +0800 2012			3497220261797959	3497220261797959				3497220261797959	0		#	0	<a href=" rel="nofollow">蚂蜂窝旅行</a>	可爱的斯里兰卡小盆友。哈哈他们很喜欢我，一直围着我转勒！【			1618031204	00	0	1397724386498
2318807-	0		0	Tue Oct 30 23:57:36 +0800 2012			3506980033043742	3506980033043742				3506980033043742	0			0	<a href=" rel="nofollow">iPhone客户端</a>	我想去大理种月季[偷笑] //@ATM和vivi的世界:我可以当月嫂和保姆。。。//@张晓蕊rry2:我卡丁车开得还行//@翟磊: 你那技术，求求你别上路了。 //@张晓蕊rry2:挺慈总一把，话说我的理想是开黑车，俗称私家车高级定制服务。。。也是个不错的职业			1618031204	00	3506837938447203	1397724386499
2318808-	0		0	Sat May 19 14:01:30 +0800 2012			3447398397827209	3447398397827209				3447398397827209	0		#	0	<a href=" rel="nofollow">美图GIF</a>	陕博之旅结束，上唐三彩组图[耶][耶]			1618031204	00	0	1397724386499
2318809-	0		1	Tue Aug 07 18:02:19 +0800 2012			3476450029765123	3476450029765123				3476450029765123	0			0	<a href=" rel="nofollow">微博 weibo.com</a>	#刘翔摔倒#本来没想什么，摔就摔了吧。但是新浪微博此举，只能给刘翔招来更多骂声。为什么刘翔摔一跤我们就被禁言了，微博也不能看了？！			1618031204	00	0	1397724386499
2318810-	0		2	Sun Sep 23 19:47:39 +0800 2012		type:Pointcoordinates:#39.99819#116.40096	3493508780786517	3493508780786517				3493508780786517	0		#	6	<a href=" rel="nofollow">iPhone客户端</a>	汉拿山服务太差了，建议海底捞老板@海底捞火锅 过来给培训一下！@汉拿山集团 我在:			1618031204	00	0	1397724386499
2318811-	0		20	Fri Jul 20 10:29:12 +0800 2012		type:Pointcoordinates:#39.892967#116.46149	3469813018220134	3469813018220134				3469813018220134	0			0	<a href=" rel="nofollow">iPhone客户端</a>	今天打车碰上两个贱男，先是看到打车难企图拼车，发现方向不同后利用自己身体优势公然抢出租车，上车后还笑得前仰后合！ 			1618031204	00	0	1397724386500
2318812-	0		0	Fri May 31 10:10:57 +0800 2013			3583960603195824	3583960603195824				3583960603195824	0			1	<a href=" rel="nofollow">iPhone客户端</a>	 @索南彭措2012 今天禁烟日[哈哈][哈哈]			1618031204	00	3583957062816068	1397724386500
2318813-	0		0	Tue Mar 12 23:14:19 +0800 2013			3555166714490657	3555166714490657				3555166714490657	0			0	<a href=" rel="nofollow">iPad客户端</a>	[泪][泪][泪] //@新浪科技: 转发微博			1618031204	00	3555149047851475	1397724386500
2318814-	0		0	Sun Jan 06 04:25:05 +0800 2013			3531327326042444	3531327326042444				3531327326042444	0		#	0	<a href=" rel="nofollow">蚂蜂窝旅行</a>	号外，号外！蜂蜂们快点来值机哇(#色)(#色)【 @嗡嗡官方微博）			1618031204	00	0	1397724386501
2318815-	1		0	Sat Jan 18 11:52:20 +0800 2014		type:Pointcoordinates:#39.80483#116.45229	3668060101716128	3668060101716128				3668060101716128	0		#	7	<a href=" rel="nofollow">三星GALAXY S4</a>	2014年一定要继续行走在路上，2013年很忙，忙的错过了行走的机会。走习惯了，停下来觉得日子好晦涩。@张晓蕊rry2 2014一起啦！！！ 我在这里:			1618031204	00	0	1397724386501
2318816-	0		0	Fri Sep 07 22:03:08 +0800 2012			3487744674129558	3487744674129558				3487744674129558	0			0	<a href=" rel="nofollow">iPhone客户端</a>	今天三组男生唱的都好棒呀，两组女生唱的差多了！ //@风华正胖:这俩都好。			1618031204	00	3487744233693068	1397724386501
2318817-	0		0	Sat Sep 22 15:51:01 +0800 2012			3493086829361007	3493086829361007				3493086829361007	0			1	<a href=" rel="nofollow">iPhone客户端</a>	 @张晓蕊rry2 我觉得这始终是我狠不下心去印度的最大的理由[泪][泪]			1618031204	00	3493084887298383	1397724386501
2318818-	0		0	Mon Nov 19 09:34:57 +0800 2012			3514010685551647	3514010685551647				3514010685551647	0			0	<a href=" rel="nofollow">iPhone客户端</a>	[浮云][浮云] //@写字李华良://@北京辛八路//@袁国庆的围脖:土地私有刻不容缓//@钱文忠: [赞]//@老金曰: 积三千年之经验，兄弟我已经看死了一个铁律：承认、尊重并保障私有财产权，是政治文明的第一道门槛。周王朝做到了；汉王朝做到了；唐王朝做到了；宋王朝做到了；中华民国做到了			1618031204	00	3513980213191400	1397724386502
2318819-	0		0	Sat Aug 10 18:15:45 +0800 2013			3609812158214699	3609812158214699				3609812158214699	0			0	<a href=" rel="nofollow">iPhone客户端</a>	 @索南彭措2012 关注一下[偷笑] //@跟我做私房菜:这也太享受了把[吃惊]~懒人必备~			1618031204	00	3608998639336725	1397724386502
2318820-	0		0	Sat Jun 02 09:34:34 +0800 2012			3452404651097314	3452404651097314				3452404651097314	0			0	<a href=" rel="nofollow">iPhone客户端</a>	安全知识科普			1618031204	00	3452398737836000	1397724386502
2318821-	0		0	Sat Apr 06 13:51:58 +0800 2013			3564084891241664	3564084891241664				3564084891241664	0			1	<a href=" rel="nofollow">iPhone客户端</a>	 @索南彭措2012 想个好项目吧。[爱你]抄送@李信玲			1618031204	00	3564079296019323	1397724386502
2318822-	0		2	Wed Nov 14 09:52:54 +0800 2012			3512203263417712	3512203263417712				3512203263417712	0			1	<a href=" rel="nofollow">iPhone客户端</a>	 @索南彭措2012			1618031204	00	3512200604262608	1397724386503
2318823-	0		0	Sat Oct 05 18:16:23 +0800 2013			3630106024708388	3630106024708388				3630106024708388	0			0	<a href=" rel="nofollow">Android客户端</a>	有那么点道理。 ? ? ?			1618031204	00	3627826852641606	1397724386503
2318824-	0		0	Tue Mar 05 11:33:23 +0800 2013			3552453603401555	3552453603401555				3552453603401555	0			0	<a href=" rel="nofollow">微博 weibo.com</a>	历史总是惊人的相似[泪]			1618031204	00	3552447442647433	1397724386503
2318825-	0		1	Mon Sep 17 09:25:08 +0800 2012		type:Pointcoordinates:#39.89479#116.47732	3491177783440969	3491177783440969				3491177783440969	0		#	0	<a href=" rel="nofollow">iPhone客户端</a>	早晨上班拍到的一幕，不说话。 我在:			1618031204	00	0	1397724386504
2318826-	0		0	Thu Feb 14 14:27:00 +0800 2013			3545611930511595	3545611930511595				3545611930511595	0			0	<a href=" rel="nofollow">iPhone客户端</a>	蛇年发财，红包拿来[哈哈][哈哈] //@索南彭措2012:@茉莉香片1982			1618031204	00	3545393898030643	1397724386504
2318827-	0		0	Tue Oct 02 00:22:14 +0800 2012			3496476984696620	3496476984696620				3496476984696620	0		#	0	<a href=" rel="nofollow">蚂蜂窝旅行</a>	有时差的感觉真奇妙。【			1618031204	00	0	1397724386504
2318828-	0		0	Fri Sep 14 22:16:57 +0800 2012			3490284845869198	3490284845869198				3490284845869198	0		#	0	<a href=" rel="nofollow">蚂蜂窝旅行</a>	吃着喝着就是要霸气，平遥狂欢夜。@钟国宝@Friday@东风西来@mm【			1618031204	00	0	1397724386504
2318829-	0		0	Mon Feb 11 14:51:17 +0800 2013			3544530877555104	3544530877555104				3544530877555104	0		#	0	<a href=" rel="nofollow">蚂蜂窝旅行</a>	拔丝香芋，广西特产荔浦芋头做滴(#馋)(#馋)(#馋)【 @嗡嗡官方微博）			1618031204	00	0	1397724386505
2318830-	0		1	Tue Aug 14 11:18:38 +0800 2012			3478885163661471	3478885163661471				3478885163661471	0		#	0	<a href=" rel="nofollow">蚂蜂窝旅行</a>	旅行是生命的养料，我刚刚下载了蚂蜂窝【腾冲（第五版）】#旅游攻略#。旅游出行，攻略在手，行程无忧！你准备去哪里旅行呢？[疑问]快来看看吧！[围观]  (@蚂蜂窝旅游攻略)			1618031204	00	0	1397724386505
2318831-	0		0	Fri Oct 12 18:38:22 +0800 2012			3500376701412303	3500376701412303				3500376701412303	0			0	<a href=" rel="nofollow">iPhone客户端</a>	靠，没见过这么拆台的，你个不厚道的家伙。[怒] //@张晓蕊rry2:超龄//@茉莉香片1982:胡总给介绍个公司？[偷笑] //@风华正胖:进军娱乐圈?			1618031204	00	3500375795375415	1397724386505
2318832-	0		6	Sun Jan 06 03:11:48 +0800 2013			3531308879372482	3531308879372482				3531308879372482	0		#	0	<a href=" rel="nofollow">蚂蜂窝旅行</a>	出发奔赴机场。北京的交通要是天天这样该多好呀(#帅)(#帅)【 @嗡嗡官方微博）			1618031204	00	0	1397724386505
2318833-	0		0	Sun Oct 07 01:25:51 +0800 2012			3498304925324436	3498304925324436				3498304925324436	0		#	0	<a href=" rel="nofollow">蚂蜂窝旅行</a>	加勒有鼓浪屿的气质，却没有那么多人。选择十一这个鼓浪屿人满为患的时候来加勒太正确了。【			1618031204	00	0	1397724386506
2318834-	0		0	Fri Mar 15 23:53:30 +0800 2013			3556263743257254	3556263743257254				3556263743257254	0			0	<a href=" rel="nofollow">iPad客户端</a>	[衰][衰] //@小团子爹: 嗯呢！ //@妖妖小精-色系军团:神总结！			1618031204	00	3556244117676202	1397724386506
2318835-	0		4	Fri Jul 27 13:05:23 +0800 2012			3472389050486234	3472389050486234				3472389050486234	0			0	<a href=" rel="nofollow">iPhone客户端</a>	收藏了回家试试[鼓掌] //@文怡:牛肉的多少，肉质，锅的不同，炖的时间都需要微调。菜谱只是一个平均值的参考，烹饪的经验需要我们 在做的过程中慢慢积累。有失败才有总结，也才有改进哈[鼓掌]			1618031204	00	3472370448397605	1397724386506
2318836-	0		0	Thu Feb 28 19:14:44 +0800 2013			3550757774838682	3550757774838682				3550757774838682	0			0	<a href=" rel="nofollow">iPhone客户端</a>	//@电影集结号:艾玛这姑娘太可爱太天然呆了 ！！			1618031204	00	3550693787136908	1397724386507
2318837-	0		0	Sat Jan 12 08:15:00 +0800 2013			3533559517969360	3533559517969360				3533559517969360	0			0	<a href=" rel="nofollow">iPhone客户端</a>	//@环球旅讯:据估算，Skyscanner在2012年取得了强劲的业绩：其月均访问量超过了3000万；月均独立访客的访问量为1500万；其移动APP的安装量达到了1100万次以上；另外，它为其合作伙伴网站所贡献的机票预订量的总规模为30亿英镑。Ps:垂直搜索最终是卖身命？			1618031204	00	3533216281287218	1397724386507
2318838-	0		0	Mon Oct 22 08:54:27 +0800 2012			3503853632670360	3503853632670360				3503853632670360	0			0	<a href=" rel="nofollow">iPhone客户端</a>	//@岱遥://@你不能读V://加措活佛-慈爱基金:今天是药师佛节日。喋雅他 嗡 贝堪则 贝堪则 玛哈贝堪则 喇扎萨目 嘎喋 梭哈！?			1618031204	00	3503719775238203	1397724386507
2318839-	0		1	Wed Oct 10 16:43:11 +0800 2012			3499622938521443	3499622938521443				3499622938521443	0			2	<a href=" rel="nofollow">iPhone客户端</a>	小看我啊，必须会啊[嘻嘻][嘻嘻] //@风华正胖:亲爱的，你会做饭吗？ //@茉莉香片1982:胡地主发话了，周末去搬几斤[鼓掌][鼓掌] //@风华正胖:另有纯天然黄豆哈，个大，粒圆，也欢迎订购哦。3元一斤。			1618031204	00	3499609852335615	1397724386507
2318840-	1		0	Mon Sep 09 08:13:55 +0800 2013			3620532325394219	3620532325394219				3620532325394219	0			0	<a href=" rel="nofollow">iPhone客户端</a>	mark[嘻嘻][嘻嘻] //@太阳1975_E旅行:亚航开通马尔代夫新航线！�丝也能去马代啦！转发告知朋友们吧！			1618031204	00	3620207471477284	1397724386508
2318841-	0		0	Thu Jun 21 12:25:01 +0800 2012			3459332919930018	3459332919930018				3459332919930018	0			1	<a href=" rel="nofollow">微博 weibo.com</a>	太及时雨了，一会就照着调一下//@张晓蕊rry2: @茉莉香片1982 @吴匡 @小五在路上 @__Yan希 //@KAILAS凯乐石:#知识重温# 端午假期即将到来，出行的新驴来学习下如何调节背包，让您的驴行更轻松~			1618031204	00	3420927566177305	1397724386508
2318842-	0		7	Mon Feb 11 22:57:46 +0800 2013		type:Pointcoordinates:#24.7758#110.492935	3544653297063669	3544653297063669				3544653297063669	0		#	5	<a href=" rel="nofollow">iPhone客户端</a>	阳朔驴悠悠客栈简直就是黑店！晚上停电，周边其他地方都灯火通明。不解释停电原因，不给退房，不给说法。就是让等，何时来电不知道，什么都不知道！ 我在:			1618031204	00	0	1397724386508
2318843-	0		3	Sun Mar 17 23:44:35 +0800 2013			3556986279157749	3556986279157749				3556986279157749	0			0	<a href=" rel="nofollow">iPad客户端</a>	坐等[浮云][浮云] //@刘启斌: 明日便有分晓[围观]			1618031204	00	3556280092825671	1397724386508
2318844-	0		1	Sun Jun 03 00:27:00 +0800 2012			3452629239707065	3452629239707065				3452629239707065	0			1	<a href=" rel="nofollow">微博 weibo.com</a>	@D-count //@王营1124: 这，这，这。//@宁国强:这个选题好，转给我同事//@张晓蕊rry2: 转发微博。			1618031204	00	3452626320086392	1397724386509
2318845-	0		0	Fri Dec 27 18:07:13 +0800 2013			3660181910758059	3660181910758059				3660181910758059	0			1	<a href=" rel="nofollow">微博 weibo.com</a>	[笑哈哈]//@rebecca鱼: @一叶落归心 @茉莉香片1982 转一个			1618031204	00	3659790687321402	1397724386509
2318846-	0		0	Sun Feb 10 18:43:22 +0800 2013			3544226895466896	3544226895466896				3544226895466896	0		#	0	<a href=" rel="nofollow">蚂蜂窝旅行</a>	桂林年夜饭，二姨的手艺很棒。热气腾腾的桂林火锅。(#赞)(#赞)(#赞)(#赞)【 @嗡嗡官方微博）			1618031204	00	0	1397724386509
2318847-	0		0	Tue Jun 04 18:24:42 +0800 2013			3585534405927627	3585534405927627				3585534405927627	0			0	<a href=" rel="nofollow">微博 weibo.com</a>	改个颜色就能上啊[衰]//@赵倩_Amy: 赤裸裸的抄袭啊[鄙视][鄙视]			1618031204	00	3585524910738903	1397724386509
2318848-	0		0	Sun Jan 20 12:32:29 +0800 2013			3536523414563095	3536523414563095				3536523414563095	0		#	0	<a href=" rel="nofollow">蚂蜂窝旅行</a>	雪天猫冬(#萌)(#萌)【 @嗡嗡官方微博）			1618031204	00	0	1397724386510
2318849-	0		15	Sat Dec 29 11:34:35 +0800 2012			3528536310375274	3528536310375274				3528536310375274	0			0	<a href=" rel="nofollow">iPhone客户端</a>	我那枚苦命的戒指，经历亚航、地铁、动车各种失而复得，最终还是找不回来了[泪][泪][泪][泪]@张晓蕊rry2 @靓靓happiness @索南彭措2012 教训就是，不合适的东西再美丽再喜欢也不能买[可怜][可怜][可怜][可怜]			1618031204	00	0	1397724386510
2318850-	0		0	Fri Mar 29 08:26:18 +0800 2013			3561103831777159	3561103831777159				3561103831777159	0			1	<a href=" rel="nofollow">iPhone客户端</a>	 @索南彭措2012 检验他们是实干还是吹牛的时刻到了！			1618031204	00	3561096872664720	1397724386510
2318851-	0		2	Mon Apr 22 08:37:10 +0800 2013			3569803883613309	3569803883613309				3569803883613309	0			0	<a href=" rel="nofollow">iPad客户端</a>	向左还是向右[思考][思考]			1618031204	00	3569790767761899	1397724386510
2318852-	0		0	Wed Feb 06 10:57:30 +0800 2013			3542660100898759	3542660100898759				3542660100898759	0			0	<a href=" rel="nofollow">微博 weibo.com</a>	也对，委曲求全哪能就顺了普天之下的意，还是会有人不喜欢你[鼓掌]//@sophyia: 同感[握手] //@黄梁巧儿: @sophyia			1618031204	00	3542494392744788	1397724386511
2318853-	0		2	Sun Jan 13 18:18:53 +0800 2013			3534073878298418	3534073878298418				3534073878298418	0			1	<a href=" rel="nofollow">iPhone客户端</a>	 @张晓蕊rry2			1618031204	00	3534061912389909	1397724386511
2318854-	0		0	Mon Apr 01 11:39:02 +0800 2013			3562239502179670	3562239502179670				3562239502179670	0			1	<a href=" rel="nofollow">微博 weibo.com</a>	2姐2妹我们商量下吧，种几种菜。			1618031204	00	3562238906169054	1397724386511
2318855-	0		0	Sun Jan 20 14:03:08 +0800 2013			3536546219076405	3536546219076405				3536546219076405	0			0	<a href=" rel="nofollow">iPhone客户端</a>	移民呗那[偷笑][偷笑] //@张晓蕊rry2:我有一个梦想，我的护照能不能是免签的@茉莉香片1982			1618031204	00	3536537143157634	1397724386512
2318856-	0		1	Tue Nov 27 23:54:05 +0800 2012			3517125991613017	3517125991613017				3517125991613017	0			1	<a href=" rel="nofollow">iPhone客户端</a>	 @张晓蕊rry2 @萌巴豆 @风华正胖 求八卦 //@胡益华律师: //@任志强:如果查出房子是我的就都送给你和牛刀。如果查出房子不是我的。你们买来送给我。这样赌一把很公平吧。侯宁，牛刀应战吗？装B也要有胆啊。 //@侯宁:老任是商人，又属兔，这不很正常嘛。 //@喜客门:志强急了，一点都不如对待志玲优雅			1618031204	00	3517090734288942	1397724386512
2318857-	0		6	Sat Oct 06 15:47:34 +0800 2012			3498159395729929	3498159395729929				3498159395729929	0		#	1	<a href=" rel="nofollow">蚂蜂窝旅行</a>	终于到了海边。高尔象极了鼓浪屿的赶脚，但没那么多人没那么商业化。平静安详。欧洲风情。在阳台上先瞥一眼大海。【			1618031204	00	0	1397724386512
2318858-	0		0	Thu Jun 07 00:14:06 +0800 2012			3454075548965238	3454075548965238				3454075548965238	0			2	<a href=" rel="nofollow">iPhone客户端</a>	//@花小楹://@中国新闻周刊:【刘瑜：何为生命魅力？】刘瑜：“我仍然觉得婚姻制度可能会消亡，但是我觉得人对亲密关系的需要永远不会消亡。人跟人在一起，你不仅仅是欣赏对方，还希望对方能刺激出一个更好的你来，在一种更多元化的关系当中，你受到的刺激会更多			1618031204	00	3451693998110673	1397724386513
2318859-	0		0	Sun Sep 09 10:27:45 +0800 2012			3488294434130322	3488294434130322				3488294434130322	0			0	<a href=" rel="nofollow">iPhone客户端</a>	看了，深深的感到：每个男人在遇到他的真爱之前，都误以为自己喜欢女人。太好基友了[生病][生病][生病]			1618031204	00	3488282451550318	1397724386513
2318860-	0		0	Sun May 26 09:02:46 +0800 2013			3582131504971227	3582131504971227				3582131504971227	0			0	<a href=" rel="nofollow">iPhone客户端</a>	萌死了。@sisi0606 照着这个标准来一个[嘻嘻][嘻嘻] //@经典英文语录:这个可以有~[心]			1618031204	00	3581780496029970	1397724386513
2318861-	0		0	Wed Sep 19 23:24:45 +0800 2012			3492113859475474	3492113859475474				3492113859475474	0		#	0	<a href=" rel="nofollow">iPhone客户端</a>	我刚更新了#微博客户端秋季版#，1.全新个人主页, 2.信息流新增趋势：热门文章、推荐好友, 3.新增微博专属二维码, 4.新增智能排序，浏览微博更高效, 5.新增个性会员主题，赶快成为微博会员吧！ App Store下载地址：			1618031204	00	0	1397724386514
2318862-	0		4	Wed Dec 12 16:19:14 +0800 2012			3522447346927142	3522447346927142				3522447346927142	0			0	<a href=" rel="nofollow">专业版微博</a>	特别欢乐的片子。绝美的泰国风光配上一个2逼青年，太有料了。看到宝宝，我不由的想说，2逼青年欢乐就是多。@张晓蕊rry2 这片你必须看，适合你啊！			1618031204	00	3522434211048312	1397724386514
2318863-	0		1	Sat Jun 02 16:27:06 +0800 2012			3452508477592275	3452508477592275				3452508477592275	0			1	<a href=" rel="nofollow">iPhone客户端</a>	萌[花心][花心]			1618031204	00	3452416068865230	1397724386514
2318864-	0		7	Fri Sep 14 21:02:42 +0800 2012			3490266159826704	3490266159826704				3490266159826704	0		#	0	<a href=" rel="nofollow">蚂蜂窝旅行</a>	上菜咯。猜猜这是啥？【			1618031204	00	0	1397724386514
2318865-	0		0	Mon Aug 13 22:32:24 +0800 2012			3478692325966782	3478692325966782				3478692325966782	0			0	<a href=" rel="nofollow">iPhone客户端</a>	//@电影集结号:找个人，相约进藏吧。			1618031204	00	3478614979160122	1397724386515
2318866-	0		0	Wed Dec 19 22:34:23 +0800 2012			3525078484610540	3525078484610540				3525078484610540	0			0	<a href=" rel="nofollow">iPad客户端</a>	@索南彭措2012 			1618031204	00	3524979792687246	1397724386515
2318867-	0		12	Thu Feb 28 15:24:32 +0800 2013			3550699838929790	3550699838929790				3550699838929790	0			1	<a href=" rel="nofollow">专业版微博</a>	@李信玲 @索南彭措2012 幸好我们在对这个游戏丧失兴趣前还木有失明。			1618031204	00	3550676619522509	1397724386515
2318868-	0		3	Thu Jul 18 14:48:28 +0800 2013			3601425059763513	3601425059763513				3601425059763513	0			0	<a href=" rel="nofollow">iPad客户端</a>	@Irene苏 淘宝店主这么累么？[泪][泪] //@两之: [蜡烛]对普通人来讲以健康为代价的赚钱投入产出比都不划算！//@新莓会: [有鸭梨]			1618031204	00	3601414008285089	1397724386515
2318869-	0		0	Wed Aug 28 10:35:00 +0800 2013			3616219179655403	3616219179655403				3616219179655403	0			0	<a href=" rel="nofollow">iPhone客户端</a>	人肯定会很多吧[晕][晕][晕]@索南彭措2012			1618031204	00	3616214607506334	1397724386516
2318870-	0		2	Thu Feb 27 11:51:25 +0800 2014			3682555389914379	3682555389914379				3682555389914379	0			0	<a href=" rel="nofollow">微博搜索</a>	@rebecca鱼 看看人家这个公司，我靠牛大了！！！！			1618031204	00	3682531130844007	1397724386516
2318871-	0		0	Wed Nov 28 09:39:29 +0800 2012			3517273317111938	3517273317111938				3517273317111938	0			0	<a href=" rel="nofollow">iPhone客户端</a>	这条真温暖真励志[爱你][爱你]			1618031204	00	3517252781225112	1397724386516
2318872-	0		0	Fri Sep 14 00:10:51 +0800 2012			3489951121023224	3489951121023224				3489951121023224	0			0	<a href=" rel="nofollow">iPhone客户端</a>	[黑线][黑线]嘲讽帖已经快速出现了。 //@ATM和vivi的世界:哈哈，高!//@myvictorjia:下班前一乐，回家！//@冷笑话精选: 看了这个，iphone5真的弱爆了。。。			1618031204	00	3489810255552387	1397724386516
2318873-	0		0	Mon Oct 07 22:47:02 +0800 2013			3630898916557943	3630898916557943				3630898916557943	0			1	<a href=" rel="nofollow">iPhone客户端</a>	[哈哈][哈哈][哈哈]2货们 //@张晓蕊rry2:@茉莉香片1982 @袁晓澜 @红伟胡			1618031204	00	3630892645993107	1397724386517
2318874-	0		0	Thu Aug 16 20:54:48 +0800 2012			3479754931863950	3479754931863950				3479754931863950	0			0	<a href=" rel="nofollow">iPhone客户端</a>	辛苦啦[爱你][爱你]			1618031204	00	3479753854191225	1397724386517
2318875-	0		2	Mon Oct 29 09:51:38 +0800 2012			3506404738976834	3506404738976834				3506404738976834	0			0	<a href=" rel="nofollow">iPhone客户端</a>	中国的景区都堪比春运啊，愁死了[晕][晕]@张晓蕊rry2			1618031204	00	3506399198069417	1397724386517
2318876-	0		0	Mon Mar 25 21:35:07 +0800 2013			3559852805044819	3559852805044819				3559852805044819	0			1	<a href=" rel="nofollow">iPhone客户端</a>	上大学在超市，我记得40元能买够一周吃的水果[浮云] //@张晓蕊rry2:楼下水果超市买了5根香蕉，2个火龙果，40元。			1618031204	00	3559851932045141	1397724386517
2318877-	0		4	Tue Mar 12 09:52:14 +0800 2013			3554964863008414	3554964863008414				3554964863008414	0			1	<a href=" rel="nofollow">iPhone客户端</a>	生活最离不开的吃和住[浮云][浮云]			1618031204	00	3554962720149433	1397724386518
2318878-	0		0	Mon Apr 08 16:19:51 +0800 2013			3564846878426223	3564846878426223				3564846878426223	0			1	<a href=" rel="nofollow">iPad客户端</a>	@索南彭措2012 我送你六双袜子吧[偷笑][偷笑]			1618031204	00	3564841904354924	1397724386518
2318879-	0		1	Wed Oct 17 10:17:46 +0800 2012			3502062665162015	3502062665162015				3502062665162015	0			0	<a href=" rel="nofollow">iPhone客户端</a>	[右哼哼][左哼哼]我不幸福，我姓曾[挖鼻屎]			1618031204	00	3502059904947720	1397724386518
2318880-	0		0	Tue May 22 11:23:35 +0800 2012			3448445819807645	3448445819807645				3448445819807645	0		#	0	<a href=" rel="nofollow">勋章馆</a>	我已经领取了【纵横四海】勋章，连续三天用手机微博或微博官方客户端签到地球任意一点，发布位置微博就可以获得啦！Hey，地球人，你酷毙了，用位置微博，向我们证明，你也是地球人吧！ 			1618031204	00	0	1397724386519
2318881-	0		0	Sun Jun 10 17:29:31 +0800 2012			3455423279235406	3455423279235406				3455423279235406	0			1	<a href=" rel="nofollow">iPhone客户端</a>	要斗地主么这是[酷][酷] //@风华正胖:下周末，疯狂48小时。 //@维他命肉丸子:时刻准备着！移驾潘家园[哈哈] //@茉莉香片1982: 我搬家啦，欢迎大家来暖房[鼓掌][鼓掌][鼓掌] //@风华正胖:很适合睡觉。 //@张晓蕊rry2:很适合骑自行车			1618031204	00	3455355524654287	1397724386519
2318882-	0		0	Tue Jul 17 08:40:41 +0800 2012			3468698549311016	3468698549311016				3468698549311016	0			1	<a href=" rel="nofollow">iPhone客户端</a>	跟我们一起去吧 //@袁晓澜:转发中吧，这样就可以去这个美丽的地方@张晓蕊rry2 @茉莉香片1982			1618031204	00	3468131584383899	1397724386519
2318883-	0		0	Tue Jun 04 23:42:08 +0800 2013			3585614308162010	3585614308162010				3585614308162010	0			7	<a href=" rel="nofollow">iPad客户端</a>	希腊[花心][花心][花心]			1618031204	00	3585613817645137	1397724386519
2318884-	0		2	Sun Jul 21 21:40:59 +0800 2013			3602616036449147	3602616036449147				3602616036449147	0			0	<a href=" rel="nofollow">iPad客户端</a>	@苏铂 			1618031204	00	3602613448971394	1397724386520
2318885-	0		2	Tue Mar 19 16:04:51 +0800 2013			3557595346196511	3557595346196511				3557595346196511	0			3	<a href=" rel="nofollow">iPhone客户端</a>	转发微博			1618031204	00	3557586634668307	1397724386520
2318886-	0		0	Tue Jul 10 00:27:36 +0800 2012			3466037758735384	3466037758735384				3466037758735384	0		#	0	<a href=" rel="nofollow">开心水族箱iOS版</a>	我拥有史上最萌、最梦幻的@开心水族箱 ，急需宝石【精灵锤】呀~快来加我好友吧！我的ID是：1207241 .求帮助，求扩散！ 去看看:			1618031204	00	0	1397724386521
2318887-	0		5	Wed Sep 18 15:30:35 +0800 2013			3623903706764471	3623903706764471				3623903706764471	0			0	<a href=" rel="nofollow">iPhone客户端</a>	mark //@跟我做私房菜:New Balance中秋大型团购开场啦[ppb鼓掌]一年仅一次，错过今天明年再来[心]传说中的总 统跑鞋[心]专柜发票享受三包服务！原价960现价只要167、167，赶紧抢购吧，地址 >>			1618031204	00	3623230680500786	1397724386521
2318888-	0		3	Tue Oct 01 18:55:34 +0800 2013			3628666334452761	3628666334452761				3628666334452761	0			0	<a href=" rel="nofollow">Android客户端</a>	@索南彭措2012 你看真的不幸被我言中吧[围观][围观]			1618031204	00	3628625095699970	1397724386521
2318889-	0		0	Fri Nov 23 08:30:37 +0800 2012			3515444046280887	3515444046280887				3515444046280887	0			0	<a href=" rel="nofollow">iPhone客户端</a>	赶紧转[泪][泪] //@邢晓利:[哈哈]			1618031204	00	3515431577313689	1397724386521
2318890-	0		0	Fri Apr 12 00:17:35 +0800 2013			3566054271812381	3566054271812381				3566054271812381	0			0	<a href=" rel="nofollow">iPad客户端</a>	哈哈，2货眼神[鼓掌][偷笑]@张晓蕊rry2 			1618031204	00	3566048630155518	1397724386522
2318891-	0		0	Tue Jun 25 13:10:03 +0800 2013		type:Pointcoordinates:#40.072193#116.36111	3593065375766142	3593065375766142				3593065375766142	0			0	<a href=" rel="nofollow">iPhone客户端</a>	地铁毁三观，大妈最可怕[衰][衰][衰][衰][衰] 我在:			1618031204	00	0	1397724386522
2318892-	0		0	Mon Apr 15 23:56:05 +0800 2013			3567498421516090	3567498421516090				3567498421516090	0			1	<a href=" rel="nofollow">iPad客户端</a>	@张晓蕊rry2 @李信玲 @索南彭措2012 哇哦[鼓掌][鼓掌]			1618031204	00	3565399075081935	1397724386522
2318893-	0		5	Sat Jun 23 18:47:19 +0800 2012		type:Pointcoordinates:#27.947943#109.60763	3460153900404817	3460153900404817				3460153900404817	0		#	1	<a href=" rel="nofollow">iPhone客户端</a>	在一家叫@凤凰一页吧 的酒吧。老板调的酒真好喝。还免费让我们在店里唱歌。过了一把歌手瘾。PS：老板歌唱的超好！ 			1618031204	00	0	1397724386522
2318894-	0		0	Fri Mar 22 09:36:32 +0800 2013			3558584799619572	3558584799619572				3558584799619572	0			1	<a href=" rel="nofollow">iPhone客户端</a>	[熊猫][熊猫]@rebecca鱼 相当给力啊[给力][给力]			1618031204	00	3558578272890656	1397724386523
2318895-	0		0	Thu Apr 04 15:29:55 +0800 2013			3563384765534284	3563384765534284				3563384765534284	0			1	<a href=" rel="nofollow">iPhone客户端</a>	mark[鼓掌][鼓掌] //@经典英文语录:这下知道该怎么选牙膏了！[din赞好]			1618031204	00	3561314247279386	1397724386523
2318896-	0		0	Mon Sep 16 16:12:41 +0800 2013			3623189529879512	3623189529879512				3623189529879512	0			0	<a href=" rel="nofollow">专业版微博</a>	@rebecca鱼 @张晓蕊rry2 @索南彭措2012			1618031204	00	3621659489484102	1397724386523
2318897-	0		0	Sun Jun 09 19:44:01 +0800 2013			3587366314317105	3587366314317105				3587366314317105	0		#	0	<a href=" rel="nofollow">蚂蜂窝旅行</a>	历经雨淋、拥挤，差点误车(#晕)(#晕)不过还好赶上了，北京再见，绍兴我来了。PS：软卧真舒服(#赞)(#赞)@嗡嗡官方微博 分享自世界公园N39.7°，E116.3°>>>			1618031204	00	0	1397724386524
2318898-	0		0	Sun Mar 31 07:41:19 +0800 2013			3561817286738762	3561817286738762				3561817286738762	0			0	<a href=" rel="nofollow">iPad客户端</a>	[good][good] //@毛大庆: 陈淑桦一首老歌：＂梦醒时分＂			1618031204	00	3561633278650548	1397724386524
2318899-	0		0	Wed Apr 24 08:45:37 +0800 2013			3570530781281567	3570530781281567				3570530781281567	0			0	<a href=" rel="nofollow">iPhone客户端</a>	转发微博			1618031204	00	3570528474321311	1397724386524
2318900-	0		2	Fri Jun 22 23:06:57 +0800 2012		type:Pointcoordinates:#27.947886#109.606384	3459856852104501	3459856852104501				3459856852104501	0		#	0	<a href=" rel="nofollow">iPhone客户端</a>	 @张晓蕊rry2 光辉岁月。 			1618031204	00	0	1397724386524
2318901-	0		2	Mon Apr 15 18:28:05 +0800 2013			3567415868781178	3567415868781178				3567415868781178	0			0	<a href=" rel="nofollow">微博 weibo.com</a>	@Annaaaaaa_ @周董 今天的凤凰变的太不堪了！！！//@刘启斌: 山大王！！！[吃惊]			1618031204	00	3567306787367348	1397724386525
2318902-	0		0	Tue Apr 16 15:55:38 +0800 2013			3567739891325435	3567739891325435				3567739891325435	0			0	<a href=" rel="nofollow">微博 weibo.com</a>	中国要跟上心理辅导了，感觉看电视剧香港日本等国家心理辅导很盛行。在扭曲前进行疏导很必要。//@怡�: 这得有多深的仇恨阿			1618031204	00	3567733318985671	1397724386525
2318903-	0		3	Wed Nov 07 08:49:17 +0800 2012			3509650537952379	3509650537952379				3509650537952379	0			0	<a href=" rel="nofollow">iPhone客户端</a>	本来美好的一个早晨被早高峰肆无忌惮的毁了。这个时候真怀念在斯里兰卡的每一天！那才叫生活，现在叫生存！@张晓蕊rry2 @靓靓happiness @化外狂封 [抓狂][抓狂][抓狂][抓狂][抓狂]			1618031204	00	0	1397724386525
2318904-	0		0	Mon Sep 16 08:38:09 +0800 2013			3623075142763884	3623075142763884				3623075142763884	0			0	<a href=" rel="nofollow">iPhone客户端</a>	喵[浮云][浮云]			1618031204	00	3623052803933305	1397724386525
2318905-	0		0	Tue May 22 08:07:07 +0800 2012		type:Pointcoordinates:#39.893673#116.32003	3448396377429292	3448396377429292				3448396377429292	0		#	2	<a href=" rel="nofollow">iPhone客户端</a>	火车7：19分到北京西站，现在还在排队等出租车。帝都，想说爱你不容易啊[泪][泪]我在这里: #丰台区# 			1618031204	00	0	1397724386526
2318906-	0		0	Wed Apr 17 23:38:26 +0800 2013			3568218746999439	3568218746999439				3568218746999439	0		#	0	<a href=" rel="nofollow">开心水族箱iOS版</a>	我正在玩超有爱的游戏【开心水族箱】，鱼儿都超萌的，推荐你一起来玩~现在安装游戏并验证我的邀请码【AC4C8G7M】，你还能获得一份惊喜好礼哦~苹果商店免费下载： ，支持iPhone、iTouch、iPad。等待你的加入^ ^			1618031204	00	0	1397724386526
2318907-	0		0	Fri Dec 06 17:26:04 +0800 2013			3652561409923097	3652561409923097				3652561409923097	0			0	<a href=" rel="nofollow">Android客户端</a>	想要ipad air！！@rebecca鱼 @笨笨晓晓猪 @风逝olf //@曾慧娟娟: @茉莉香片1982 @曾松青- @常伟 想中奖不			1618031204	00	3650848627901884	1397724386526
2318908-	0		1	Sun Sep 30 22:44:21 +0800 2012			3496089951338175	3496089951338175				3496089951338175	0		#	0	<a href=" rel="nofollow">蚂蜂窝旅行</a>	超级稀饭滴水果！【			1618031204	00	0	1397724386527
2318909-	0		0	Fri Sep 07 21:44:31 +0800 2012			3487739976693440	3487739976693440				3487739976693440	0			0	<a href=" rel="nofollow">蚂蜂窝旅行</a>	张玮太棒了，喜欢喜欢喜欢。@心书【			1618031204	00	0	1397724386527
2318910-	0		0	Tue Oct 02 10:46:52 +0800 2012			3496634170715788	3496634170715788				3496634170715788	0		#	1	<a href=" rel="nofollow">蚂蜂窝旅行</a>	good morning 斯里兰卡早餐。【			1618031204	00	0	1397724386527
2318911-	1		0	Fri Dec 27 18:07:41 +0800 2013			3660182032594119	3660182032594119				3660182032594119	0			3	<a href=" rel="nofollow">微博 weibo.com</a>	@张晓蕊rry2 @风逝olf 抽靴子//@rebecca鱼: @一叶落归心 @茉莉香片1982 转一个			1618031204	00	3659790687321402	1397724386527
2318912-	0		0	Sun Sep 09 01:17:14 +0800 2012			3488155896046597	3488155896046597				3488155896046597	0			0	<a href=" rel="nofollow">iPhone客户端</a>	 @斯里兰卡旅游推广局2012 ，我朋友申请电子签证始终无法支付成功，如何解决？			1618031204	00	3488135914498146	1397724386528
2318913-	0		4	Sat Nov 10 21:24:46 +0800 2012			3510927829720217	3510927829720217				3510927829720217	0		#	0	<a href=" rel="nofollow">蚂蜂窝旅行</a>	伊达邵的商店街，各种小吃，终于吃顶了。【			1618031204	00	0	1397724386528
2318914-	0		0	Wed Jul 25 18:54:42 +0800 2012			3471752174475736	3471752174475736				3471752174475736	0			1	<a href=" rel="nofollow">iPhone客户端</a>	你过生日我们送你一个[偷笑] @袁晓澜 @风华正胖 @维他命肉丸子 @自曾晖 //@张晓蕊rry2:皮划艇不错。。。@风华正胖 @王营1124 @张敏同学 @张旭四哥 @自曾晖 @维他命肉丸子 @茉莉香片1982 @如果爷 @哆啦A丹 @旅行没有休止符			1618031204	00	3471737398655344	1397724386528
2318915-	0		0	Sun Jan 13 17:29:22 +0800 2013			3534061408103773	3534061408103773				3534061408103773	0			0	<a href=" rel="nofollow">微博 weibo.com</a>	痛苦啊痛苦啊！！！@索南彭措2012			1618031204	00	3533617818855025	1397724386528
2318916-	0		3	Fri Oct 12 08:02:49 +0800 2012			3500216760126250	3500216760126250				3500216760126250	0			0	<a href=" rel="nofollow">微博 weibo.com</a>	[汗]晕死啊，太2了！@化外狂封			1618031204	00	3500079866288669	1397724386529
2318917-	0		13	Mon Apr 01 18:05:31 +0800 2013			3562336759103859	3562336759103859				3562336759103859	0			1	<a href=" rel="nofollow">微博 weibo.com</a>	@索南彭措2012 我脚的这是你的菜。[思考]			1618031204	00	3562335761006363	1397724386529
2318918-	0		2	Mon May 20 13:47:28 +0800 2013			3580028824217216	3580028824217216				3580028824217216	0			1	<a href=" rel="nofollow">微博 weibo.com</a>	到时候带上闺蜜去看。@TinaWu2011 @sophyia @rebecca鱼 必须不能错过呀。//@被打扰的绿: 被偷走的那五年~			1618031204	00	3579994142156631	1397724386529
2318919-	0		2	Sun Dec 02 10:50:03 +0800 2012			3518740634821312	3518740634821312				3518740634821312	0			0	<a href=" rel="nofollow">iPhone客户端</a>	滑雪也行啊，快定[哈哈][哈哈] //@张晓蕊rry2:不是去滑雪么@袁晓澜 //@茉莉香片1982: 一起去看啊下周[哈哈][哈哈] //@张晓蕊rry2:@茉莉香片1982 ，我有会员卡哦。上次没带。。。[嘻嘻]			1618031204	00	3518540281418298	1397724386529
2318920-	0		0	Wed Jul 25 00:37:58 +0800 2012			3471476168132166	3471476168132166				3471476168132166	0			2	<a href=" rel="nofollow">iPhone客户端</a>	必须收藏备用 //@ZhangYang��://@杨�杨小妞:无			1618031204	00	3471285793295351	1397724386530
2318921-	1		0	Sat Jan 18 11:52:20 +0800 2014		type:Pointcoordinates:#39.80483#116.45229	3668060101716128	3668060101716128				3668060101716128	0		#	7	<a href=" rel="nofollow">三星GALAXY S4</a>	2014年一定要继续行走在路上，2013年很忙，忙的错过了行走的机会。走习惯了，停下来觉得日子好晦涩。@张晓蕊rry2 2014一起啦！！！ 我在这里:			1618031204	00	0	1397724386530
2318922-	0		0	Mon Jul 01 23:38:46 +0800 2013			3595397920762341	3595397920762341				3595397920762341	0			1	<a href=" rel="nofollow">iPad客户端</a>	转发微博			1618031204	00	3595393768145369	1397724386530
2318923-	0		0	Mon Apr 08 16:18:52 +0800 2013			3564846639538129	3564846639538129				3564846639538129	0			0	<a href=" rel="nofollow">iPad客户端</a>	@TinaWu2011 你的校园恋提上日程吧[鼓掌][鼓掌] //@雨田雨田:  @珠墨z 你男朋友在忙高考呢[哈哈]			1618031204	00	3564779266022147	1397724386530
2318924-	0		1	Fri Mar 15 18:04:11 +0800 2013			3556175829934456	3556175829934456				3556175829934456	0			0	<a href=" rel="nofollow">微博 weibo.com</a>	@索南彭措2012 这是我准备去看的片子！			1618031204	00	3556160579728330	1397724386531
2318925-	0		5	Tue Nov 06 00:03:12 +0800 2012			3509155757060630	3509155757060630				3509155757060630	0			0	<a href=" rel="nofollow">iPhone客户端</a>	[黑线][黑线] //@靓靓happiness:[黑线]			1618031204	00	3509130415732025	1397724386531
2318926-	0		0	Thu Aug 08 14:17:24 +0800 2013			3609027387310162	3609027387310162				3609027387310162	0			0	<a href=" rel="nofollow">iPhone客户端</a>	要看要看[花心][花心][花心]@索南彭措2012			1618031204	00	3609023817455891	1397724386531
2318927-	0		0	Sun Jun 16 01:46:19 +0800 2013			3589631817827329	3589631817827329				3589631817827329	0			0	<a href=" rel="nofollow">iPad客户端</a>	转发微博			1618031204	00	3589486086594385	1397724386531
2318928-	0		1	Mon Sep 16 08:42:28 +0800 2013			3623076229542564	3623076229542564				3623076229542564	0			2	<a href=" rel="nofollow">iPhone客户端</a>	[哈哈][哈哈][哈哈][哈哈][哈哈] //@小团子爹: @蔡晓泰  //@GuanTX:@面贝贝 亲爱的你不是这样的～～//@勤奋的小雷同学: @大灰狼打呼噜 这是有多不招人待见			1618031204	00	3622931336778982	1397724386532
2318929-	0		0	Fri Dec 28 15:58:44 +0800 2012			3528240393625709	3528240393625709				3528240393625709	0		#	0	<a href=" rel="nofollow">蚂蜂窝旅行</a>	旅行是生命的养料，我刚刚下载了蚂蜂窝【桂林（第六版）】#旅游攻略#。旅游出行，攻略在手，行程无忧！你准备去哪里旅行呢？[疑问]快来看看吧！[围观]  (@蚂蜂窝旅游攻略)			1618031204	00	0	1397724386532
2318930-	0		1	Sat May 19 22:33:04 +0800 2012			3447527137010787	3447527137010787				3447527137010787	0			1	<a href=" rel="nofollow">iPhone客户端</a>	鸡翅、牛肉、鱼片、各种豆制品和蔬菜，吃得撑死还浪费了不少，买单69元[吃惊]西安人民真心幸福啊[馋嘴][馋嘴]			1618031204	00	3447513170127982	1397724386532
2318931-	0		0	Wed Jan 30 11:39:27 +0800 2013			3540133943322148	3540133943322148				3540133943322148	0			1	<a href=" rel="nofollow">iPhone客户端</a>	那比起水都流走了还是留头猪吧[泪][泪] //@肖勇://@杨红旭 中国房价丫是头“注水猪”//@房地内参 :在2008年中国M2还排不上全球前三。2009-2011年间全球新增M2中，人民币贡献了48%。2012年中国M2与GDP比例创历史新高：1.88。过去4年M2几乎翻番！ 房价确实是印出来的			1618031204	00	3540121984614594	1397724386533
2318932-	1		0	Sat Aug 31 12:59:59 +0800 2013			3617342825527375	3617342825527375				3617342825527375	0			1	<a href=" rel="nofollow">iPhone客户端</a>	看看去//@翡翠玉石水晶大全:活动只到9月2日哦！看中的直接淘宝价打八折，机不可失，9月2日后恢复原价，不接受议价！已经有很多朋友下手了，不要错过难得的好机会！淘宝店链接（请直接复制链接至地址栏打开）：fc008.taobao.com 也可以直接在淘宝搜店名：名博珠宝。			1618031204	00	3617009470215102	1397724386533
2318933-	0		0	Thu May 30 08:46:11 +0800 2013			3583576883203879	3583576883203879				3583576883203879	0			0	<a href=" rel="nofollow">iPhone客户端</a>	实在是太忧伤了[偷笑][偷笑] //@周安安zhouanan:太惊悚了。。。//@橘川琉璃:这真的……一股浓浓的酸水流过心间啊【捂胸口倒地			1618031204	00	3582180460576432	1397724386533
2318934-	0		0	Sun Jan 13 11:29:22 +0800 2013			3533970811570952	3533970811570952				3533970811570952	0			0	<a href=" rel="nofollow">微博 weibo.com</a>	我手贱了111//@小团子爹: 坏人啊！居然AT我！@姜堰朱 @快乐的维博 //@icicle669: 重口味！@蔡晓泰 @小团子爹			1618031204	00	3533263953973792	1397724386533
2318935-	0		0	Sun Dec 16 15:52:59 +0800 2012			3523890292388865	3523890292388865				3523890292388865	0			0	<a href=" rel="nofollow">iPad客户端</a>	米国真乱天朝真安全[衰][衰] //@宗小皮: //@徐昕://@yanboshanse:他们有心给地球另一端的28个孩子寄予无限的同情，却无暇给身边的22名孩子道一声安慰。中国孩子命贱啊，有些人人贱啊。			1618031204	00	3523806373160222	1397724386534
2318936-	0		0	Wed Dec 12 09:33:58 +0800 2012			3522345358916276	3522345358916276				3522345358916276	0			0	<a href=" rel="nofollow">iPhone客户端</a>	//@新周刊:求证：专柜奢侈品未必是真货？//@光头王凯: //@云淡风轻的散漫生活:有是一定的，我朋友之前的工厂是一大牌的合作厂商，对方的工作人员，采购相同的面辅料，相同的包装，然后私下拿到专柜去卖。所以，别迷恋神马专柜，也不都是正品[挖鼻屎]			1618031204	00	3521284593968924	1397724386534
2318937-	0		0	Thu Nov 22 21:42:32 +0800 2012			3515280946962614	3515280946962614				3515280946962614	0			0	<a href=" rel="nofollow">iPhone客户端</a>	转发微博。			1618031204	00	3515277809374970	1397724386534
2318938-	0		0	Tue Jun 11 21:43:26 +0800 2013			3588121146773066	3588121146773066				3588121146773066	0		#	0	<a href=" rel="nofollow">蚂蜂窝旅行</a>	西塘我又来了(#抱抱)(#抱抱)(#抱抱)(#抱抱)@嗡嗡官方微博 分享自西塘N30.9°，E120.9°>>>			1618031204	00	0	1397724386534
2318939-	0		0	Mon Sep 16 09:51:19 +0800 2013		type:Pointcoordinates:#39.89611#116.41863	3623093555693627	3623093555693627				3623093555693627	0			0	<a href=" rel="nofollow">iPhone客户端</a>	网络时代资讯过于发达的后果是：老妈早上发微信很紧张的问我，4号线故障没有影响到你上班吧[晕][晕]完全不熟悉地形啊，北京那么大我又不坐4号线，完全是害她虚惊一场了[哈哈][哈哈][哈哈] 我在这里:			1618031204	00	0	1397724386535
2318940-	0		4	Mon Jun 25 03:50:52 +0800 2012			3460653081382414	3460653081382414				3460653081382414	0			0	<a href=" rel="nofollow">iPhone客户端</a>	悲催的人生不想解释，终于到家了。			1618031204	00	0	1397724386535
2318941-	0		0	Sat Aug 11 22:40:40 +0800 2012			3477969652030378	3477969652030378				3477969652030378	0		#	0	<a href=" rel="nofollow">蚂蜂窝旅行</a>	狂欢的球迷和兴奋的球员。颁奖一会开始。【			1618031204	00	0	1397724386535
2318942-	0		0	Wed May 23 16:42:10 +0800 2012			3448888381486079	3448888381486079				3448888381486079	0			0	<a href=" rel="nofollow">微博 weibo.com</a>	2姐，旅途注意安全啊。刚落地就碰上罢工，哈哈，你的旅途很精彩，要保护好自己，没事别出去溜达，在窗边看看就好//@张晓蕊rry2: 太刺激了，尼泊尔罢工[哈哈]，说停电没停，汽油不好买，电话卡涨价，外面很吵，又在游行。其它影响不大。茉莉香片1982@蚂蜂窝旅游攻略@红伟胡 @风华正胖 @ATM和vivi的世界			1618031204	00	3448433413298291	1397724386536
2318943-	0		0	Sun Oct 07 12:31:24 +0800 2012			3498472420602310	3498472420602310				3498472420602310	0			0	<a href=" rel="nofollow">iPhone客户端</a>	回复@李志明:哈哈，标准音在此，mark了[偷笑][偷笑] //@李志明:是乌纳瓦图纳[挖鼻屎]			1618031204	00	3498466766578069	1397724386536
2318944-	0		1	Tue Mar 05 22:34:27 +0800 2013			3552619971147081	3552619971147081				3552619971147081	0			0	<a href=" rel="nofollow">iPad客户端</a>	记住这个禽兽！外加法盲[愤怒][愤怒][愤怒][愤怒]			1618031204	00	3552601205184175	1397724386536
2318945-	0		0	Thu Oct 18 01:07:33 +0800 2012			3502286585923704	3502286585923704				3502286585923704	0			0	<a href=" rel="nofollow">iPhone客户端</a>	微博真是产八卦的好地方[偷笑][偷笑] //@风华正胖:他不是你新男朋友吗？//@张晓蕊rry2: 回复@丁文洋:一歌星 //@丁文洋:元芳是谁？怎么都在说她啊 //@张晓蕊rry2:元芳，你也毕生向往吧！ //@张晓蕊rry2:元芳，你也毕生向往吧！			1618031204	00	3502248207915159	1397724386536
2318946-	0		2	Wed Dec 05 14:32:37 +0800 2012			3519883800993950	3519883800993950				3519883800993950	0			0	<a href=" rel="nofollow">微博 weibo.com</a>	[哈哈][哈哈][哈哈]//@司徒绿: 最近新出了两样度量衡，一个是陆川，一个是切糕。			1618031204	00	3519098673378698	1397724386537
2318947-	0		0	Thu Jul 26 18:24:33 +0800 2012			3472106970839768	3472106970839768				3472106970839768	0			0	<a href=" rel="nofollow">微博 weibo.com</a>	回复@五道口龙地主:哈哈，那确实。这么NB的文案，让我在北京阴郁的天空下，觉得敞亮了很多啊，哈哈。 //@五道口龙地主:矮油，这文案不顶不行 //@茉莉香片1982:文案亮了，蓝天亮了，“镶黄旗”更亮了[偷笑] //@寻找旅行家: 标题真亮！大晴天！@i-traveler @蚂蜂窝蜂会 @蚂蜂窝旅游攻略 @晓贝不需要加V			1618031204	00	3472096607050371	1397724386537
2318948-	0		0	Mon Apr 01 11:06:49 +0800 2013			3562231389885849	3562231389885849				3562231389885849	0			0	<a href=" rel="nofollow">微博 weibo.com</a>	想看这个。			1618031204	00	3562223970089949	1397724386537
2318949-	0		0	Sat Jul 27 21:00:32 +0800 2013			3604780180567365	3604780180567365				3604780180567365	0			2	<a href=" rel="nofollow">iPhone客户端</a>	//@这里是美国:之前的视频资源好像不能看了! 重发：			1618031204	00	3604360812555028	1397724386537
2318950-	0		0	Sat May 19 13:41:21 +0800 2012			3447393334855148	3447393334855148				3447393334855148	0		#	0	<a href=" rel="nofollow">iPhone客户端</a>	古人的香薰，比我的高级多了啊[泪][泪]			1618031204	00	0	1397724386538
2318951-	0		0	Mon Jul 08 11:15:19 +0800 2013			3597747540583353	3597747540583353				3597747540583353	0			0	<a href=" rel="nofollow">iPhone客户端</a>	//@电影集结号:传递行走的力量！			1618031204	00	3597042834413715	1397724386538
2318952-	0		0	Tue Apr 02 11:04:29 +0800 2013			3562593190467638	3562593190467638				3562593190467638	0		#	0	<a href=" rel="nofollow">围脖关键词</a>	难不成我还是一个相当爱国的人士，中国、北京、喜欢，哈哈@索南彭措2012 你怎么看。            我的微博关键词。你也来试试吧~ 			1618031204	00	0	1397724386538
2318953-	0		1	Sat Oct 12 16:45:37 +0800 2013			3632619898306989	3632619898306989				3632619898306989	0			0	<a href=" rel="nofollow">Android客户端</a>	好吧。我想起的咋就是罗马假日呢。人家还说条条大路通北京呢。[挖鼻屎][挖鼻屎]			1618031204	00	3632618693796289	1397724386538
2318954-	0		0	Sat Jun 02 20:33:11 +0800 2012			3452570401635156	3452570401635156				3452570401635156	0			0	<a href=" rel="nofollow">iPhone客户端</a>	梦见他又胖了吧[偷笑][偷笑]@翟磊			1618031204	00	3452570166743928	1397724386539
2318955-	0		0	Tue Apr 23 09:57:24 +0800 2013			3570186458658604	3570186458658604				3570186458658604	0			0	<a href=" rel="nofollow">iPhone客户端</a>	//@环球旅讯:这.... //@c-o-tin: 不得不说，这事太扯了，全都是大堂免费房间收费，而且收费十分高昂。			1618031204	00	3570177323176268	1397724386539
2318956-	0		0	Sat Oct 20 00:52:27 +0800 2012			3503007558222562	3503007558222562				3503007558222562	0			0	<a href=" rel="nofollow">iPhone客户端</a>	2爷[耶] //@张旭四哥:[哈哈]//@翟磊: @邱太� @RyanFlyer @谢小咪 @琳莉 @闻� @徐徐说 @兴小星 @张晓蕊rry2 @茉莉香片1982 @小勤慕容 @Z_周岗峰 @张磊0713 @肖十一狼 @Rita郝小乐 @姓麦的 @张旭四哥			1618031204	00	3503002864669052	1397724386539
2318957-	0		0	Fri Sep 07 21:35:17 +0800 2012			3487737661265954	3487737661265954				3487737661265954	0		#	0	<a href=" rel="nofollow">iPhone客户端</a>	我刚更新了#微博客户端秋季版#，1.全新个人主页, 2.信息流新增趋势：热门文章、推荐好友, 3.新增微博专属二维码, 4.新增智能排序，浏览微博更高效, 5.新增个性会员主题，赶快成为微博会员吧！ App Store下载地址：			1618031204	00	0	1397724386540
2318958-	0		1	Wed May 30 10:57:34 +0800 2012			3451338375059498	3451338375059498				3451338375059498	0			0	<a href=" rel="nofollow">iPhone客户端</a>	真有这事？关注！ //@实习柴科夫:关注后续进展 //@障碍症患者:600多天全部在旅行，也会有点烦吧。。			1618031204	00	3450422230777108	1397724386540
2318959-	0		0	Sat Mar 16 17:48:18 +0800 2013			3556534221071827	3556534221071827				3556534221071827	0			0	<a href=" rel="nofollow">iPad客户端</a>	[吐][吐][吐][吐][吐][吐] //@非常阿旺: [衰][衰][衰][衰]			1618031204	00	3556529514867623	1397724386540
2318960-	0		3	Fri Nov 16 13:26:01 +0800 2012			3512981670921457	3512981670921457				3512981670921457	0			0	<a href=" rel="nofollow">微博 weibo.com</a>	[鼓掌]期待张老师大作啊[good]//@张钊维Milankun: 正在��，��年底前。 //@影子李俊:尽快出嘛 //@张钊维Milankun:�片子是�多朋友�前���滴滴堆砌起�的。涓滴都是功�。敬�期待光碟。 //@神经质猴子:谢谢用心认真的@张钊维Milankun 老师，我们只是一点点举手之劳，难为这么认真打上名字。			1618031204	00	3512734144743186	1397724386541
2318961-	0		3	Tue Oct 01 18:55:34 +0800 2013			3628666334452761	3628666334452761				3628666334452761	0			0	<a href=" rel="nofollow">Android客户端</a>	@索南彭措2012 你看真的不幸被我言中吧[围观][围观]			1618031204	00	3628625095699970	1397724386541
2318962-	0		0	Tue Jun 11 16:48:07 +0800 2013			3588046828443022	3588046828443022				3588046828443022	0			0	<a href=" rel="nofollow">iPhone客户端</a>	健康最重要[鼓掌][鼓掌] //@郑老道:转发微博			1618031204	00	3587944273672719	1397724386541
2318963-	0		0	Sat May 19 22:47:39 +0800 2012		type:Pointcoordinates:#34.263016#108.945885	3447530811151211	3447530811151211				3447530811151211	0		#	0	<a href=" rel="nofollow">iPhone客户端</a>	热闹的钟鼓楼商圈，不夜城。寻觅酒吧街[哈哈][哈哈]我在这里: #西安市区# 			1618031204	00	0	1397724386541
2318964-	0		0	Fri Nov 16 10:22:17 +0800 2012			3512935433765378	3512935433765378				3512935433765378	0			1	<a href=" rel="nofollow">iPhone客户端</a>	稀饭稀饭[鼓掌][鼓掌] //@邢晓利://@微博搞笑排行榜:穿衣搭配有方法，学习。[鼓掌]			1618031204	00	3512536031052777	1397724386542
2318965-	0		0	Wed May 15 10:03:14 +0800 2013			3578160459295343	3578160459295343				3578160459295343	0			0	<a href=" rel="nofollow">iPhone客户端</a>	[花心][花心][花心]			1618031204	00	3578156219362674	1397724386542
2318966-	0		19	Wed May 30 00:00:22 +0800 2012			3451172985500348	3451172985500348				3451172985500348	0			0	<a href=" rel="nofollow">iPhone客户端</a>	 @苏铂 在你的带领下，我终于又开始万恶的看韩剧旅程了[奥特曼][奥特曼]屋塔房王世子中[奥特曼][奥特曼]			1618031204	00	0	1397724386542
2318967-	0		1	Sun Oct 14 23:18:25 +0800 2012			3501171966664496	3501171966664496				3501171966664496	0			0	<a href=" rel="nofollow">微博 weibo.com</a>	@Garrison2002 大猩猩快来微博吧//@茉莉香片1982: [泪][泪]回来就各自苦逼了 //@靓靓happiness:我回来还没空弄照片呢~回来就加班不断[泪][抓狂] //@茉莉香片1982: 果然很悲催[泪] 更悲催的是，你照片还没给我发[怒]//@张晓蕊rry2:世界上悲催的是你要@他，他不上微博 //@茉莉香片1982:[偷笑]@化外狂封			1618031204	00	3501144708163504	1397724386542
2318968-	0		13	Wed Oct 31 16:44:50 +0800 2012			3507233499297338	3507233499297338				3507233499297338	0			0	<a href=" rel="nofollow">微博 weibo.com</a>	行滴哇，下次湘西黔东南连着呗。总之在帝都就是各种魂儿都飞了！//@一棵葱_: 啥时候有空再来啊 我们再一起去~现在我带了相机 随时拍! 好想再去一次啊			1618031204	00	3507231745943202	1397724386543
2318969-	0		0	Thu Apr 25 09:50:37 +0800 2013			3570909527175029	3570909527175029				3570909527175029	0			1	<a href=" rel="nofollow">iPhone客户端</a>	 @康马斯 @笨笨晓晓猪 求法律专家作答。是这样吗？[泪][泪]			1618031204	00	3570907077288331	1397724386543
2318970-	0		0	Thu Feb 14 12:10:44 +0800 2013			3545577637283340	3545577637283340				3545577637283340	0		#	0	<a href=" rel="nofollow">蚂蜂窝旅行</a>	遇大雾，看梯田不成，转战温泉。舒服的泡了一天的汤，舒舒服服回家咯(#鼓掌)(#鼓掌)(#鼓掌)(#鼓掌)【 @嗡嗡官方微博）			1618031204	00	0	1397724386543
2318971-	0		0	Fri Oct 05 23:42:41 +0800 2012			3497916574797181	3497916574797181				3497916574797181	0		#	0	<a href=" rel="nofollow">蚂蜂窝旅行</a>	浪漫的一夜，科伦坡浪漫的海岸。海浪、海风、音乐、美食。这里是the station。坐在离海不到200米的地方晚餐。兰卡现在9点了。【			1618031204	00	0	1397724386544
2318972-	0		0	Fri Aug 17 17:38:23 +0800 2012			3480067893984571	3480067893984571				3480067893984571	0			0	<a href=" rel="nofollow">iPhone客户端</a>	七夕快乐[爱你] //@rebecca鱼:@茉莉香片1982 @一叶落归心 @小福气2011 七夕快乐吧！			1618031204	00	3480051661865298	1397724386544
2318973-	0		0	Mon Oct 29 16:44:21 +0800 2012			3506508610247557	3506508610247557				3506508610247557	0			0	<a href=" rel="nofollow">iPhone客户端</a>	 @张晓蕊rry2 @索南彭措2012 这个全呢[鼓掌][鼓掌]			1618031204	00	3506504248718709	1397724386544
2318974-	0		0	Thu Sep 20 16:05:59 +0800 2012			3492365819964812	3492365819964812				3492365819964812	0			1	<a href=" rel="nofollow">iPhone客户端</a>	你爱特我爱特错了，幸亏我关注你，否则这个表扬我就看不到啦[哈哈]			1618031204	00	3492362539826796	1397724386544
2318975-	0		0	Tue Feb 05 18:42:35 +0800 2013			3542414754772241	3542414754772241				3542414754772241	0			0	<a href=" rel="nofollow">微博 weibo.com</a>	一贯当人们是傻子呀，这不是我们见过的最杜撰的版本了吧，小巫见大巫[浮云]//@吴其伦: 关键是此励志故事杜撰痕迹太重。//@茉莉香片1982: 辞呈递交的真是时候，合同工也能当上行长，好励志的故事！			1618031204	00	3542411286319608	1397724386545
2318976-	0		0	Thu Feb 28 15:55:02 +0800 2013			3550707510250509	3550707510250509				3550707510250509	0			0	<a href=" rel="nofollow">微博 weibo.com</a>	果然，一阵狂风大作后，竟然真的晴天了，崩溃！！//@周安安zhouanan: 转发微博			1618031204	00	3550703978575625	1397724386545
2318977-	0		0	Fri Sep 27 10:07:49 +0800 2013			3627083974354045	3627083974354045				3627083974354045	0			0	<a href=" rel="nofollow">微博 weibo.com</a>	@rebecca鱼 要是咱们寝室的人也像这个冬冬一样的思维的话，咱们寝室的某某人恐怕现在也瘫痪在床了吧。仅仅因为一个人道德有缺失，不合群就下毒想想怎么也觉得后怕。即时信上说的是真的，我们当年也被折磨折磨过，那我们还能去下毒去啊。这种辩护理由真无耻！			1618031204	00	3627075711359415	1397724386545
2318978-	0		0	Sat Jun 08 18:14:40 +0800 2013			3586981445063326	3586981445063326				3586981445063326	0			2	<a href=" rel="nofollow">微博 weibo.com</a>	哇塞，这个不错耶@笨笨晓晓猪 @rebecca鱼 来吃呀//@跟我做私房菜: 吃货们，接招啦！！			1618031204	00	3586892732181806	1397724386545
2318979-	0		1	Fri Jul 26 18:07:57 +0800 2013			3604374372974976	3604374372974976				3604374372974976	0			11	<a href=" rel="nofollow">iPad客户端</a>	感觉还是那个时候安宁祥和的多，现在的一切看上去都那么暴躁[抓狂][抓狂]			1618031204	00	3604372389056855	1397724386546
2318980-	0		0	Mon Mar 31 13:55:18 +0800 2014			3694182973307969	3694182973307969				3694182973307969	0			0	<a href=" rel="nofollow">微博 weibo.com</a>	转发微博			1618031204	00	3694181677875966	1397724386546
2318981-	0		0	Mon Jul 15 21:50:05 +0800 2013			3600443999887109	3600443999887109				3600443999887109	0			1	<a href=" rel="nofollow">iPhone客户端</a>	靠，我手贱了，半夜吓死谁啊[抓狂][抓狂][抓狂] //@私房菜达人:不可怕，真的一点都不可怕。。。			1618031204	00	3600299539479617	1397724386546
2318982-	0		0	Thu Mar 14 19:34:54 +0800 2013			3555836268026324	3555836268026324				3555836268026324	0			0	<a href=" rel="nofollow">iPhone客户端</a>	看到这个饿死了[泪][泪][泪]			1618031204	00	3555813928869779	1397724386547
2318983-	0		0	Sat Jul 07 10:59:03 +0800 2012			3465109487260135	3465109487260135				3465109487260135	0			0	<a href=" rel="nofollow">iPhone客户端</a>	好听好听好听好听[泪][泪] //@电影集结号:一首经典老歌			1618031204	00	3464913530271601	1397724386547
2318984-	0		0	Sun Sep 30 22:50:39 +0800 2012			3496091544951407	3496091544951407				3496091544951407	0			1	<a href=" rel="nofollow">iPhone客户端</a>	我是清白的，我不认识这个2货[偷笑][偷笑] //@张晓蕊rry2:@茉莉香片1982 @红伟胡  @袁晓澜			1618031204	00	3495983541429828	1397724386547
2318985-	0		1	Thu Jul 05 10:01:08 +0800 2012			3464370141045961	3464370141045961				3464370141045961	0			0	<a href=" rel="nofollow">iPhone客户端</a>	我也知道你，心照不宣吧[偷笑] 好怀念啊，啥时候聚会吧？//@rebecca鱼:哈哈哈哈 反正我知道你是哪个[哈哈] 那时候真是很开心啊//@茉莉香片1982: @rebecca鱼 你觉得你是哪一个？[偷笑] //@全球热门伤不起:[转发]想TA就@ TA ！！！			1618031204	00	3464135746826215	1397724386547
2318986-	0		0	Wed Dec 18 13:26:49 +0800 2013		type:Pointcoordinates:#39.89611#116.41863	3656849855246724	3656849855246724				3656849855246724	0			2	<a href=" rel="nofollow">Android客户端</a>	如果自己能选择，我一点也不想在工行办业务，等一个小时都算你运气的！可是为什么那么多不得不在工行办的业务，为什么！[抓狂][抓狂] 我在这里:			1618031204	00	0	1397724386548
2318987-	0		3	Mon Sep 03 01:55:52 +0800 2012			3485991287001667	3485991287001667				3485991287001667	0			1	<a href=" rel="nofollow">iPhone客户端</a>	 @张晓蕊rry2 mark了，我们到那边吃这家[嘻嘻][嘻嘻]			1618031204	00	3483353271947971	1397724386548
2318988-	0		0	Fri Nov 09 01:14:06 +0800 2012			3510260762970301	3510260762970301				3510260762970301	0		#	0	<a href=" rel="nofollow">蚂蜂窝旅行</a>	各种生猛海鲜，闻着味儿各种饥肠漉漉。【			1618031204	00	0	1397724386548
2318989-	0		23	Fri Aug 16 14:40:18 +0800 2013			3611932257392035	3611932257392035				3611932257392035	0			0	<a href=" rel="nofollow">iPhone客户端</a>	亦庄线始发站。			1618031204	00	3611932064397433	1397724386548
2318990-	0		0	Tue Mar 05 19:51:31 +0800 2013			3552578975159569	3552578975159569				3552578975159569	0			1	<a href=" rel="nofollow">iPhone客户端</a>	神奇农场啊[爱你][爱你] //@神仙农场:一切皆有可能! //@自曾晖:虫草是不是也可以有 //@茉莉香片1982:我想种芥蓝和西兰花，有么[哈哈][哈哈] //@自曾晖:想吃豌豆尖 //@张晓蕊rry2:[怒]//@翟磊:能特么细心点么，早说了玉米跟红薯免费。 //@张晓蕊rry2:红薯！//@神仙农场:还能有点追求么? //@茉莉香片1982			1618031204	00	3552539141961880	1397724386549
2318991-	0		2	Fri Jun 08 08:58:03 +0800 2012			3454569789327065	3454569789327065				3454569789327065	0			1	<a href=" rel="nofollow">iPhone客户端</a>	好漂亮，就是贵了点儿[泪] //@周董://@空白地:@小糖甩呀甩 @马奇志 @兰州祖厉河文化传媒 @云信陈新明 @胡小�大人 @周董 @壁虎SOLO @长期记忆障碍症 @树上的柯希莫 @俞美惠//@水陌客栈:			1618031204	00	3445619337251113	1397724386549
2318992-	0		0	Fri Nov 09 00:56:33 +0800 2012			3510256350594254	3510256350594254				3510256350594254	0		#	0	<a href=" rel="nofollow">蚂蜂窝旅行</a>	车子快速略过总统府【			1618031204	00	0	1397724386549
2318993-	0		3	Sun Aug 11 23:30:33 +0800 2013			3610253763764531	3610253763764531				3610253763764531	0			3	<a href=" rel="nofollow">iPhone客户端</a>	回复@chenj_16:谢谢，又停在了大小车分流的路上动不了了[泪]市里还有积水吗，幸运的是在官厅加油了，否则真是要欲哭无泪了[泪][泪] //@chenj_16:过了康庄一部分车走延庆，剩下的挤上了唯一的通道就能跑起来，因为再后面车道就多了。保存油和电吧，似乎你还要走好一会。[泪]			1618031204	00	3610235799786295	1397724386550
2318994-	0		0	Tue Jul 30 10:15:49 +0800 2013			3605705104176651	3605705104176651				3605705104176651	0			0	<a href=" rel="nofollow">iPhone客户端</a>	这些都是他导的？这脑袋真是太聪明了，膜拜[good][good][good]			1618031204	00	3605704370196938	1397724386550
2318995-	0		0	Thu Nov 15 09:56:08 +0800 2012			3512566464870918	3512566464870918				3512566464870918	0			1	<a href=" rel="nofollow">iPhone客户端</a>	[偷笑][偷笑] 真是闲的蛋疼啊//@经典英文语录:[哈哈]神一样的存在～			1618031204	00	3512548697713820	1397724386550
2318996-	0		0	Fri Nov 16 13:19:13 +0800 2012			3512979960037686	3512979960037686				3512979960037686	0			0	<a href=" rel="nofollow">微博 weibo.com</a>	中国人不这样上班可能就失业，作为失业保障金几乎为零的社会，怎么活着？谁不会生活，关键是有这个资格敢这样生活么？？！！//@王克勤: 【活着与生活的差异】			1618031204	00	3512970656830785	1397724386550
2318997-	0		0	Sun May 20 11:42:54 +0800 2012		type:Pointcoordinates:#34.382763#109.278885	3447725905768026	3447725905768026				3447725905768026	0		#	0	<a href=" rel="nofollow">iPhone客户端</a>	终于来到现场，真的壮观。嬴政太奢侈了，是要把生前的排场全带到地下。这是一小局部 			1618031204	00	0	1397724386551
2318998-	0		1	Tue Mar 19 08:45:19 +0800 2013			3557484742387314	3557484742387314				3557484742387314	0			2	<a href=" rel="nofollow">iPhone客户端</a>	[衰][衰]@索南彭措2012			1618031204	00	3527526415036688	1397724386551
2318999-	0		1	Mon Oct 29 15:45:46 +0800 2012			3506493858807857	3506493858807857				3506493858807857	0			0	<a href=" rel="nofollow">iPhone客户端</a>	[泪][泪]经常遭遇这光景的飘过  //@企企莹:太逗了，哈哈哈//@楼市传媒黄平: [哈哈][哈哈][哈哈] //@邱太�:[哈哈][哈哈] //@杨昱:哈哈，太形象了！			1618031204	00	3505362323740344	1397724386551
2319000-	0		0	Sun Jun 10 10:10:31 +0800 2012			3455312805487154	3455312805487154				3455312805487154	0			1	<a href=" rel="nofollow">iPhone客户端</a>	此评价觉得最为贴切[鼓掌] //@丢丢不休的猫:很泥很泊很二[嘻嘻][嘻嘻][嘻嘻]			1618031204	00	3455168878690960	1397724386551
2319001-	0		0	Fri Mar 07 14:50:25 +0800 2014			3685499534865551	3685499534865551				3685499534865551	0			2	<a href=" rel="nofollow">三星GALAXY S4</a>	哇！@张晓蕊rry2			1618031204	00	3685464663850082	1397724386552
2319002-	0		2	Sat Aug 11 21:58:22 +0800 2012			3477958985780542	3477958985780542				3477958985780542	0		#	0	<a href=" rel="nofollow">蚂蜂窝旅行</a>	我准备转而支持下那不勒斯了，今天裁判太狠了点吧。【			1618031204	00	0	1397724386552
2319003-	0		0	Fri Mar 15 08:31:43 +0800 2013			3556031768487170	3556031768487170				3556031768487170	0			0	<a href=" rel="nofollow">iPhone客户端</a>	中国的餐厅基本和贪官一样，达到了查谁谁有事的境界[抓狂][抓狂]			1618031204	00	3556030518489027	1397724386552
2319004-	0		8	Wed Nov 28 16:10:20 +0800 2012			3517371672736353	3517371672736353				3517371672736353	0			1	<a href=" rel="nofollow">微博 weibo.com</a>	哈哈，2姐我已经将台湾列入明年春节确定行程[耶]			1618031204	00	3517335778791734	1397724386552
2319005-	0		0	Tue Mar 05 11:03:00 +0800 2013			3552445961086422	3552445961086422				3552445961086422	0			0	<a href=" rel="nofollow">微博 weibo.com</a>	生在中国，随时都有生命危险[泪]//@小商老范: 狗日的//@随博飘动的云中的博: //@非常阿旺:无语，绝望。 //@马伊�: //@邓飞:教学楼塌了，太他妈的豆腐渣！			1618031204	00	3552086077525965	1397724386553
2319006-	0		0	Thu Mar 07 00:28:32 +0800 2013			3553011072448605	3553011072448605				3553011072448605	0			1	<a href=" rel="nofollow">iPad客户端</a>	唉[衰][衰][衰] //@ZhangYang��: 都到这份儿上了？！@小马他爹老马 @chlong21 //@链家徐东华:大家注意			1618031204	00	3552998473469959	1397724386553
2319007-	0		2	Thu Nov 15 18:17:19 +0800 2012			3512692599684034	3512692599684034				3512692599684034	0			0	<a href=" rel="nofollow">微博 weibo.com</a>	@索南彭措2012			1618031204	00	3512679496959192	1397724386553
2319008-	0		0	Tue Jul 10 00:27:03 +0800 2012			3466037620294420	3466037620294420				3466037620294420	0		#	0	<a href=" rel="nofollow">开心水族箱iOS版</a>	我正在玩超有爱的游戏【开心水族箱】，鱼儿都超萌的，推荐你一起来玩~现在安装游戏并验证我的邀请码【AC4C8G7M】，你还能获得一份惊喜好礼哦~苹果商店免费下载： ，支持iPhone、iTouch、iPad。等待你的加入^ ^			1618031204	00	0	1397724386554
2319009-	1		0	Sun Mar 17 23:22:23 +0800 2013			3556980684189798	3556980684189798				3556980684189798	0			0	<a href=" rel="nofollow">iPad客户端</a>	@索南彭措2012 [衰][衰][衰] //@创业家杂志: [哈哈]//@好姑娘求私奔：去买几条街吧?说起来多霸气，整条街都是你家的。。随便你起名叫水心汇昌还是什么的。。博什么坻啊大国宾啊都弱爆了。。。			1618031204	00	3556968188780434	1397724386554
2319010-	0		0	Thu Oct 31 11:18:10 +0800 2013			3639422866200919	3639422866200919				3639422866200919	0			0	<a href=" rel="nofollow">iPhone客户端</a>	必须会！ //@张晓蕊rry2:这么美好的事会不会落在我们头上呢//@ATM和vivi的世界:@Gaara_ran @金花和金瓜 @张晓蕊rry2 //@张晓蕊rry2: @茉莉香片1982 @靓靓happiness @周文熙matthew //@孙雪东: @西山猪倌 @张晓蕊rry2 @陈昊-Hawk lets go to Vancouver 2!			1618031204	00	3636572064797449	1397724386554
2319011-	0		6	Fri Jan 04 23:11:42 +0800 2013			3530886068568202	3530886068568202				3530886068568202	0		#	0	<a href=" rel="nofollow">蚂蜂窝旅行</a>	打包完成(#鼓掌)(#鼓掌)(#鼓掌)天气太冷，洗好的泳衣都冻成了冰坨。好期待面朝大海，春暖花开。(#赞)(#赞)(#赞)【 @嗡嗡官方微博）			1618031204	00	0	1397724386554
2319012-	0		1	Sun Jun 02 23:35:33 +0800 2013			3584887863374503	3584887863374503				3584887863374503	0			0	<a href=" rel="nofollow">iPad客户端</a>	@D-count 这回记准啊[偷笑][偷笑]			1618031204	00	3584840328335777	1397724386555
2319013-	0		0	Thu Jun 06 16:23:16 +0800 2013			3586228626433180	3586228626433180				3586228626433180	0			1	<a href=" rel="nofollow">微博 weibo.com</a>	喜欢喜欢//@跟我做私房菜: 超爱这样的单身公寓，太棒了！[好喜欢] @DIY设计我的家			1618031204	00	3585776867001607	1397724386555
2319014-	0		0	Fri Nov 30 13:26:25 +0800 2012			3518055201662886	3518055201662886				3518055201662886	0		#	0	<a href=" rel="nofollow">勋章馆</a>	#微博亮了#我已成功升级新版微博，并领取扬V耀5勋章，从此扬名立万，扬威耀武！全新微博界面，超大头图，个性化应用管理，定向发布，V5版真的很V5！快去升级跟我一起体验吧！			1618031204	00	0	1397724386555
2319015-	0		0	Sun Mar 31 20:38:13 +0800 2013			3562012800030945	3562012800030945				3562012800030945	0			0	<a href=" rel="nofollow">iPad客户端</a>	mark			1618031204	00	3561235662952893	1397724386555
2319016-	0		0	Sun Jan 13 18:06:15 +0800 2013			3534070691009901	3534070691009901				3534070691009901	0			0	<a href=" rel="nofollow">iPhone客户端</a>	//@心在喜马拉雅:适用于北京一切伟大建筑，也包括普通的。 //@斯小柯:[good]			1618031204	00	3533977924828556	1397724386556
2319017-	0		2	Sun Aug 11 22:19:12 +0800 2013		type:Pointcoordinates:#40.331646#115.811295	3610235799786295	3610235799786295				3610235799786295	0		#	12	<a href=" rel="nofollow">iPhone客户端</a>	京藏高速进京方向，一个小时没动了，隔着一个收费站，里面外面已经堵成了一锅粥，什么情况。这里是东花园收费站。 我在:			1618031204	00	0	1397724386556
2319018-	0		10	Mon Dec 31 00:54:43 +0800 2012			3529100058381150	3529100058381150				3529100058381150	0			1	<a href=" rel="nofollow">iPhone客户端</a>	哈哈，那你问某人去啊[偷笑][偷笑] //@张晓蕊rry2:紫千，你结婚也搞个农院流水席吧！我饿三天去吃。//@茉莉香片1982:支持留博，也许是个好见证啊[嘻嘻][嘻嘻][嘻嘻] //@琳莉:我改变主意了，永不删博！//@茉莉香片1982:我看好这一对儿，在一起吧[哈哈]			1618031204	00	3529093607548441	1397724386556
2319019-	0		2	Sun Feb 10 18:46:07 +0800 2013			3544227587559074	3544227587559074				3544227587559074	0		#	0	<a href=" rel="nofollow">蚂蜂窝旅行</a>	隆重介绍：桂林扣肉。五花肉炸过，配上荔浦芋头。看着很香。开动(#赞)(#赞)(#赞)【 @嗡嗡官方微博）			1618031204	00	0	1397724386556
2319020-	0		0	Mon Aug 12 09:27:27 +0800 2013			3610403974370976	3610403974370976				3610403974370976	0			0	<a href=" rel="nofollow">iPhone客户端</a>	转发微博			1618031204	00	3608620756925755	1397724386557
2319021-	0		0	Fri Sep 07 21:36:38 +0800 2012		type:Pointcoordinates:#39.87217#116.46743	3487738001183675	3487738001183675				3487738001183675	0		#	0	<a href=" rel="nofollow">iPhone客户端</a>	这首歌唱的真棒[good][good]比刚才那首好多了[good][good][good] 我在:			1618031204	00	0	1397724386557
2319022-	0		1	Wed Mar 06 08:05:49 +0800 2013			3552763755969755	3552763755969755				3552763755969755	0			0	<a href=" rel="nofollow">iPad客户端</a>	@索南彭措2012 			1618031204	00	3552758798008669	1397724386557
2319023-	0		0	Wed Sep 12 11:29:36 +0800 2012			3489397170949340	3489397170949340				3489397170949340	0			0	<a href=" rel="nofollow">微博 weibo.com</a>	矮油，美女啦美女啦[嘻嘻]			1618031204	00	3489396081263758	1397724386558
2319024-	0		0	Wed May 23 10:52:01 +0800 2012			3448800271836782	3448800271836782				3448800271836782	0			0	<a href=" rel="nofollow">微博 weibo.com</a>	吃货收藏//@全球热门伤不起: #舌尖上的中国#完美落幕，全7集，吃货们必须收藏[馋嘴]超爱的！！！			1618031204	00	3448788670873733	1397724386558
2319025-	0		0	Fri Dec 28 14:57:09 +0800 2012			3528224895730568	3528224895730568				3528224895730568	0			0	<a href=" rel="nofollow">微博 weibo.com</a>	这样干很多工作看来都不行[偷笑]//@周董: 这人不适合做男友。//@罗昌平: 这人当不了记者。//@戴小京: 这人当不了销售。			1618031204	00	3528132302312634	1397724386558
2319026-	0		0	Thu Nov 15 19:01:19 +0800 2012			3512703659834491	3512703659834491				3512703659834491	0			0	<a href=" rel="nofollow">微博 weibo.com</a>	农行信用卡[黑线][黑线]//@携程旅游: 劲爆抄低价1290元[给力]，就可以去济州玩4天。免签、便宜、方便，赤裸裸的诱惑啊[抓狂]，不容错过的机会，赶紧和家人朋友一起去感受济州岛的美景吧[心]！			1618031204	00	3507993813840476	1397724386558
2319027-	0		0	Fri Jun 22 00:01:14 +0800 2012			3459508125082810	3459508125082810				3459508125082810	0			1	<a href=" rel="nofollow">iPhone客户端</a>	全日空那是中国的么[汗][衰] 算了啥也别说了，好好积德下辈子别投胎中国//@翟磊:反正山东航空我是不坐了，其它的也没好儿，迄今为止坐过服务最好的是全日空。			1618031204	00	3459498415353257	1397724386559
2319028-	0		0	Sat Jul 07 22:06:59 +0800 2012			3465277591407243	3465277591407243				3465277591407243	0			1	<a href=" rel="nofollow">iPhone客户端</a>	姐妹聚会欢乐多[酷]			1618031204	00	3465276080813343	1397724386559
2319029-	0		0	Thu Jun 13 16:29:43 +0800 2013			3588766965144066	3588766965144066				3588766965144066	0			0	<a href=" rel="nofollow">iPhone客户端</a>	[鼓掌][鼓掌][鼓掌][鼓掌][鼓掌] //@经典英文语录:收藏！有空看看~~~[收藏]			1618031204	00	3588686803462402	1397724386559
2319030-	0		0	Sun Jul 14 22:43:29 +0800 2013			3600095046380595	3600095046380595				3600095046380595	0			1	<a href=" rel="nofollow">iPhone客户端</a>	//@Irene苏: @范文韬-米饭 改天走走 //@北京全攻略:不错，收了。找个好天气走走[熊猫]			1618031204	00	3600076116961579	1397724386559
2319031-	0		0	Mon Feb 25 20:15:06 +0800 2013			3549685794497063	3549685794497063				3549685794497063	0			0	<a href=" rel="nofollow">iPhone客户端</a>	貌似是电梯刚刚坏了，看到背着一堆工具的人在电梯旁。 //@张晓蕊rry2:开学了！			1618031204	00	3549527069704804	1397724386560
2319032-	0		1	Mon Jun 10 10:17:19 +0800 2013			3587586087510004	3587586087510004				3587586087510004	0		#	0	<a href=" rel="nofollow">蚂蜂窝旅行</a>	绍兴我来啦。住在一层，推门可见清新雅致的小院儿。(#赞)(#赞)(#赞)(#赞)@嗡嗡官方微博 分享自绍兴N30°，E120.6°>>>			1618031204	00	0	1397724386560
2319033-	0		0	Tue Jan 01 19:29:20 +0800 2013			3529742948604876	3529742948604876				3529742948604876	0			0	<a href=" rel="nofollow">iPhone客户端</a>	 @索南彭措2012 mark啦[爱你][爱你]			1618031204	00	3529735588264315	1397724386560
2319034-	0		12	Sat Jun 16 11:52:12 +0800 2012			3457512717722927	3457512717722927				3457512717722927	0			1	<a href=" rel="nofollow">iPhone客户端</a>	姑娘们，今天去胡老师家吃大户吗？[偷笑][偷笑]			1618031204	00	3457507433862616	1397724386561
2319035-	0		1	Mon May 21 19:56:40 +0800 2012			3448212554235526	3448212554235526				3448212554235526	0			2	<a href=" rel="nofollow">iPhone客户端</a>	吃货们我要回来了，带了好吃滴。火车上条件有限偶就不上图啦。吃货太多就不一一爱特啦。朝阳的海淀的昌平的。。。热烈欢迎俄回帝都吧[爱你][爱你]			1618031204	00	0	1397724386561
2319036-	0		1	Mon Jul 02 09:32:41 +0800 2012			3463275813396145	3463275813396145				3463275813396145	0			1	<a href=" rel="nofollow">iPhone客户端</a>	我要租！！！ //@曾慧娟娟:1分地1年才1200元？，好便宜//@袁晓澜: 回复@ZackZhang:今年试种，明年可以包地自己种，可以自己打理，也可以代人打理，自己收菜就行，1分地1年1200，就可吃上无公害特供蔬菜鸟。 //@ZackZhang:求详细			1618031204	00	3462930668306670	1397724386561
2319037-	0		0	Thu Oct 11 16:16:28 +0800 2012			3499978611290628	3499978611290628				3499978611290628	0			0	<a href=" rel="nofollow">iPhone客户端</a>	我知道是肉啊，嘿嘿[嘻嘻] //@风华正胖:亲爱的,肉啊.//@茉莉香片1982: 那不自取你给送货不，哈哈//@风华正胖: 时间定了啊,本周六杀猪,欢迎自取,自取者送蔬菜哦.			1618031204	00	3499609852335615	1397724386561
2319038-	0		1	Sun Mar 03 19:33:02 +0800 2013			3551849539562371	3551849539562371				3551849539562371	0			0	<a href=" rel="nofollow">iPhone客户端</a>	 @clover张三 注意安全 //@太阳1975_E旅行:埃及又发事故！大家外出旅行务必注意安全！@E旅行网 @E旅行游记攻略			1618031204	00	3551834238837978	1397724386562
2319039-	0		5	Thu Jul 05 23:12:27 +0800 2012			3464569290496296	3464569290496296				3464569290496296	0			1	<a href=" rel="nofollow">微博 weibo.com</a>	妈的一定要摇到号！//@张晓蕊rry2: 在帝都多年，还这么不淡定。洗洗睡吧 //@茉莉香片1982:姐你这不是安慰，这是刺激[抓狂]//@风华正胖: 我是多么的英明神武啊，进门后十分钟方听到雷声，二十分钟左右听雨声。//@茉莉香片1982:这里不是帝都吗？不是集合了全国最优秀的资源吗？怎么找一条回家的路这么难			1618031204	00	3464562499747683	1397724386563
2319040-	0		0	Wed Jul 17 22:10:44 +0800 2013			3601173967813831	3601173967813831				3601173967813831	0			0	<a href=" rel="nofollow">iPhone客户端</a>	//@新浪房产:【“老漂族”】他们是大城市的新族群，没有朋友、想家、孤独是他们普遍的生活状态。父母远走他乡，一切为了儿女。			1618031204	00	3596650586581295	1397724386564
2319041-	0		0	Fri Jul 19 11:28:39 +0800 2013			3601737161902633	3601737161902633				3601737161902633	0			0	<a href=" rel="nofollow">iPad客户端</a>	那是北京的00后，外地00后不还得加入买房大军？[泪] //@张大伟113: [哈哈]//@李子墨: 90后买房大军正攻城略地，再过9年，00后大军也要凶猛来袭。不过那时不是买房大军，而是抛房大军。00后发现，爷爷奶奶爸爸一人手握几套房，干什么事啊？爷爷奶奶一去世，更是房比人多。加上那时四海升平，全民富裕			1618031204	00	3601705562116925	1397724386564
2319042-	0		4	Sun Nov 18 22:29:17 +0800 2012			3513843160947119	3513843160947119				3513843160947119	0			0	<a href=" rel="nofollow">iPhone客户端</a>	 @萌巴豆 管管你老公[挖鼻屎][挖鼻屎] //@张晓蕊rry2:回复@123上学去:她不一直这样。。。 //@123上学去:牛2一脸傻样			1618031204	00	3513802597438066	1397724386565
2319043-	0		0	Sat Dec 29 10:02:36 +0800 2012			3528513158011262	3528513158011262				3528513158011262	0		#	0	<a href=" rel="nofollow">蚂蜂窝旅行</a>	祖国山河一片白啊，从北京一路过来，全是雪。(#雪花)(#雪花)(#雪花)(#雪花)(#雪花)【 @嗡嗡官方微博）			1618031204	00	0	1397724386566
2319044-	0		0	Sun Sep 30 23:00:14 +0800 2012			3496093952252623	3496093952252623				3496093952252623	0			0	<a href=" rel="nofollow">iPhone客户端</a>	哈哈哈，够不着够不着[偷笑][偷笑] //@风华正胖:你等着。 //@茉莉香片1982:你远在千里之外呢你能证明啥[鄙视][鄙视] //@风华正胖:我证明你跟这个2货在一起。 //@茉莉香片1982:我是清白的，我不认识这个2货[偷笑][偷笑] //@张晓蕊rry2:@茉莉香片1982 @红伟胡  @袁晓澜			1618031204	00	3495983541429828	1397724386567
2319045-	0		0	Mon May 28 19:36:03 +0800 2012			3450744080595367	3450744080595367				3450744080595367	0			1	<a href=" rel="nofollow">iPhone客户端</a>	胡总不带挑拨离间的，我明明说的吃的[右哼哼][左哼哼] //@风华正胖:你说2姐长昨像披萨？//@茉莉香片1982: 怎么长的象披萨[吃惊][吃惊]爽啊2姐			1618031204	00	3450708349195707	1397724386571
2319046-	0		5	Mon Sep 10 23:15:00 +0800 2012			3488849911068928	3488849911068928				3488849911068928	0			0	<a href=" rel="nofollow">iPhone客户端</a>	哇塞，他的牌子居然是蚂蜂窝车牌！怎么才能有？我也想要[泪][泪] //@大雄爱游历:大美！！令人艳羡的MFW009号牌。			1618031204	00	3488420913690229	1397724386572
2319047-	0		14	Mon Feb 11 13:04:16 +0800 2013			3544503950192723	3544503950192723				3544503950192723	0		#	0	<a href=" rel="nofollow">蚂蜂窝旅行</a>	千山鸟飞绝。过了九马画山人烟渐渐稀少，兴坪就快到了。(#赞)(#赞)【 @嗡嗡官方微博）			1618031204	00	0	1397724386572
2319048-	0		2	Tue Dec 18 20:19:32 +0800 2012			3524682143286549	3524682143286549				3524682143286549	0			0	<a href=" rel="nofollow">微博 weibo.com</a>	矮油，你俩啥时候偷偷去约会了，这是哪里啊。@TinaWu2011 @青春无敌的刘婶儿 @Irene苏 快来围观			1618031204	00	3524680604190056	1397724386573
2319049-	0		2	Wed Sep 04 08:40:52 +0800 2013			3618727172190702	3618727172190702				3618727172190702	0			0	<a href=" rel="nofollow">iPhone客户端</a>	//@诗韵梦寻:樱花烂漫时，游览京都是一种奢侈的享受．女孩子可以租一身漂亮的日本和服，游览清水寺的商店街，在景点前拍照留念．也可以享受古老街景和美食。总之，悠闲的日式时光一定会让人回味无穷！――感谢 @饭团子的太太 对《全球四季旅行月历》的鼎力推荐，让我们一起，在最美的季节，去最美的			1618031204	00	3618561693778327	1397724386574
2319050-	0		1	Sun Sep 23 13:44:19 +0800 2012			3493417335870399	3493417335870399				3493417335870399	0			1	<a href=" rel="nofollow">iPhone客户端</a>	这是一个神奇的网站[浮云][浮云]			1618031204	00	3493386105549628	1397724386575
2319051-	0		7	Sun Aug 04 23:05:41 +0800 2013			3607710786867866	3607710786867866				3607710786867866	0			0	<a href=" rel="nofollow">iPad客户端</a>	味琳是啥东东？@文怡 			1618031204	00	3607699851861742	1397724386575
2319052-	0		1	Tue Mar 12 13:48:21 +0800 2013			3555024284005466	3555024284005466				3555024284005466	0			1	<a href=" rel="nofollow">微博 weibo.com</a>	和农民伯伯交朋友，哈哈。可以跟@风华正胖 交朋友 //@张晓蕊rry2:素食。。。。。 //@茉莉香片1982:能做的都尽量做到，看到很多美景毁了很痛心，为了以后更多的人能欣赏到美景，支持支持再支持！@张晓蕊rry2 @靓靓happiness @神仙农场			1618031204	00	3554981191766770	1397724386576
2319053-	0		0	Tue Feb 25 14:18:14 +0800 2014			3681867557394058	3681867557394058				3681867557394058	0			1	<a href=" rel="nofollow">微博 weibo.com</a>	两会的时候有没有好心的代表提个案，能不能不啥卡都指定要办工行的？工行的业务真心是不专程请一天假耗在那里是办不成的。可是为了取一张两个月前上网申请办理的牡丹交通卡，就专门请一天假我觉得效率也太低了吧！好像我请一天假就为了自取快递的感觉！			1618031204	00	0	1397724386577
2319054-	0		0	Sun Feb 10 16:22:27 +0800 2013			3544191432617702	3544191432617702				3544191432617702	0		#	0	<a href=" rel="nofollow">蚂蜂窝旅行</a>	车子在公路上，什么叫出门见山的赶脚，今天很好的体会了。(#赞)(#赞)【 @嗡嗡官方微博）			1618031204	00	0	1397724386578
2319055-	0		0	Wed May 22 08:34:05 +0800 2013			3580674735027717	3580674735027717				3580674735027717	0			0	<a href=" rel="nofollow">iPhone客户端</a>	 @rebecca鱼 快来看 //@经典英文语录:谢耳朵真是萌死人不偿命啊！			1618031204	00	3580337210540014	1397724386578
2319056-	0		0	Fri Mar 14 13:12:54 +0800 2014			3688011709314712	3688011709314712				3688011709314712	0			0	<a href=" rel="nofollow">微博 weibo.com</a>	太美了。			1618031204	00	3688008991631215	1397724386579
2319057-	0		0	Sat Sep 15 00:32:38 +0800 2012			3490318991427725	3490318991427725				3490318991427725	0		#	0	<a href=" rel="nofollow">蚂蜂窝旅行</a>	如果没有那个煞风景的空调和电视。这里一定就是古代雅致的闺房咯。看着红灯笼和雕花窗，困的不行了，准备迅速梦里见了各位。晚安！【			1618031204	00	0	1397724386580
2319058-	0		2	Thu Jun 14 00:02:49 +0800 2012			3456609432739447	3456609432739447				3456609432739447	0			1	<a href=" rel="nofollow">iPhone客户端</a>	可耐吧。是@晓雪家-方家胡同46号院 的好东东哟[偷笑]			1618031204	00	3456609038453383	1397724386581
2319059-	0		1	Mon Aug 27 10:04:54 +0800 2012			3483577641163128	3483577641163128				3483577641163128	0			2	<a href=" rel="nofollow">iPhone客户端</a>	绝对的演技派[good]@rebecca鱼			1618031204	00	3483573229009407	1397724386581
2319060-	0		1	Thu Jul 05 22:45:28 +0800 2012			3464562499747683	3464562499747683				3464562499747683	0			37	<a href=" rel="nofollow">微博 weibo.com</a>	不吐槽睡不着：从南二环崇文门到南三环潘家园的距离究竟有多远。九点钟开始打车，半小时后几乎无空车+三辆空驶而过之后放弃，通过二号线+一号线+十号线终于到达劲松。十点十分。能到家的末班车已过，无奈11路回家，趟过无数条河，终于22:38分进门。历时1小时38分。下了雨的帝都，面目可憎！			1618031204	00	0	1397724386582
2319061-	0		0	Mon Mar 11 00:00:21 +0800 2013			3554453527533014	3554453527533014				3554453527533014	0			1	<a href=" rel="nofollow">iPad客户端</a>	收藏备用[馋嘴] //@小团子爹:  @晓雪家-方家胡同46号院  //@一梦黄粱二十年:[思考] //@范倩蕾:看了这样的故事，倒更钦佩马云。			1618031204	00	3554281786970085	1397724386583
2319062-	0		1	Mon Jan 14 14:54:37 +0800 2013			3534384851884604	3534384851884604				3534384851884604	0			0	<a href=" rel="nofollow">专业版微博</a>	我要我要！！！！			1618031204	00	3534338769615500	1397724386584
2319063-	0		5	Tue Jan 15 09:49:12 +0800 2013			3534670379237267	3534670379237267				3534670379237267	0			0	<a href=" rel="nofollow">iPhone客户端</a>	[晕][晕]我以为是赠送三台乐视。原来是购买资格[汗][汗]@索南彭措2012  //@莫艾特:转发微博			1618031204	00	3534661168915003	1397724386584
2319064-	0		0	Tue Sep 18 12:28:50 +0800 2012			3491586404782230	3491586404782230				3491586404782230	0		#	0	<a href=" rel="nofollow">微活动</a>	我在“寻找旅行家，转发评论，获得200枚【旅行家徽章】”有奖转发活动中抽中一等奖：旅行家徽章 地址：			1618031204	00	0	1397724386585
2319065-	0		1	Fri Nov 30 09:26:30 +0800 2012			3517994825259031	3517994825259031				3517994825259031	0			0	<a href=" rel="nofollow">iPhone客户端</a>	 @索南彭措2012			1618031204	00	3517991046337304	1397724386586
2319066-	0		1	Tue Feb 05 18:36:31 +0800 2013			3542413227896675	3542413227896675				3542413227896675	0			2	<a href=" rel="nofollow">微博 weibo.com</a>	辞呈递交的真是时候，合同工也能当上行长，好励志的故事！			1618031204	00	3542411286319608	1397724386586
2319067-	0		0	Sat Sep 29 00:39:29 +0800 2012			3495394149152119	3495394149152119				3495394149152119	0			0	<a href=" rel="nofollow">iPhone客户端</a>	哈哈，同感。就是爽，怎样[酷][酷] //@玫瑰禁�:对!!!!!!!!就是爽!!!!怎样!!!!			1618031204	00	3495362092619006	1397724386587
2319068-	0		0	Wed Jun 05 14:26:36 +0800 2013			3585836878188910	3585836878188910				3585836878188910	0			0	<a href=" rel="nofollow">微博 weibo.com</a>	@王家猫 重庆妹子亮了[�]			1618031204	00	3585829752305325	1397724386588
2319069-	0		0	Tue Feb 05 15:26:18 +0800 2013			3542365358570130	3542365358570130				3542365358570130	0			1	<a href=" rel="nofollow">iPhone客户端</a>	[偷笑][偷笑] //@毛大庆://@董藩:大哥，这劳力士您拿着。。。			1618031204	00	3542267727848557	1397724386589
2319070-	0		0	Sat Jun 16 23:42:16 +0800 2012			3457691425120068	3457691425120068				3457691425120068	0		#	0	<a href=" rel="nofollow">开心水族箱iOS版</a>	我拥有史上最萌、最梦幻的@开心水族箱 ，急需宝石【流线石】呀~快来加我好友吧！我的ID是：1207241 .求帮助，求扩散！ 去看看:			1618031204	00	0	1397724386589
2319071-	0		1	Tue Jun 25 09:07:17 +0800 2013			3593004286192815	3593004286192815				3593004286192815	0			1	<a href=" rel="nofollow">iPad客户端</a>	@自曾晖 [神马]			1618031204	00	3593002603442332	1397724386590
2319072-	0		0	Sat Jun 08 15:38:05 +0800 2013			3586942031285534	3586942031285534				3586942031285534	0			0	<a href=" rel="nofollow">微博 weibo.com</a>	[衰][衰]//@晓北陛下: [哈哈][哈哈][哈哈] //@欧阳梦粥: [偷笑]			1618031204	00	3586607607162025	1397724386591
2319073-	0		0	Thu Jun 14 13:15:14 +0800 2012			3456808846772004	3456808846772004				3456808846772004	0			1	<a href=" rel="nofollow">微博 weibo.com</a>	[哈哈][哈哈]已经迫不及待想去了！！//@张学冬: 进园之日，就是胡总破产之时。 //@龚小锋gxf:再带上直系和旁系亲属，还有失散多年的远房亲戚 //@风华正胖:房产新闻部的同事们，无论是现任的，还是前任的，约一约啊！！！！！//@张学冬: 哦，忘了，全是2了。			1618031204	00	3456527752658704	1397724386591
2319074-	1		4	Wed Sep 11 18:03:29 +0800 2013			3621405474270793	3621405474270793				3621405474270793	0			0	<a href=" rel="nofollow">iPhone客户端</a>	[花心][花心] //@经典英文语录:这餐具，简直是艺术品！			1618031204	00	3620644576993636	1397724386592
2319075-	0		0	Sat Apr 20 09:47:13 +0800 2013			3569096728198105	3569096728198105				3569096728198105	0			0	<a href=" rel="nofollow">iPad客户端</a>	[衰][衰][衰][汗][汗][汗] //@张旭四哥: [汗] //@陈朝华:[汗]			1618031204	00	3569091048354766	1397724386593
2319076-	0		0	Mon Dec 31 00:43:17 +0800 2012			3529097177392478	3529097177392478				3529097177392478	0			1	<a href=" rel="nofollow">iPhone客户端</a>	支持留博，也许是个好见证啊[嘻嘻][嘻嘻][嘻嘻] //@琳莉:我改变主意了，永不删博！//@茉莉香片1982:我看好这一对儿，在一起吧[哈哈]			1618031204	00	3529093607548441	1397724386593
2319077-	0		0	Thu Jun 27 14:46:29 +0800 2013			3593814424301583	3593814424301583				3593814424301583	0			1	<a href=" rel="nofollow">iPhone客户端</a>	[花心][花心][花心]喜欢 //@李信玲:@茉莉香片1982			1618031204	00	3593783742348491	1397724386594
2319078-	0		0	Mon May 28 09:14:43 +0800 2012			3450587721478688	3450587721478688				3450587721478688	0			1	<a href=" rel="nofollow">iPhone客户端</a>	转发微博。			1618031204	00	3450584235981018	1397724386595
2319079-	0		0	Fri Jun 21 15:15:46 +0800 2013			3591647461987162	3591647461987162				3591647461987162	0			0	<a href=" rel="nofollow">iPhone客户端</a>	//@微盘:如果转发过千我们将多赠出2本《大数据的冲击》！！速度转起来吧！查看此书详情可以戳微盘链接			1618031204	00	3591307681152527	1397724386596
2319080-	0		0	Thu May 02 10:26:15 +0800 2013			3573455204910610	3573455204910610				3573455204910610	0			0	<a href=" rel="nofollow">iPhone客户端</a>	[衰][衰]			1618031204	00	3573453649422950	1397724386597
2319081-	0		0	Fri May 24 21:48:08 +0800 2013			3581599340276093	3581599340276093				3581599340276093	0			0	<a href=" rel="nofollow">手机微博触屏版</a>	我在#旅行随手拍#活动中，获得了奖品HTC代金券(30-1698元)。马上上传一张照片或点评一条随手拍微博，你就有机会和我一样中大奖！快猛戳链接参加吧：			1618031204	00	0	1397724386597
2319082-	0		4	Sat May 25 21:20:07 +0800 2013			3581954685251525	3581954685251525				3581954685251525	0		#	0	<a href=" rel="nofollow">蚂蜂窝旅行</a>	#旅行随手拍#见过这么洋气吃冰砖的吗？(#坏笑)(#坏笑)@嗡嗡官方微博 分享自哈尔滨N45°，E126°>>>			1618031204	00	0	1397724386598
2319083-	0		13	Tue Jun 04 16:20:09 +0800 2013			3585503062273353	3585503062273353				3585503062273353	0			1	<a href=" rel="nofollow">微博 weibo.com</a>	这就是七年之痒的依据？？			1618031204	00	3585150988622637	1397724386599
2319084-	0		1	Tue Jun 04 17:54:33 +0800 2013			3585526831277316	3585526831277316				3585526831277316	0			0	<a href=" rel="nofollow">微博 weibo.com</a>	4年花一百多万，这是去读书的么。这是官二代富二代出去享受的吧。别标题党了，正经留学哪里需要这么多！！			1618031204	00	3585524738741800	1397724386599
2319085-	0		4	Thu May 31 22:48:42 +0800 2012			3451879721435923	3451879721435923				3451879721435923	0			0	<a href=" rel="nofollow">iPhone客户端</a>	第三集，在大理时吃过乳扇，并不是很爱吃。今天才知道它是怎样被做出来的，有趣耶[馋嘴][馋嘴]			1618031204	00	3451871366489995	1397724386600
2319086-	0		2	Mon Aug 06 09:56:56 +0800 2012			3475965491083931	3475965491083931				3475965491083931	0			1	<a href=" rel="nofollow">iPhone客户端</a>	手机回复的操作性再加强吧[偷笑] //@陈晓守://@唐建光:伟大的事情，既要有理想，更要有细节。//@王以超: 细节决定成败，最起码在很大程度上。当然，我们的血汗互联网工厂，以后还是要改进的。			1618031204	00	3475959933933719	1397724386601
2319087-	0		0	Thu Jan 31 23:49:37 +0800 2013			3540680083640432	3540680083640432				3540680083640432	0			2	<a href=" rel="nofollow">iPad客户端</a>	再接再厉[鼓掌][鼓掌] //@张晓蕊rry2: 木有遇到。。。很不开心。。。就来盆友就只好唱歌了//@茉莉香片1982:你成功拍到奥特曼和小怪兽了吗@张晓蕊rry2 ？ //@维他命肉丸子:不知道晚上还来得及不。//@张晓蕊rry2: 我们去跟奥特曼合影吧！快！@茉莉香片1982 @翟磊 @袁晓澜 @			1618031204	00	3540569839905710	1397724386602
2319088-	0		0	Sun Apr 28 09:59:21 +0800 2013			3571998888364547	3571998888364547				3571998888364547	0			0	<a href=" rel="nofollow">iPad客户端</a>	@索南彭措2012 我网速慢打不开网页。抄送你[兔子]			1618031204	00	3571993973012203	1397724386602
2319089-	0		2	Fri May 18 23:20:58 +0800 2012			3447176816359390	3447176816359390				3447176816359390	0			0	<a href=" rel="nofollow">iPhone客户端</a>	　最爱沈眉庄，有性格的大家闺秀[good]			1618031204	00	3447170767866206	1397724386603
2319090-	0		0	Fri Mar 29 15:39:29 +0800 2013			3561212845188316	3561212845188316				3561212845188316	0			0	<a href=" rel="nofollow">微博 weibo.com</a>	这个哪里有卖？沉香对入睡很有用，原来睡眠不好做噩梦，把沉香念珠放在枕头下就好多了。只是有一个疑问，这个枕头看上去好硬啊，睡着舒服吗？求详解！			1618031204	00	3560817973190896	1397724386604
2319091-	0		1	Tue Apr 16 23:37:43 +0800 2013			3567856178404928	3567856178404928				3567856178404928	0			1	<a href=" rel="nofollow">iPad客户端</a>	如果五一不回家。我们去这里吧[哈哈][哈哈]@rebecca鱼 			1618031204	00	3567455357775088	1397724386604
2319092-	0		0	Thu Nov 22 10:00:57 +0800 2012			3515104396467135	3515104396467135				3515104396467135	0			0	<a href=" rel="nofollow">iPhone客户端</a>	我也想试试这样的冬天[浮云][浮云] //@东方桥戏剧:我也很想这样试试 //@快乐de小宁:好想试试			1618031204	00	3514925668819878	1397724386605
2319093-	0		0	Sun Apr 21 00:01:44 +0800 2013			3569311782790190	3569311782790190				3569311782790190	0			0	<a href=" rel="nofollow">iPad客户端</a>	转发微博			1618031204	00	3569309223933296	1397724386606
2319094-	0		0	Mon Sep 16 16:12:38 +0800 2013			3623189520946470	3623189520946470				3623189520946470	0			0	<a href=" rel="nofollow">微活动</a>	奖品！一定要HOLD住！一起来抢啊！"庆双节#赢取日本小礼品套装#" 			1618031204	00	3621659489484102	1397724386607
2319095-	0		0	Fri Mar 29 19:09:00 +0800 2013			3561265571769833	3561265571769833				3561265571769833	0			0	<a href=" rel="nofollow">微博 weibo.com</a>	图亮了！！！！！			1618031204	00	3561265102530650	1397724386607
2319096-	0		0	Thu Jun 06 10:00:48 +0800 2013			3586132380069006	3586132380069006				3586132380069006	0			0	<a href=" rel="nofollow">iPhone客户端</a>	明天不出门最好了[偷笑][偷笑]			1618031204	00	3586128562770975	1397724386608
2319097-	0		2	Fri Oct 05 23:39:01 +0800 2012			3497915643167534	3497915643167534				3497915643167534	0			0	<a href=" rel="nofollow">iPhone客户端</a>	海浪、海风、音乐、美食。结束了阿努拉的文化之旅，领教了康提的清秀欧洲风，在科伦坡的海滩上，走进度假状态。好爱斯里兰卡，淳朴的微笑和浪漫的海岸。			1618031204	00	3497914070739757	1397724386609
2319098-	1		1	Fri Mar 14 13:40:29 +0800 2014			3688018651020016	3688018651020016				3688018651020016	0			1	<a href=" rel="nofollow">微博 weibo.com</a>	好稀饭这款！！			1618031204	00	3687248149016946	1397724386610
2319099-	0		0	Thu Feb 14 23:55:31 +0800 2013			3545755001964904	3545755001964904				3545755001964904	0			0	<a href=" rel="nofollow">iPhone客户端</a>	[泪][泪][泪][泪]大实话[泪][泪][泪]			1618031204	00	3545754545527109	1397724386610
2319100-	0		2	Wed Apr 10 23:27:57 +0800 2013			3565679393270946	3565679393270946				3565679393270946	0			0	<a href=" rel="nofollow">iPhone客户端</a>	哈哈，地球人阻挡不了鼓浪屿了[偷笑][偷笑] //@蚂蜂窝旅游攻略:#行程攻略# 鼓浪屿新店，名字太霸道了！[嘻嘻]			1618031204	00	3564796521402007	1397724386611
2319101-	0		0	Wed Oct 03 10:58:29 +0800 2012			3496999481931152	3496999481931152				3496999481931152	0			1	<a href=" rel="nofollow">iPhone客户端</a>	我要当女一号[偷笑][偷笑]			1618031204	00	3496994444199866	1397724386612
2319102-	0		2	Fri Sep 27 16:44:07 +0800 2013			3627183711104275	3627183711104275				3627183711104275	0			2	<a href=" rel="nofollow">iPhone客户端</a>	简直是为你量身定做[晕][晕][晕]			1618031204	00	3627181747881099	1397724386613
2319103-	0		0	Sun May 05 22:51:39 +0800 2013			3574729950750985	3574729950750985				3574729950750985	0			0	<a href=" rel="nofollow">iPad客户端</a>	@索南彭措2012 太可惜了[泪][泪][泪]			1618031204	00	3573631579549795	1397724386613
2319104-	0		3	Sat Oct 06 18:31:02 +0800 2012			3498200524774333	3498200524774333				3498200524774333	0		#	3	<a href=" rel="nofollow">蚂蜂窝旅行</a>	小城加勒。古堡里充满着异域风情。像极了鼓浪屿的感觉。好喜欢。【			1618031204	00	0	1397724386614
2319105-	0		0	Thu Jun 21 23:49:22 +0800 2012			3459505138886756	3459505138886756				3459505138886756	0			1	<a href=" rel="nofollow">iPhone客户端</a>	太恶心了。特别嚣张。以后我也不坐南航了。不过天下乌鸦一般黑，其他的也没好到哪儿去！ //@金辉偷听琴声会断弦:南航的服务一直以来就很差，我已经不坐他们家的航班了。			1618031204	00	3459498415353257	1397724386615
2319106-	1		0	Thu Mar 21 20:57:22 +0800 2013			3558393744476207	3558393744476207				3558393744476207	0		#	2	<a href=" rel="nofollow">蚂蜂窝旅行</a>	天寒地冻，找一点春暖花开的感觉(#充满爱心)(#充满爱心)(#充满爱心)@嗡嗡官方微博 分享自北京N39.9°，E116.5°>>>			1618031204	00	0	1397724386615
2319107-	0		2	Fri Aug 09 18:33:38 +0800 2013			3609454257613574	3609454257613574				3609454257613574	0			0	<a href=" rel="nofollow">iPad客户端</a>	行车上路最讨厌碰见大车了，明明车速很慢为什么要三条车道并排走啊。后面的路堵的严严实实的，高速跑不到20。真是疯了[泪][泪]			1618031204	00	0	1397724386616
2319108-	1		0	Wed Sep 11 17:53:00 +0800 2013			3621402831853363	3621402831853363				3621402831853363	0			0	<a href=" rel="nofollow">iPhone客户端</a>	mark@索南彭措2012			1618031204	00	3621389611386679	1397724386617
2319109-	0		0	Wed Jun 19 19:43:54 +0800 2013			3590990160430775	3590990160430775				3590990160430775	0			0	<a href=" rel="nofollow">iPhone客户端</a>	[晕][晕]			1618031204	00	3590985416046811	1397724386618
2319110-	0		0	Wed Dec 12 15:27:07 +0800 2012			3522434231441672	3522434231441672				3522434231441672	0			2	<a href=" rel="nofollow">分享按钮</a>	旅途中遭遇落水、被黑帮痛扁、荒野飞车…这是徐峥、王宝强、黄渤游泰国的泰�经历。或是攻略没做足，或是突发状况太棘手，或是遇到猪一样的队友。。。    （分享自 @蚂蜂窝旅游攻略）			1618031204	00	0	1397724386618
2319111-	0		1	Tue Oct 02 15:25:05 +0800 2012			3496704190420675	3496704190420675				3496704190420675	0		#	1	<a href=" rel="nofollow">蚂蜂窝旅行</a>	佛光普照。安详的国度。【			1618031204	00	0	1397724386619
2319112-	0		0	Tue Mar 05 10:46:51 +0800 2013			3552441892892867	3552441892892867				3552441892892867	0			0	<a href=" rel="nofollow">微博 weibo.com</a>	赶不上这个末班车的人就只能默默洗洗睡了。//@袁晓澜: 回复@桂瑰:[嘻嘻]收钱收到手软，从白天数到黑夜 //@桂瑰:地税的才郁闷，第一天没经验，一下发了600个，不过倒人性，坚持办完了。 //@袁晓澜:不错，吃定心丸了，大伙别那么着急了，凌晨三点才办完，昨天最后一个办完的人是不是该悲喜交加啊			1618031204	00	3552432049106791	1397724386620
2319113-	0		0	Mon Jul 09 01:41:45 +0800 2012			3465694014113494	3465694014113494				3465694014113494	0			0	<a href=" rel="nofollow">iPhone客户端</a>	欧耶[鼓掌][鼓掌][鼓掌]			1618031204	00	3465688028753402	1397724386621
2319114-	0		0	Thu Jul 05 22:49:15 +0800 2012			3464563448506932	3464563448506932				3464563448506932	0		#	0	<a href=" rel="nofollow">蚂蜂窝分享</a>	#带着微博去旅行#我发现了一篇关于西安的#蚂蜂窝游记#，在游记《梦落长安》里面，作者图文并茂地展示了旅行的精彩，快来看看吧！   （分享自 @蚂蜂窝旅游攻略）			1618031204	00	0	1397724386621
2319115-	0		0	Fri Jan 04 23:45:38 +0800 2013			3530894612325374	3530894612325374				3530894612325374	0			0	<a href=" rel="nofollow">iPhone客户端</a>	//@ATM和vivi的世界:mark			1618031204	00	3530882658870185	1397724386622
2319116-	0		9	Thu Aug 23 22:19:54 +0800 2012			3482313058578580	3482313058578580				3482313058578580	0			0	<a href=" rel="nofollow">专业版微博</a>	@张晓蕊rry2 @袁晓澜 @自曾晖 @维他命肉丸子 @风华正胖 @张学冬 @曾慧娟娟 @张旭四哥 @岱遥 @D-count @TinaWu2011 @sophyia 亲爱的朋友七夕快乐，天天幸福。			1618031204	00	3482138730807224	1397724386623
2319117-	0		5	Fri Feb 22 15:08:41 +0800 2013			3548521519055910	3548521519055910				3548521519055910	0			0	<a href=" rel="nofollow">微博 weibo.com</a>	@索南彭措2012 我喜欢这种感觉的照片。			1618031204	00	3548509401253437	1397724386623
2319118-	0		2	Thu Mar 14 12:36:24 +0800 2013			3555730952601732	3555730952601732				3555730952601732	0			1	<a href=" rel="nofollow">微博 weibo.com</a>	我都不住快捷的，我都住民宿，而且我都是自带所有东西，哇咔咔！//@索南彭措2012: 要么臭,要么病,你选吧//@茉莉香片1982:那岂不是会变成臭的。。。。//@索南彭措2012: 可以不洗,可以不擦//@茉莉香片1982://@寻找旅行家: 这是逼着我们自带毛巾自带床单低碳出行么？！！！			1618031204	00	3555488710612623	1397724386624
2319119-	0		0	Mon Mar 31 13:39:55 +0800 2014			3694179102188682	3694179102188682				3694179102188682	0			0	<a href=" rel="nofollow">微博 weibo.com</a>	出轨体的减肥宣言，赞一个！不过小三可比脂肪恶心多了！！[偷乐]			1618031204	00	3694178670102324	1397724386625
2319120-	0		6	Mon May 21 12:53:01 +0800 2012			3448105938847939	3448105938847939				3448105938847939	0		#	1	<a href=" rel="nofollow">iPhone客户端</a>	在这样的学校里上学很赞[哈哈]以前的关中书院，现在的西安文理学院。			1618031204	00	0	1397724386626
2319121-	0		2	Sun Aug 05 18:33:47 +0800 2012		type:Pointcoordinates:#39.92797#116.45627	3475733168539084	3475733168539084				3475733168539084	0		#	0	<a href=" rel="nofollow">iPhone客户端</a>	生日爬梯上的巨型饮料 我在:			1618031204	00	0	1397724386627
2319122-	0		1	Fri Apr 19 09:52:24 +0800 2013			3568735648500907	3568735648500907				3568735648500907	0			0	<a href=" rel="nofollow">iPhone客户端</a>	//@36氪:一周前，淘宝无线事业部的副总裁邱昌恒明确表示：O2O 是个火坑，但是淘宝还是要跳进去。这话讲的完全有巨头的范，明确的发出进攻信号，意思是那些做 O2O 的小鬼，我要进来了！！！			1618031204	00	3568716879236211	1397724386627
2319123-	0		6	Sun Jan 13 20:09:33 +0800 2013		type:Pointcoordinates:#39.940235#116.39893	3534101732907677	3534101732907677				3534101732907677	0		#	0	<a href=" rel="nofollow">iPhone客户端</a>	蓝莓之夜，抽奖开始。刚刚回顾了台湾大选等新闻事件。@嘉沐 @郑东阳 @周董 [鼓掌][鼓掌][鼓掌][鼓掌] 我在:			1618031204	00	0	1397724386628
2319124-	0		0	Wed Oct 03 20:32:34 +0800 2012			3497143950252290	3497143950252290				3497143950252290	0			0	<a href=" rel="nofollow">iPhone客户端</a>	悲催的假日经济。@靓靓happiness @张晓蕊rry2 我们爽了耶[偷笑][偷笑] //@行者老陈://@ggfaye://@���政d: 这个假期悲剧连连哦！			1618031204	00	3497130591551097	1397724386629
2319125-	0		6	Sun Jan 13 11:24:00 +0800 2013			3533969464767785	3533969464767785				3533969464767785	0			0	<a href=" rel="nofollow">微博 weibo.com</a>	[泪]//@刘启斌: 世界上最远的距离，不是生与死的距离，而是我在北京街头牵着你的手，却看不见你。			1618031204	00	3533789101533940	1397724386630
2319126-	0		0	Tue Mar 05 22:26:49 +0800 2013			3552618050164670	3552618050164670				3552618050164670	0			0	<a href=" rel="nofollow">iPad客户端</a>	mark			1618031204	00	3552614711417584	1397724386630
2319127-	0		0	Thu Jun 14 13:42:46 +0800 2012			3456815767126821	3456815767126821				3456815767126821	0			0	<a href=" rel="nofollow">微博 weibo.com</a>	大股东你都不说，净拿我们小股东开刀[泪][泪]//@风华正胖: 姓牛的，没想到你竟是这么一个人。绝交! //@茉莉香片1982:啦啦啦，我跟着张总投点散股，分点小红[偷笑]//@张学冬: 破产后，我来收购，或入股。想投资的举手。 //@风华正胖:迫不及待看我破产?//@茉莉香片1982: [哈哈][哈哈]已经迫不及待想去了			1618031204	00	3456527752658704	1397724386631
2319128-	0		1	Tue Mar 12 21:40:53 +0800 2013			3555143205578956	3555143205578956				3555143205578956	0			0	<a href=" rel="nofollow">iPad客户端</a>	[汗][汗][汗] 上地这是要闹哪样啊[汗][汗]//@张晓玲: 这只能说明斯巴达之后人们越来越绝望了。//@王营1124:[吃惊] //@王勐MONGA57://@于小花:[吃惊][吃惊][吃惊]			1618031204	00	3554966142500678	1397724386632
2319129-	0		5	Sun Jan 06 22:11:19 +0800 2013			3531595648088353	3531595648088353				3531595648088353	0		#	0	<a href=" rel="nofollow">蚂蜂窝旅行</a>	饭已OK啦！下来米西吧(#馋)(#馋)(#馋)【 @嗡嗡官方微博）			1618031204	00	0	1397724386633
2319130-	0		0	Tue Jan 22 00:08:05 +0800 2013			3537060852088684	3537060852088684				3537060852088684	0			1	<a href=" rel="nofollow">iPad客户端</a>	靠，你是还想装嫩啊[挖鼻屎][挖鼻屎] //@张晓蕊rry2: 怎么我没看过啊//@茉莉香片1982:我也能啊，哈哈，PK下[哈哈][哈哈] //@翟磊: 我现在都特么能唱！ //@孙海光:哇哇，年轻时最爱的主题曲之一！			1618031204	00	3536692357001488	1397724386633
2319131-	0		2	Thu Aug 09 09:45:06 +0800 2012			3477049676778996	3477049676778996				3477049676778996	0			0	<a href=" rel="nofollow">iPhone客户端</a>	事实是我去的时候你才喝了一点点[偷笑][偷笑]			1618031204	00	3476853479726768	1397724386634
2319132-	0		0	Thu Sep 20 16:08:37 +0800 2012			3492366482930198	3492366482930198				3492366482930198	0			0	<a href=" rel="nofollow">iPhone客户端</a>	收藏了学习一下[good] //@全球热门伤不起:让你变成成为PPT制作演示达人，值得收藏！！@点子总动员			1618031204	00	3492309746633073	1397724386635
2319133-	0		0	Fri Nov 09 01:15:54 +0800 2012			3510261220411860	3510261220411860				3510261220411860	0		#	0	<a href=" rel="nofollow">蚂蜂窝旅行</a>	一上来就上硬货！平民版刺身大拼盘！【			1618031204	00	0	1397724386635
2319134-	0		0	Sun Dec 16 12:14:22 +0800 2012			3523835276256090	3523835276256090				3523835276256090	0			0	<a href=" rel="nofollow">iPad客户端</a>	哈哈哈，你应该敲门说：离婚吧[哈哈][哈哈] //@张晓蕊rry2: 此外，我此时真想送他们，一人一把，让他们自行解决！今天又没法睡了！@风华正胖 @翟磊 @茉莉香片1982			1618031204	00	3523682465397180	1397724386636
2319135-	0		0	Sat Sep 08 02:37:12 +0800 2012			3487813628551499	3487813628551499				3487813628551499	0			1	<a href=" rel="nofollow">iPhone客户端</a>	哥们儿你太行了，都可可西里了！加油[鼓掌][鼓掌]			1618031204	00	3487276892215480	1397724386637
2319136-	0		0	Thu Oct 25 12:04:39 +0800 2012			3504988661570776	3504988661570776				3504988661570776	0			0	<a href=" rel="nofollow">微博 weibo.com</a>	现在从来不喝蒙牛的牛奶！！！			1618031204	00	3504976695234507	1397724386638
2319137-	0		0	Wed Jul 11 01:31:12 +0800 2012			3466416134704430	3466416134704430				3466416134704430	0			1	<a href=" rel="nofollow">iPhone客户端</a>	反正猜对了，奖品[酷][酷] //@风华正胖:腌咸鸭蛋，这个大家都知道。根据放入时间的不同，划不同的记号，这样，就知道先吃哪个，后吃哪个。//@茉莉香片1982: 淹咸鸡蛋			1618031204	00	3466341631914362	1397724386638
2319138-	0		0	Sun Apr 28 20:38:57 +0800 2013			3572159857218333	3572159857218333				3572159857218333	0			0	<a href=" rel="nofollow">iPad客户端</a>	先mark了			1618031204	00	3571331478031310	1397724386639
2319139-	0		0	Sat Aug 11 21:07:01 +0800 2012			3477946067127920	3477946067127920				3477946067127920	0		#	0	<a href=" rel="nofollow">蚂蜂窝旅行</a>	出场定装照，下半场开始！【			1618031204	00	0	1397724386640
2319140-	0		0	Thu Nov 01 09:09:18 +0800 2012			3507481248228240	3507481248228240				3507481248228240	0			0	<a href=" rel="nofollow">iPhone客户端</a>	转发微博。			1618031204	00	3507470641479802	1397724386641
2319141-	0		0	Sat Feb 23 14:40:44 +0800 2013			3548876876926781	3548876876926781				3548876876926781	0		#	0	<a href=" rel="nofollow">蚂蜂窝旅行</a>	有点春暖花开的味道了(#抱抱)(#抱抱)(#抱抱)(#抱抱)【 @嗡嗡官方微博）			1618031204	00	0	1397724386641
2319142-	0		0	Sun Jan 13 11:17:11 +0800 2013			3533967745556004	3533967745556004				3533967745556004	0			0	<a href=" rel="nofollow">微博 weibo.com</a>	这个很实用，先mark了			1618031204	00	3533955137648439	1397724386642
2319143-	0		0	Sun Apr 21 09:20:31 +0800 2013			3569452396520133	3569452396520133				3569452396520133	0			0	<a href=" rel="nofollow">iPad客户端</a>	[蜡烛][蜡烛] //@-田螺姑娘-: [蜡烛]			1618031204	00	3569443232201308	1397724386643
2319144-	0		0	Mon Nov 26 09:58:07 +0800 2012			3516553230281293	3516553230281293				3516553230281293	0			0	<a href=" rel="nofollow">iPhone客户端</a>	初到台湾，对她的第一印象，房子、街道都很普通，发现不出特别之处，但是你停下来仔细地欣赏，她稍微打扮，即令人眼前一亮。[赞][赞]			1618031204	00	3516551968199781	1397724386643
2319145-	1		2	Wed Sep 04 08:32:12 +0800 2013			3618724987170187	3618724987170187				3618724987170187	0			0	<a href=" rel="nofollow">iPhone客户端</a>	 @TinaWu2011 //@太阳1975_E旅行:经查，广州往返马尼拉，含税990元的机票还大把大把的。。。传统航空哦！			1618031204	00	3618375383248355	1397724386644
2319146-	0		6	Tue Feb 25 14:18:56 +0800 2014			3681867733583709	3681867733583709				3681867733583709	0			0	<a href=" rel="nofollow">微博 weibo.com</a>	我强烈要求能够自选银行办理牡丹交通卡，为什么非要是工商银行！！！！！！			1618031204	00	3681867557394058	1397724386645
2319147-	0		2	Mon Jan 07 18:12:17 +0800 2013			3531897890196337	3531897890196337				3531897890196337	0			0	<a href=" rel="nofollow">iPhone客户端</a>	[偷笑][偷笑] 我的神，我都没力气在看下去了[汗][汗]@索南彭措2012 //@晓雪家-方家胡同46号院:笑死了 //@糖包tina:呃//@马里奥小黄: 哈哈，不知道那个卖萌的热水器还在吗~~//@落雪今生: 笑疯了//@吃货苏小辫之清梦舒容: 笑死~//@司空�-缎爹不曾离开: 哈哈哈哈哈！！//@白云山包子店长: 笑出眼泪来……			1618031204	00	3531533145327736	1397724386646
2319148-	0		4	Sun Oct 07 12:08:57 +0800 2012			3498466766578069	3498466766578069				3498466766578069	0		#	2	<a href=" rel="nofollow">蚂蜂窝旅行</a>	努呜哇图拉！大概是这个发音吧。距离加勒小城十几分钟的路程。特别适合度假的一片海域。【			1618031204	00	0	1397724386646
2319149-	0		0	Sun May 20 22:14:25 +0800 2012		type:Pointcoordinates:#34.25805#108.95734	3447884831977936	3447884831977936				3447884831977936	0		#	0	<a href=" rel="nofollow">iPhone客户端</a>	我在这里: #西安市区#在路上酒吧，一家以旅行为主题的酒吧。 			1618031204	00	0	1397724386647
2319150-	0		0	Fri Jul 12 11:26:09 +0800 2013			3599199818103724	3599199818103724				3599199818103724	0			0	<a href=" rel="nofollow">iPhone客户端</a>	有意思[哈哈][哈哈] //@crysfish:@不能让玛玛发现 @OO_bb			1618031204	00	3598989943345483	1397724386648
2319151-	0		0	Tue Mar 05 16:52:59 +0800 2013			3552534037944659	3552534037944659				3552534037944659	0			0	<a href=" rel="nofollow">iPhone客户端</a>	看看这个场面，啥都不想说了[汗][汗] //@第一财经首席评论:@养驴怎么养			1618031204	00	3552520770781816	1397724386649
2319152-	0		0	Thu Jul 11 11:45:27 +0800 2013			3598842286599390	3598842286599390				3598842286599390	0			0	<a href=" rel="nofollow">iPad客户端</a>	特温暖的片子，台湾篇还是擅长平淡重慢慢沁入身体的温暖[爱你] 喜欢！//@百老汇电影中心: 今日《逆光飞翔》百老汇电影中心排映4场，更有18:00 20:00 22:00 晚间黄金场，一起来影院感受逆光飞翔的正能量，一起聆听片尾曲《很靠近海》！周五六日依然会有不少于四场的排片，请持续关注！			1618031204	00	3588299799333901	1397724386650
2319153-	0		0	Mon May 28 19:51:25 +0800 2012			3450747942908385	3450747942908385				3450747942908385	0			1	<a href=" rel="nofollow">iPhone客户端</a>	胡总忽然谦虚了，我忽然无地自容了[偷笑][偷笑] //@风华正胖:理解错了，我错了。//@茉莉香片1982: 胡总不带挑拨离间的，我明明说的吃的[右哼哼][左哼哼] //@风华正胖:你说2姐长昨像披萨？//@茉莉香片1982: 怎么长的象披萨[吃惊][吃惊]爽啊2姐			1618031204	00	3450708349195707	1397724386650
2319154-	0		4	Thu Jun 14 21:23:40 +0800 2012			3456931765450428	3456931765450428				3456931765450428	0			2	<a href=" rel="nofollow">iPhone客户端</a>	[心][心] 好好欣赏欣赏，过两天就没了//@883311bohan:是啊，今天头都没舍得低，这还是北京吗//@苏氏猪小妹: 感觉自己不是生活在北京了，不太适应//@吴小弟: 转发微博			1618031204	00	3456910843534084	1397724386651
2319155-	0		0	Sat Jun 02 09:38:16 +0800 2012			3452405582506169	3452405582506169				3452405582506169	0			0	<a href=" rel="nofollow">iPhone客户端</a>	[生病][生病][生病][生病]			1618031204	00	3452398146033727	1397724386652
2319156-	0		1	Tue Mar 05 22:19:30 +0800 2013			3552616208911236	3552616208911236				3552616208911236	0			0	<a href=" rel="nofollow">iPad客户端</a>	草根的智慧[花心][花心] //@非常阿旺: 太精辟了，想不转都做不到。 //@记者杨万国:人民的智慧啊，滔滔江水			1618031204	00	3552602589469307	1397724386652
2319157-	0		4	Sun Mar 17 23:42:48 +0800 2013			3556985826068488	3556985826068488				3556985826068488	0			0	<a href=" rel="nofollow">iPad客户端</a>	mark[馋嘴][馋嘴]			1618031204	00	3556952506653605	1397724386653
2319158-	0		0	Sun Oct 07 01:32:44 +0800 2012			3498306653358229	3498306653358229				3498306653358229	0		#	0	<a href=" rel="nofollow">蚂蜂窝旅行</a>	夜晚的灯塔。【			1618031204	00	0	1397724386654
2319159-	1		0	Fri Apr 04 08:56:51 +0800 2014			3695557417967781	3695557417967781				3695557417967781	0			1	<a href=" rel="nofollow">iPad客户端</a>	 @张晓蕊rry2 我觉得我们有必要三天里找一天去这里[嘻嘻][嘻嘻]			1618031204	00	3695551175988363	1397724386655
2319160-	0		0	Sat Apr 20 22:51:35 +0800 2013			3569294124476436	3569294124476436				3569294124476436	0			0	<a href=" rel="nofollow">iPad客户端</a>	大灾面前不会骂滚，但也绝对不会给红会捐一分钱。 //@浦峰捉影: //@闾丘露薇://@王星WX:从其官网来看，红会已调集1700顶单帐篷、5400个家庭包、5000件夹克衫、5000床棉被，这都是实实在在能帮到受灾民众的，从电视看有的伤者就是住在红会字样的帐篷里。有的红会队伍已经抵达，有的在路上，大灾面前			1618031204	00	3569275954392105	1397724386655
2319161-	0		0	Sat Jan 19 14:20:57 +0800 2013			3536188323912490	3536188323912490				3536188323912490	0			0	<a href=" rel="nofollow">iPhone客户端</a>	除了宇宙无敌2的的2姐@张晓蕊rry2  还能有谁[偷笑][偷笑][偷笑]			1618031204	00	3536186964217089	1397724386656
2319162-	0		2	Fri Dec 07 11:38:15 +0800 2012			3520564708547039	3520564708547039				3520564708547039	0			1	<a href=" rel="nofollow">微博 weibo.com</a>	太可怕了吧，中关村5800？？//@张晓蕊rry2: @王营1124			1618031204	00	3520554344485012	1397724386657
2319163-	0		0	Sun Sep 30 22:39:28 +0800 2012			3496088721989700	3496088721989700				3496088721989700	0		#	0	<a href=" rel="nofollow">蚂蜂窝旅行</a>	在国内可怜，没奶喝。到吉隆坡赶紧喝个够。哈哈，确实比国内好喝多了。【			1618031204	00	0	1397724386658
2319164-	0		0	Thu Mar 14 19:36:52 +0800 2013			3555836763265757	3555836763265757				3555836763265757	0			0	<a href=" rel="nofollow">iPhone客户端</a>	 @索南彭措2012 周六一起去买蘑菇吧[嘻嘻] //@张晓蕊rry2:谁要蘑菇，说话 @萌�咪子 //@神仙农场:@张晓蕊rry2 @热爱农业的老赵 @但觉云林幽 @茉莉香片1982			1618031204	00	3555821130188561	1397724386658
2319165-	0		0	Wed Nov 07 10:57:06 +0800 2012			3509682704616754	3509682704616754				3509682704616754	0			1	<a href=" rel="nofollow">iPhone客户端</a>	必须试试，这两天被gmail都搞疯了要[泪][泪] //@嘉妮Janey:我说最近怎么gmail总迟钝呢[思考]//@郑伟-Wayne: 刚gmail发邮件发不出，试了下，效果不错！			1618031204	00	3508849124247628	1397724386659
2319166-	0		0	Tue May 14 07:15:47 +0800 2013			3577755922987613	3577755922987613				3577755922987613	0			0	<a href=" rel="nofollow">iPhone客户端</a>	//@丁北南://@喜岳高歌: 转发微博			1618031204	00	3562909210722345	1397724386660
2319167-	0		0	Tue Apr 09 09:35:45 +0800 2013			3565107579876968	3565107579876968				3565107579876968	0			0	<a href=" rel="nofollow">iPad客户端</a>	国内银行一向大爷，招行卡算相对靠谱的，有次境外刷卡消费了，因手机关机，联系到我妈说联系不到我本人，所以联系紧急联络人通知有异常消费。但是看了这个文最后怕的不是银行处理不利，而是网络刷卡，不知道这个卡是否设置密码？怎么在网上刷卡密码如此轻松就破了？我只用过支付宝，每次都有短信提示。			1618031204	00	3564812858649929	1397724386661
2319168-	0		0	Tue Mar 04 16:07:47 +0800 2014		type:Pointcoordinates:#39.89611#116.41863	3684431841452750	3684431841452750				3684431841452750	0		#	0	<a href=" rel="nofollow">三星GALAXY S4</a>	#3.8手机淘宝生活节#3.8元立享3小时KTV包厢欢唱！我正在参与，小伙伴们快来！  我在这里:			1618031204	00	0	1397724386661
2319169-	0		2	Fri Apr 05 23:05:38 +0800 2013			3563861837766463	3563861837766463				3563861837766463	0			0	<a href=" rel="nofollow">iPhone客户端</a>	mark[爱你][爱你]			1618031204	00	3563861192204750	1397724386662
2319170-	0		5	Fri Jun 14 13:44:44 +0800 2013			3589087837169200	3589087837169200				3589087837169200	0		#	0	<a href=" rel="nofollow">蚂蜂窝旅行</a>	祝杨和的杰作(#赞)(#赞)(#赞)(#赞)(#赞)@嗡嗡官方微博 分享自世贸天阶N39.9°，E116.5°>>>			1618031204	00	0	1397724386663
2319171-	0		0	Mon Sep 10 00:52:49 +0800 2012			3488512152104176	3488512152104176				3488512152104176	0			0	<a href=" rel="nofollow">iPhone客户端</a>	//@阳光82520://@全球热门搜罗:看到以后15秒内转，就能收获2012全年的好运！！！			1618031204	00	3488394435289954	1397724386664
2319172-	0		2	Wed Nov 07 08:51:50 +0800 2012			3509651180416644	3509651180416644				3509651180416644	0			0	<a href=" rel="nofollow">iPhone客户端</a>	因为他们为了当选要努力的骗，而我D连这个都省了。			1618031204	00	3509650584308461	1397724386664
2319173-	0		1	Thu Jul 05 00:57:49 +0800 2012			3464233406238653	3464233406238653				3464233406238653	0			0	<a href=" rel="nofollow">iPhone客户端</a>	我还是看不懂[汗][汗] //@彭跑:这个更全。。。			1618031204	00	3464189387109502	1397724386665
2319174-	0		4	Thu Nov 08 01:31:09 +0800 2012			3509902670399925	3509902670399925				3509902670399925	0		#	0	<a href=" rel="nofollow">蚂蜂窝旅行</a>	台北第一餐：贡丸担仔米粉+凤梨酥。吃货的时刻表不分昼夜！【			1618031204	00	0	1397724386666
2319175-	0		0	Thu Oct 11 16:00:17 +0800 2012			3499974538595164	3499974538595164				3499974538595164	0			1	<a href=" rel="nofollow">微博 weibo.com</a>	那不自取你给送货不，哈哈//@风华正胖: 时间定了啊,本周六杀猪,欢迎自取,自取者送蔬菜哦.			1618031204	00	3499609852335615	1397724386667
2319176-	0		1	Tue Mar 11 16:24:15 +0800 2014			3686972700503731	3686972700503731				3686972700503731	0			84	<a href=" rel="nofollow">微博 weibo.com</a>	虽然不介意真的迁都，可是上海没有雾霾这个理由真心是。。。。。。能换个理由吗魔都！！！			1618031204	00	3686963300981008	1397724386667
2319177-	0		0	Fri Dec 07 20:05:56 +0800 2012			3520692462907334	3520692462907334				3520692462907334	0			0	<a href=" rel="nofollow">iPhone客户端</a>	射手大军气势大啊[哈哈][哈哈][哈哈] //@匆JIA:快生射手一族[嘻嘻][哈哈][偷笑]			1618031204	00	3520669482335173	1397724386668
2319178-	0		1	Wed May 08 09:36:21 +0800 2013			3575616974854685	3575616974854685				3575616974854685	0			1	<a href=" rel="nofollow">iPhone客户端</a>	摇号会更难了吧[泪][泪]@索南彭措2012			1618031204	00	3575610259354515	1397724386669
2319179-	0		14	Thu Sep 20 14:52:40 +0800 2012			3492347368931393	3492347368931393				3492347368931393	0			0	<a href=" rel="nofollow">微博 weibo.com</a>	今天我们就买一双这样的去吧，哈哈。我们争取5个人出去，10个人回来，哇哈哈//@张晓蕊rry2: 看来得带着球鞋才够调性啊//@茉莉香片1982: @张晓蕊rry2 @靓靓happiness 速度装一个咱们去兰卡的时候用，哈哈。			1618031204	00	3492330973743124	1397724386670
2319180-	0		0	Sat Dec 01 22:32:01 +0800 2012			3518554894761962	3518554894761962				3518554894761962	0			1	<a href=" rel="nofollow">iPhone客户端</a>	一起去看啊下周[哈哈][哈哈] //@张晓蕊rry2:@茉莉香片1982 ，我有会员卡哦。上次没带。。。[嘻嘻]			1618031204	00	3518540281418298	1397724386670
2319181-	0		0	Wed Jul 31 23:45:50 +0800 2013			3606271339406373	3606271339406373				3606271339406373	0			4	<a href=" rel="nofollow">iPhone客户端</a>	看来他已经对雨神的称谓颇为认同了[偷笑][偷笑]			1618031204	00	3605934314518554	1397724386671
2319182-	0		0	Fri Feb 22 10:52:33 +0800 2013			3548457060898270	3548457060898270				3548457060898270	0			3	<a href=" rel="nofollow">微博 weibo.com</a>	那找个时间走起吧。//@维他命肉丸子: 2天团的节日，独乐乐不如众乐乐~~//@张晓蕊rry2: 节日快乐！//@牛易之:报名电话：18911306062 //@神仙农场:@刘安提 @刘狄CYU @罗大豆 @茉莉香片1982 @牛易之 @胖大海 @shengting @维他命肉丸子 @小小宁檬 @自曾晖 @袁晓澜 @张晓蕊rry2 @张旭四哥 @哲之清茶 @1980安			1618031204	00	3548303843177812	1397724386672
2319183-	0		0	Sun Mar 03 00:46:42 +0800 2013			3551566089398063	3551566089398063				3551566089398063	0			1	<a href=" rel="nofollow">iPad客户端</a>	 //@ZhangYang��: //@长盛:转发微博			1618031204	00	3551504574815735	1397724386672
2319184-	0		5	Wed Sep 18 15:30:35 +0800 2013			3623903706764471	3623903706764471				3623903706764471	0			0	<a href=" rel="nofollow">iPhone客户端</a>	mark //@跟我做私房菜:New Balance中秋大型团购开场啦[ppb鼓掌]一年仅一次，错过今天明年再来[心]传说中的总 统跑鞋[心]专柜发票享受三包服务！原价960现价只要167、167，赶紧抢购吧，地址 >>			1618031204	00	3623230680500786	1397724386673
2319185-	0		0	Mon Jul 09 01:44:44 +0800 2012			3465694764906809	3465694764906809				3465694764906809	0			0	<a href=" rel="nofollow">iPhone客户端</a>	但是现在又反过来了[委屈] //@陈晓守:[呵呵]			1618031204	00	3464453079215189	1397724386674
2319186-	0		2	Fri Sep 07 23:30:36 +0800 2012			3487766681714843	3487766681714843				3487766681714843	0			0	<a href=" rel="nofollow">iPhone客户端</a>	吉隆坡有么？要去吃！@靓靓happiness @张晓蕊rry2			1618031204	00	3487765793066001	1397724386675
2319187-	0		0	Sun Sep 23 00:22:44 +0800 2012			3493215602974424	3493215602974424				3493215602974424	0		#	0	<a href=" rel="nofollow">蚂蜂窝旅行</a>	旅行是生命的养料，我刚刚下载了蚂蜂窝【旅行装备】#旅游攻略#。旅游出行，攻略在手，行程无忧！你准备去哪里旅行呢？[疑问]快来看看吧！[围观]  (@蚂蜂窝旅游攻略)			1618031204	00	0	1397724386675
2319188-	0		0	Tue Feb 12 16:27:51 +0800 2013			3544917567132743	3544917567132743				3544917567132743	0		#	0	<a href=" rel="nofollow">蚂蜂窝旅行</a>	月亮山，爬到山顶视野很开阔。下雨路滑的很，下山比上山时候费力多了(#大哭)(#大哭)(#大哭)【 @嗡嗡官方微博）			1618031204	00	0	1397724386676
2319189-	1		0	Sun Feb 09 22:33:54 +0800 2014			3676194094503270	3676194094503270				3676194094503270	0			1	<a href=" rel="nofollow">iPhone客户端</a>	[花心][花心][花心]@索南彭措2012  //@张晓蕊rry2:@茉莉香片1982 。。。			1618031204	00	3676185558754967	1397724386677
2319190-	0		0	Fri Nov 15 14:53:08 +0800 2013			3644912778261210	3644912778261210				3644912778261210	0		#	3	<a href=" rel="nofollow">iPhone客户端</a>	新版微博客户端，好听，好看，更好玩！自定义背景、封面；音、视频直接播放；好友圈好友消息不错过；信息流滑动速度提升；支持屏蔽广告微博；广场音乐、电影、美食等频道升级。[good]快试试一键听歌： 下载地址：			1618031204	00	0	1397724386677
2319191-	0		0	Tue Dec 18 14:44:58 +0800 2012			3524597947283787	3524597947283787				3524597947283787	0			1	<a href=" rel="nofollow">微博 weibo.com</a>	收藏了备用。[嘻嘻]@索南彭措2012			1618031204	00	3524503777071928	1397724386678
2319192-	0		0	Tue Jul 30 10:33:53 +0800 2013			3605709650442794	3605709650442794				3605709650442794	0		#	0	<a href=" rel="nofollow">微博会员</a>	#百变装扮 百变心情#世界上最遥远的距离，不是生与死，而是星期一到星期五。作为一个上班族，不能再同意更多！这个会员装扮好赞，据说现在可以随便用，赶紧换上~ 			1618031204	00	0	1397724386679
2319193-	0		0	Tue Aug 14 09:40:56 +0800 2012			3478860568119184	3478860568119184				3478860568119184	0			0	<a href=" rel="nofollow">iPhone客户端</a>	转发微博。			1618031204	00	3478854334948021	1397724386679
2319194-	0		0	Wed Oct 17 20:29:10 +0800 2012			3502216524655553	3502216524655553				3502216524655553	0			0	<a href=" rel="nofollow">iPhone客户端</a>	我们也去敦煌拍一组吧[偷笑] //@张晓蕊rry2:@茉莉香片1982 @化外狂封			1618031204	00	3502196622950977	1397724386680
2319195-	0		0	Thu Oct 11 14:07:15 +0800 2012			3499946089185275	3499946089185275				3499946089185275	0			0	<a href=" rel="nofollow">iPhone客户端</a>	写的太好了，需要一颗强大的内心抵御周遭奇怪的眼光[熊猫] //@COCO-DAN:不是所有女生的生活里只有卡地亚和爱马仕，嫁人的标准都是房子有多大银行存款有几个零。她们除了有ABCD不同罩杯的胸，还有思想不一样的大脑和踏到不同土地的双脚。			1618031204	00	3499597492287543	1397724386681
2319196-	0		0	Sun Jun 03 21:09:15 +0800 2012			3452941861790893	3452941861790893				3452941861790893	0			0	<a href=" rel="nofollow">微博 weibo.com</a>	羡慕已经佩服，哈哈//@张晓蕊rry2: 这辈子穿不上这身衣服的路过，确实霸气，@茉莉香片1982 ，你还有戏努力够一够/@风华正胖:以后专攻这个，向“后”进发！！！//@张学冬: 目前看，好像是个斗地主专业博士。 //@张旭四哥: 应该地主会约局庆祝一下 @徐晓女士 //@邱小�:史上斗地主最好的女博士新鲜出炉！			1618031204	00	3452847200534855	1397724386682
2319197-	0		0	Fri Feb 15 11:32:57 +0800 2013			3545930517025484	3545930517025484				3545930517025484	0		#	0	<a href=" rel="nofollow">蚂蜂窝旅行</a>	著名景区象鼻山。75元门票太贵了，外面围墙堵的严严实实，想看的都留下买路钱吧。【 @嗡嗡官方微博）			1618031204	00	0	1397724386682
2319198-	0		0	Sat May 19 12:49:02 +0800 2012			3447380160551096	3447380160551096				3447380160551096	0		#	0	<a href=" rel="nofollow">iPhone客户端</a>	美丽的唐三彩[馋嘴]			1618031204	00	0	1397724386683
2319199-	0		0	Thu Nov 15 10:01:38 +0800 2012			3512567852923684	3512567852923684				3512567852923684	0			0	<a href=" rel="nofollow">iPhone客户端</a>	哈哈。			1618031204	00	3512562727980967	1397724386684
2319200-	0		0	Sat Dec 01 21:40:10 +0800 2012			3518541862595821	3518541862595821				3518541862595821	0			0	<a href=" rel="nofollow">iPhone客户端</a>	mark了先，挑几部看[鼓掌][鼓掌]@索南彭措2012			1618031204	00	3518540281418298	1397724386684
2319201-	0		0	Tue Apr 02 11:42:26 +0800 2013			3562602745141981	3562602745141981				3562602745141981	0			0	<a href=" rel="nofollow">微博 weibo.com</a>	转发微博			1618031204	00	3562600819997606	1397724386685
2319202-	0		0	Sun Mar 10 23:25:24 +0800 2013			3554444728147942	3554444728147942				3554444728147942	0			0	<a href=" rel="nofollow">iPad客户端</a>	严重同意[good][good] //@冯在: 让人产生联想的好电影。 //@石一枫:真他妈的是个伟大著作。			1618031204	00	3554431049846023	1397724386685
2319203-	0		0	Fri Jan 25 23:37:42 +0800 2013			3538502757636426	3538502757636426				3538502757636426	0			2	<a href=" rel="nofollow">iPad客户端</a>	胡总好人啊[花心][花心] //@风华正胖: 我得到红包给右边这位。 //@茉莉香片1982:我要红包！ //@携程旅游: 半夜里的运气会不会更好些？唔，不管你信不信，反正我是信了！[偷笑]			1618031204	00	3536900168598681	1397724386686
2319204-	0		0	Sun Oct 07 14:34:15 +0800 2012			3498503328395471	3498503328395471				3498503328395471	0		#	0	<a href=" rel="nofollow">蚂蜂窝旅行</a>	出发，下一站尼甘布休整，等待回家。斯里兰卡我还会再回来的！【			1618031204	00	0	1397724386686
2319205-	0		0	Sun Mar 10 17:22:06 +0800 2013			3554353304769917	3554353304769917				3554353304769917	0			0	<a href=" rel="nofollow">iPhone客户端</a>	//@大卫张s:这说的不太有道理，国外的资金流动性更强。国内则主要依赖银行放贷。			1618031204	00	3554340323683717	1397724386687
2319206-	0		0	Thu Mar 07 22:27:51 +0800 2013			3553343085569755	3553343085569755				3553343085569755	0			0	<a href=" rel="nofollow">iPad客户端</a>	[抱抱][抱抱] 想吃放心蛋的都来围观喽[good]//@神仙农场: 速来取! //@茉莉香片1982:关注，又一种食物沦陷了。@神仙农场 你那有放心鸡蛋吃么[泪][泪] //@陈玉明: 目前网上很难搜到有关蛋黄精的报道。朱张金透露，“蛋黄精”卖600元一斤，１吨饲料只需兑４０元蛋黄精，增加的利润就相当可观。			1618031204	00	3553338370944395	1397724386688
2319207-	0		0	Sun May 27 10:01:16 +0800 2012			3450237043325020	3450237043325020				3450237043325020	0			0	<a href=" rel="nofollow">iPhone客户端</a>	[鼓掌][鼓掌]我同意 //@风华正胖:集资，整一辆。 //@茉莉香片1982:胡总，我要求入股[抱抱]//@风华正胖: 买一辆周游世界去，去TM的工作，去TM的理想，去TM的人生，去TM的压力。@茉莉香片1982 @张晓蕊rry2 @维他命肉丸子 @哲之清茶			1618031204	00	3450044067396186	1397724386689
2319208-	0		0	Tue Jun 12 13:12:41 +0800 2012			3456083425254110	3456083425254110				3456083425254110	0		#	0	<a href=" rel="nofollow">微盘</a>	我今天在#微盘签到#获得了46M免费空间，好运指数1颗星，你也来试试手气吧 @微盘 新浪网旗下云存储网盘！			1618031204	00	0	1397724386689
2319209-	0		0	Fri Sep 06 12:42:25 +0800 2013			3619512731614731	3619512731614731				3619512731614731	0			0	<a href=" rel="nofollow">iPhone客户端</a>	[good][good] //@两之:朋友们，一起吗？@化妆师杨雅斐 @coral豆豆 @茜茜望天儿 @茉莉香片1982 @叫我小六六 @田小泡 @小百合岁月静好			1618031204	00	3619501100627276	1397724386690
2319210-	0		0	Sat Oct 05 18:16:23 +0800 2013			3630106024708388	3630106024708388				3630106024708388	0			0	<a href=" rel="nofollow">Android客户端</a>	有那么点道理。 ? ? ?			1618031204	00	3627826852641606	1397724386690
2319211-	0		0	Thu Oct 11 14:10:28 +0800 2012			3499946894632869	3499946894632869				3499946894632869	0			2	<a href=" rel="nofollow">iPhone客户端</a>	 @张晓蕊rry2 这个必须转给你[偷笑][偷笑]			1618031204	00	3499939525225769	1397724386691
2319212-	0		3	Sat May 19 09:03:06 +0800 2012		type:Pointcoordinates:#34.25235#108.96632	3447323302468549	3447323302468549				3447323302468549	0		#	0	<a href=" rel="nofollow">iPhone客户端</a>	我在这里: #西安市区#一下火车就看见城墙，虽是后来的，但是对古城西安的印象一下子好极啦[鼓掌] 			1618031204	00	0	1397724386691
2319213-	0		0	Sat May 26 08:13:29 +0800 2012			3449847535010160	3449847535010160				3449847535010160	0			0	<a href=" rel="nofollow">iPhone客户端</a>	[good] //@薛蛮子:转发微博			1618031204	00	3449845232659303	1397724386692
2319214-	0		0	Thu Jul 26 08:45:22 +0800 2012			3471961214423566	3471961214423566				3471961214423566	0			0	<a href=" rel="nofollow">iPhone客户端</a>	跪求船票[泪] //@首佳地产顾问张宇飞:[吃惊]//@赵秀池: 冰变水了！//@石旭升:联想到美国前副总统戈尔写的「不可忽视的真相」这本书，看今天的高温、地震、大水气候，感觉地球真的快融化了。//@老米太太: 2012已经来了！ //@王燕光:[吃惊] //@白丁2008:完了[吃惊]			1618031204	00	3471713871889122	1397724386692
2319215-	0		0	Mon Mar 18 00:12:10 +0800 2013			3556993220830756	3556993220830756				3556993220830756	0			0	<a href=" rel="nofollow">iPad客户端</a>	[泪][泪][泪] //@行者老陈: //@墨�: 这个还在吗？看看你们为什么苦逼。			1618031204	00	3454292755095511	1397724386693
2319216-	0		0	Wed Dec 12 10:05:31 +0800 2012			3522353302509510	3522353302509510				3522353302509510	0			0	<a href=" rel="nofollow">iPhone客户端</a>	找个冠冕堂皇的理由而已，心里清楚怎么回事 //@博涵LLL:这专家太狗血了。当然是劫贫济富或者说是劫贫济官更贴切//@茉莉香片1982: 狗屁劫富济贫！房东会加租的。只是为了某ZF！			1618031204	00	3522342426749330	1397724386694
2319217-	0		0	Mon Sep 03 00:20:44 +0800 2012			3485967346201128	3485967346201128				3485967346201128	0			1	<a href=" rel="nofollow">iPhone客户端</a>	哈哈哈 //@张晓蕊rry2:放心，屏蔽你。			1618031204	00	3485944063264443	1397724386695
2319218-	0		6	Sat Sep 15 12:21:56 +0800 2012		type:Pointcoordinates:#37.20576#112.18575	3490497497125741	3490497497125741				3490497497125741	0		#	3	<a href=" rel="nofollow">iPhone客户端</a>	平遥街头，得色一下新买的耳环[哈哈][哈哈]@张晓蕊rry2 @化外狂封 我在:			1618031204	00	0	1397724386695
2319219-	0		1	Tue Jan 15 17:43:11 +0800 2013			3534789661030098	3534789661030098				3534789661030098	0			0	<a href=" rel="nofollow">iPhone客户端</a>	mark先[爱你]春节刚好去广西[偷笑][偷笑]			1618031204	00	3534787648537301	1397724386696
2319220-	0		4	Sun Jun 09 22:02:29 +0800 2013			3587401156963860	3587401156963860				3587401156963860	0			0	<a href=" rel="nofollow">iPhone客户端</a>	 @索南彭措2012 这个我灰常喜欢[花心][花心]			1618031204	00	3585589422934145	1397724386697
2319221-	0		0	Sun Jul 29 23:46:50 +0800 2012			3473275239361483	3473275239361483				3473275239361483	0			0	<a href=" rel="nofollow">iPhone客户端</a>	[偷笑][偷笑][偷笑] //@emmaxiao:果断转发 并@少爷往事 和@喜欢美食的小猪 两位 //@玄圭媛:@白色北极 @emmaxiao @坏脾气的刘小婷 这条微薄应该是提醒你们别惹我吧			1618031204	00	3473208470579368	1397724386697
2319222-	0		0	Sat May 19 21:36:15 +0800 2012			3447512834248066	3447512834248066				3447512834248066	0		#	0	<a href=" rel="nofollow">iPhone客户端</a>	热气腾腾的回民街夜市-大皮院。			1618031204	00	0	1397724386698
2319223-	0		0	Tue May 29 16:14:35 +0800 2012			3451055775959928	3451055775959928				3451055775959928	0			1	<a href=" rel="nofollow">iPhone客户端</a>	你不是这么敬业吧，还全家上阵[泪] //@风华正胖:呵呵，一人去没用，两口子去八级，一家三口去九级。//@茉莉香片1982: 欢送 胡总登录黄岩岛[鼓掌][鼓掌]//@龚小锋gxf:以后哪个国家欺负中国，你就去哪 //@风华正胖:本人今年威力弱，西班牙仍未传来消息。 //@茉莉香片1982:一定要赶在@风华正胖 之前去			1618031204	00	3450819922298917	1397724386699
2319224-	0		1	Sat Apr 06 22:37:11 +0800 2013			3564217074704020	3564217074704020				3564217074704020	0			1	<a href=" rel="nofollow">iPad客户端</a>	要看这个！@索南彭措2012 			1618031204	00	3564213043420493	1397724386700
2319225-	0		1	Wed Apr 17 15:30:08 +0800 2013			3568095866453948	3568095866453948				3568095866453948	0			1	<a href=" rel="nofollow">iPad客户端</a>	我靠。注意了各位[衰][衰][衰]			1618031204	00	3568093831571485	1397724386700
2319226-	0		0	Thu Feb 14 15:30:56 +0800 2013			3545628015905474	3545628015905474				3545628015905474	0			0	<a href=" rel="nofollow">iPhone客户端</a>	 @索南彭措2012 你喜欢的袁泉哟[偷笑][偷笑][发红包][发红包]			1618031204	00	3545619987609974	1397724386701
2319227-	0		4	Mon Jul 02 19:58:20 +0800 2012		type:Pointcoordinates:#39.889977#116.46261	3463433272371764	3463433272371764				3463433272371764	0		#	1	<a href=" rel="nofollow">iPhone客户端</a>	饿死了，先等位再等人[泪]不过在墙上的老照片看到我刚流连过的凤凰，心情就好多了[爱心传递][鼓掌] 			1618031204	00	0	1397724386702
2319228-	0		2	Wed Sep 05 00:32:19 +0800 2012			3486695040806769	3486695040806769				3486695040806769	0			0	<a href=" rel="nofollow">iPhone客户端</a>	 @丁北南			1618031204	00	3486580625105562	1397724386702
2319229-	0		1	Fri Feb 15 13:04:17 +0800 2013			3545953501771519	3545953501771519				3545953501771519	0		#	0	<a href=" rel="nofollow">蚂蜂窝旅行</a>	再次出发！七星公园景色海可以，但收费太黑。所有小景点都另收费。非常不值！【 @嗡嗡官方微博）			1618031204	00	0	1397724386703
2319230-	0		1	Sat Jun 02 16:40:42 +0800 2012			3452511891856009	3452511891856009				3452511891856009	0			1	<a href=" rel="nofollow">iPhone客户端</a>	//@普乐门-谢志刚://@普乐门公寓:多谢各位朋友的关注，欢迎届时光临开业典礼和开业论坛！欢迎入住普乐门公寓CBD店！联系电话：010-65589658。 //@Suri2781510481: //@Roc_Wei:恭喜、开业大吉、生意兴隆！			1618031204	00	3451811400364251	1397724386704
2319231-	0		1	Mon Apr 22 09:58:43 +0800 2013			3569824397677987	3569824397677987				3569824397677987	0			1	<a href=" rel="nofollow">iPhone客户端</a>	mark //@侯梦玮:2012前家里储备了不少。@Sherry吴倩			1618031204	00	3569821327487653	1397724386704
2319232-	0		1	Sun Sep 30 22:19:03 +0800 2012			3496083601116090	3496083601116090				3496083601116090	0		#	1	<a href=" rel="nofollow">蚂蜂窝旅行</a>	璀璨的双塔，可惜下雨了，没有各个角度的拍。【			1618031204	00	0	1397724386705
2319233-	0		0	Fri May 25 08:58:13 +0800 2012			3449496400827429	3449496400827429				3449496400827429	0			0	<a href=" rel="nofollow">iPhone客户端</a>	[偷笑][偷笑] //@陈玉明:[哈哈]//@陈村: 腿			1618031204	00	3449491267065747	1397724386706
2319234-	0		0	Sun Dec 16 16:20:31 +0800 2012			3523897222099947	3523897222099947				3523897222099947	0			0	<a href=" rel="nofollow">iPad客户端</a>	mark。求地址[哈哈][哈哈]			1618031204	00	3523864866805887	1397724386707
2319235-	0		0	Fri May 10 12:03:12 +0800 2013			3576378710493888	3576378710493888				3576378710493888	0			0	<a href=" rel="nofollow">iPhone客户端</a>	吃素吧以后[汗][汗] //@果佳佳:太谨慎了就饿死了[衰]			1618031204	00	3576167594228597	1397724386707
2319236-	0		0	Tue Mar 05 18:37:23 +0800 2013			3552560306884257	3552560306884257				3552560306884257	0			1	<a href=" rel="nofollow">iPhone客户端</a>	亲，这就是追求啊！爱吃玉米[哈哈][哈哈][哈哈] //@神仙农场:还能有点追求么? //@茉莉香片1982:玉米[馋嘴][馋嘴][花心][花心][花心] //@神仙农场:公用地种玉米，不占私地，谁想吃去掰。 //@张晓蕊rry2:我玉米！@茉莉香片1982 @翟磊 ，你要不要种决定下@袁晓澜 //@神仙农场:@张晓蕊rry2 @			1618031204	00	3552539141961880	1397724386708
2319237-	0		2	Sun Feb 17 18:28:23 +0800 2013			3546759835667062	3546759835667062				3546759835667062	0			0	<a href=" rel="nofollow">微博 weibo.com</a>	@天蝎座李背包 @水瓶座杜小胖 看看[偷笑]//@新西兰旅游局: 是悠闲皇后镇，还是峡湾一日，有去过的朋友帮忙@莫陌 不纠结作选择吗？关于峡湾：新西兰最具代表性的自然景观，已经被列为世界遗产区。新西兰峡湾是10万年间冰川流动而形成的奇观，其中米尔福德峡湾有“世界第八大奇迹”之称。			1618031204	00	3546730404690966	1397724386709
2319238-	0		0	Sun Jul 01 19:16:12 +0800 2012			3463060271995861	3463060271995861				3463060271995861	0			0	<a href=" rel="nofollow">iPhone客户端</a>	部分深表同意[耶]			1618031204	00	3463058851045835	1397724386709
2319239-	0		5	Sun Jan 20 18:36:57 +0800 2013			3536615139481530	3536615139481530				3536615139481530	0			0	<a href=" rel="nofollow">专业版微博</a>	@阳朔院子院子inn 【咨询】2月11日晚房价多少钱？			1618031204	00	0	1397724386710
2319240-	0		0	Wed Mar 05 15:54:29 +0800 2014			3684790882143565	3684790882143565				3684790882143565	0			0	<a href=" rel="nofollow">微博 weibo.com</a>	转发微博			1618031204	00	3684784737914005	1397724386711
2319241-	0		2	Mon Jul 23 20:36:43 +0800 2012		type:Pointcoordinates:#39.91405#116.47588	3471053067740429	3471053067740429				3471053067740429	0		#	1	<a href=" rel="nofollow">iPhone客户端</a>	菜上齐了。@张晓蕊rry2 [哈哈] 			1618031204	00	0	1397724386711
2319242-	0		0	Thu Jul 05 23:37:08 +0800 2012			3464575489510869	3464575489510869				3464575489510869	0			1	<a href=" rel="nofollow">微博 weibo.com</a>	其实被雨浇我没啥感觉，不爽的是走了两个小时，狗屎交通//@风华正胖: 丫头啊丫头，被雨浇你就认了吧，这年月谁没点不如意的事呢，不就是雨中漫步嘛，谁没经历啊。//@茉莉香片1982: [泪][泪]你们都刺激我，还声情并茂//@哲之清茶: 姐也来个刺激你的。八点二十交版，歇一歇喝杯茶后骑车回家。			1618031204	00	3464562499747683	1397724386712
2319243-	0		0	Fri Sep 27 10:07:49 +0800 2013			3627083974354045	3627083974354045				3627083974354045	0			0	<a href=" rel="nofollow">微博 weibo.com</a>	@rebecca鱼 要是咱们寝室的人也像这个冬冬一样的思维的话，咱们寝室的某某人恐怕现在也瘫痪在床了吧。仅仅因为一个人道德有缺失，不合群就下毒想想怎么也觉得后怕。即时信上说的是真的，我们当年也被折磨折磨过，那我们还能去下毒去啊。这种辩护理由真无耻！			1618031204	00	3627075711359415	1397724386713
2319244-	0		0	Thu Aug 15 15:21:52 +0800 2013			3611580325528412	3611580325528412				3611580325528412	0			0	<a href=" rel="nofollow">iPhone客户端</a>	我要大奖[花心][花心]@陈罡 @蚂蜂窝旅游攻略 [鼓掌][鼓掌] //@诸葛的妈:#蚂蜂窝说走就走#			1618031204	00	3611261163829725	1397724386713
2319245-	0		4	Mon Jun 10 19:52:44 +0800 2013			3587730892264831	3587730892264831				3587730892264831	0		#	0	<a href=" rel="nofollow">美颜相机iPhone版</a>	两个快要饿死的女人[衰][衰][衰] 无聊到极致就是学九零后玩儿自拍[闭嘴][闭嘴]   #美颜相机iPhone版#分享图片			1618031204	00	0	1397724386714
2319246-	0		0	Sun Jul 07 16:37:38 +0800 2013			3597466266427379	3597466266427379				3597466266427379	0			2	<a href=" rel="nofollow">iPhone客户端</a>	 @张晓蕊rry2 [泪][汗][衰]			1618031204	00	3597464353528559	1397724386715
2319247-	0		2	Fri Jun 08 07:45:15 +0800 2012			3454551468269942	3454551468269942				3454551468269942	0			1	<a href=" rel="nofollow">iPhone客户端</a>	//@潘石屹://@王巍w://@王利芬: 很生动啊！			1618031204	00	3454537018551138	1397724386716
2319248-	0		0	Mon Mar 31 16:55:02 +0800 2014			3694228208622643	3694228208622643				3694228208622643	0			0	<a href=" rel="nofollow">投票</a>	我投给了"小跌" 这个选项。			1618031204	00	3692707967312920	1397724386716
2319249-	0		0	Mon Feb 25 09:53:17 +0800 2013			3549529309400817	3549529309400817				3549529309400817	0			0	<a href=" rel="nofollow">iPhone客户端</a>	貌似是电梯刚刚坏了，看到背着一堆工具的人在电梯旁。 //@张晓蕊rry2:开学了！			1618031204	00	3549527069704804	1397724386717
2319250-	0		0	Mon Aug 26 07:58:29 +0800 2013			3615455023641584	3615455023641584				3615455023641584	0			1	<a href=" rel="nofollow">iPhone客户端</a>	 @索南彭措2012 又要受刺激[泪][泪][泪] //@央广苏毅:祝君好运！			1618031204	00	3615447981346854	1397724386718
2319251-	0		4	Sun Sep 30 22:22:15 +0800 2012			3496084389663036	3496084389663036				3496084389663036	0		#	0	<a href=" rel="nofollow">蚂蜂窝旅行</a>	这边的水果好吃死了！【			1618031204	00	0	1397724386718
2319252-	0		0	Sat May 04 08:51:53 +0800 2013			3574156237187414	3574156237187414				3574156237187414	0			1	<a href=" rel="nofollow">iPad客户端</a>	哇噻好想去啊。哈哈哈。 //@神仙农场:  @牟云静 @sweetrun @茉莉香片1982 @张晓蕊rry2  @猫妈  @袁晓澜 @1980安 @晓宇的夏天 @巍小巍626 @小小宁檬 @小三角大人			1618031204	00	3573640308565750	1397724386719
2319253-	0		1	Thu Oct 18 23:17:46 +0800 2012			3502621341757924	3502621341757924				3502621341757924	0			0	<a href=" rel="nofollow">iPhone客户端</a>	被谁抽到啦[花心][花心] //@蚂蜂窝蜂会:今晚幸运的是谁？快快上真相出来~@山人水妖 @科影咖啡 @疯果子 @HalloweenVivian_崩崩 @茉莉香片1982			1618031204	00	3496983890762781	1397724386720
2319254-	0		0	Thu Mar 21 12:38:27 +0800 2013			3558268187803162	3558268187803162				3558268187803162	0			1	<a href=" rel="nofollow">微博 weibo.com</a>	没觉得八零后多有理想。倒是最苦逼最生不逢时的一代。左右中国的变化中好的时机都错过了，类似于高房价这种时机倒是赶上的刚刚好。[打哈欠]			1618031204	00	3558195106958171	1397724386720
2319255-	0		1	Tue Mar 12 23:05:33 +0800 2013			3555164508532669	3555164508532669				3555164508532669	0			1	<a href=" rel="nofollow">iPad客户端</a>	政府稳赚不赔[鼓掌][鼓掌][鼓掌] //@天蝎座的周文文: [衰] //@唯尊箭:国家受益//@Connie-姜良姣:苦逼的小p民无语的飘过 //@Christine变道: 胳膊拗不过大腿，就是想骂娘。 //@Janice贾尼斯://@亚历克斯捷:哎。。 //@似是故人海上来:  //@围炉煮酒风起时:怎么都是涨			1618031204	00	3554271754945062	1397724386721
2319256-	0		0	Sat Apr 20 09:37:57 +0800 2013			3569094395767445	3569094395767445				3569094395767445	0			0	<a href=" rel="nofollow">iPad客户端</a>	希望这次及时救援少点伤亡，不想看到汶川那时候的情景了。 //@周董: 转发微博			1618031204	00	3569092714259779	1397724386722
2319257-	0		0	Tue Apr 09 08:50:47 +0800 2013			3565096258986209	3565096258986209				3565096258986209	0			2	<a href=" rel="nofollow">iPad客户端</a>	@索南彭措2012 这个够萌吧[照相机][照相机]			1618031204	00	3564743854364197	1397724386723
2319258-	0		0	Sun Apr 28 10:55:50 +0800 2013			3572013107346975	3572013107346975				3572013107346975	0			0	<a href=" rel="nofollow">iPad客户端</a>	收			1618031204	00	3572010544171575	1397724386723
2319259-	0		0	Mon Mar 04 22:48:53 +0800 2013			3552261211406781	3552261211406781				3552261211406781	0			0	<a href=" rel="nofollow">iPad客户端</a>	[泪][泪][泪]			1618031204	00	3552225596842256	1397724386724
2319260-	0		1	Wed Apr 10 15:40:21 +0800 2013			3565561721896745	3565561721896745				3565561721896745	0			1	<a href=" rel="nofollow">iPad客户端</a>	@索南彭措2012 @香道小萌 			1618031204	00	3565560141011775	1397724386725
2319261-	0		0	Sun May 20 21:07:24 +0800 2012		type:Pointcoordinates:#34.21868#108.96441	3447867966635629	3447867966635629				3447867966635629	0		#	0	<a href=" rel="nofollow">iPhone客户端</a>	夜晚的大雁塔 			1618031204	00	0	1397724386726
2319262-	0		0	Thu Mar 21 18:58:51 +0800 2013			3558363914597080	3558363914597080				3558363914597080	0			1	<a href=" rel="nofollow">微博 weibo.com</a>	@TinaWu2011 小企鹅很V5啊//@创业家杂志: 据财报，去年腾讯最吸金的是互联网增值服务（网络游戏为主，收入高达人民币319.952亿元，比上年同期增长38.9%。电商交易收入为人民币44.278亿元；移动及电信增值服务收入人民币37.230亿元，同期增长13.8%；网络广告收入人民币33.823亿元，比上年同期增长69.8%			1618031204	00	3558224072394494	1397724386726
2319263-	0		4	Sat Feb 09 15:12:55 +0800 2013			3543811546089269	3543811546089269				3543811546089269	0		#	0	<a href=" rel="nofollow">蚂蜂窝旅行</a>	年夜饭陆续登场，妈妈的手艺(#馋)(#馋)(#馋)【 @嗡嗡官方微博）			1618031204	00	0	1397724386727
2319264-	0		13	Sun Feb 17 22:36:43 +0800 2013		type:Pointcoordinates:#39.87072#116.4626	3546822335225995	3546822335225995				3546822335225995	0			0	<a href=" rel="nofollow">iPhone客户端</a>	难道水星又逆行了？北京站广场地面铁网破了也没人管，偏偏这么背的摔了下去。各种疼加在一起了。@D-count 开年怎么是这么烦躁的一天啊[抓狂][抓狂][抓狂][抓狂][抓狂][抓狂] 我在这里:			1618031204	00	0	1397724386728
2319265-	0		2	Thu Jul 05 11:33:19 +0800 2012			3464393335166250	3464393335166250				3464393335166250	0			0	<a href=" rel="nofollow">微博 weibo.com</a>	@张晓蕊rry2 我希望这是咱俩的榜样[good]岁月流逝也不减踏上旅途的热情。			1618031204	00	3464093082182728	1397724386728
2319266-	0		0	Sat Apr 13 01:02:36 +0800 2013			3566427988988823	3566427988988823				3566427988988823	0			0	<a href=" rel="nofollow">iPad客户端</a>	[哈哈][哈哈] @玄圭媛 //@芥末煮粥: //@何刚:[哈哈] //@冬瓜杨:[哈哈] //@皓儿娘: [哈哈]			1618031204	00	3566280013261606	1397724386729
2319267-	0		3	Sun Jul 22 12:08:31 +0800 2012		type:Pointcoordinates:#39.920807#118.87424	3470562787795029	3470562787795029				3470562787795029	0		#	0	<a href=" rel="nofollow">iPhone客户端</a>	服务区被车挤得满满的。震惊了。 			1618031204	00	0	1397724386730
2319268-	0		2	Fri Aug 10 09:01:29 +0800 2012			3477401088107795	3477401088107795				3477401088107795	0			3	<a href=" rel="nofollow">iPhone客户端</a>	别再给我们空中阁楼，画饼充饥了。就承认，不行了。			1618031204	00	3477395682098041	1397724386730
2319269-	0		0	Thu Jun 14 14:36:58 +0800 2012			3456829407134075	3456829407134075				3456829407134075	0			0	<a href=" rel="nofollow">微博 weibo.com</a>	[鼓掌][鼓掌]有组织撑腰了，去胡总家吃大户去啦[偷笑]//@张学冬: 小牛，咱不怕，我给你撑腰。哈哈 //@风华正胖:姓牛的，没想到你竟是这么一个人。绝交! //@茉莉香片1982:啦啦啦，我跟着张总投点散股，分点小红[偷笑]//@张学冬: 破产后，我来收购，或入股。想投资的举手。 //@风华正胖:迫不及待看我破产			1618031204	00	3456527752658704	1397724386731
2319270-	0		2	Sun Sep 09 21:56:00 +0800 2012		type:Pointcoordinates:#39.894115#116.46043	3488467642391619	3488467642391619				3488467642391619	0		#	1	<a href=" rel="nofollow">iPhone客户端</a>	在双井散步，富力城外，有人求婚成功，送现场所有姑娘玫瑰花。祝福祝福[心][心][心]夜晚的心情也因此而绽放！ 我在:			1618031204	00	0	1397724386732
2319271-	0		6	Tue Feb 25 14:18:56 +0800 2014			3681867733583709	3681867733583709				3681867733583709	0			0	<a href=" rel="nofollow">微博 weibo.com</a>	我强烈要求能够自选银行办理牡丹交通卡，为什么非要是工商银行！！！！！！			1618031204	00	3681867557394058	1397724386732
2319272-	0		1	Mon Mar 11 22:33:53 +0800 2013			3554794150670605	3554794150670605				3554794150670605	0			0	<a href=" rel="nofollow">iPhone客户端</a>	2货，图呢[汗][汗][汗]			1618031204	00	3554792640794150	1397724386733
2319273-	0		0	Fri Sep 28 08:15:58 +0800 2012			3495146635291256	3495146635291256				3495146635291256	0			1	<a href=" rel="nofollow">iPhone客户端</a>	学习 //@邢晓利:态度决定一切，用心就好@郭旋Rita @DLZ李圣霞 @贞儿的小窝 @杨屹 @johnny_孙			1618031204	00	3495142650563009	1397724386733
2319274-	0		0	Sun Mar 17 10:35:17 +0800 2013			3556787636924931	3556787636924931				3556787636924931	0			0	<a href=" rel="nofollow">iPad客户端</a>	一会儿看看。 //@小团子爹:  @晓雪家-方家胡同46号院			1618031204	00	3556778845627997	1397724386734
2319275-	1		0	Fri Mar 07 14:47:39 +0800 2014			3685498842966205	3685498842966205				3685498842966205	0			0	<a href=" rel="nofollow">三星GALAXY S4</a>	好看//@跟我做私房菜:春季着装，就爱这个范~[心]@潮混搭			1618031204	00	3685069883792458	1397724386735
2319276-	0		2	Tue Dec 25 16:39:12 +0800 2012			3527163413820687	3527163413820687				3527163413820687	0		#	0	<a href=" rel="nofollow">蚂蜂窝旅行</a>	旅行是生命的养料，我刚刚下载了蚂蜂窝【厦门（第九版）】#旅游攻略#。旅游出行，攻略在手，行程无忧！你准备去哪里旅行呢？[疑问]快来看看吧！[围观]  (@蚂蜂窝旅游攻略)			1618031204	00	0	1397724386735
2319277-	0		7	Wed Mar 13 10:05:21 +0800 2013		type:Pointcoordinates:#39.91287#116.45901	3555330556763834	3555330556763834				3555330556763834	0			1	<a href=" rel="nofollow">iPhone客户端</a>	地铁国贸，又因为挤车打起来了[汗][汗][汗][汗] 我在:			1618031204	00	0	1397724386736
2319278-	0		0	Thu Jun 14 09:54:42 +0800 2012			3456758372807670	3456758372807670				3456758372807670	0			0	<a href=" rel="nofollow">iPhone客户端</a>	[哈哈]估计等我们走后，菜园子该是另一番新气象[good][good] //@龚小锋gxf:再带上直系和旁系亲属，还有失散多年的远房亲戚 //@风华正胖:房产新闻部的同事们，无论是现任的，还是前任的，约一约啊！！！！！//@张学冬: 哦，忘了，全是2了。			1618031204	00	3456527752658704	1397724386737
2319279-	0		8	Mon Jul 23 20:08:56 +0800 2012		type:Pointcoordinates:#39.914043#116.47586	3471046075923834	3471046075923834				3471046075923834	0		#	0	<a href=" rel="nofollow">iPhone客户端</a>	真好吃，风卷残云[哈哈]@张晓蕊rry2 你饿不饿呀？ 			1618031204	00	0	1397724386738
2319280-	0		10	Mon Jul 02 21:35:26 +0800 2012			3463457708141279	3463457708141279				3463457708141279	0			0	<a href=" rel="nofollow">iPhone客户端</a>	 @austen_xu @soleil___			1618031204	00	3463433272371764	1397724386738
2319281-	0		0	Tue Sep 04 23:41:30 +0800 2012			3486682248603716	3486682248603716				3486682248603716	0			0	<a href=" rel="nofollow">iPhone客户端</a>	[偷笑][偷笑][酷] //@玄圭媛:@emmaxiao 我恨你让我补考英语！ //@怪物岛民: 踏马的快来一个牺牲自己成全我的好室友！//@坑坑晴: @怪物岛民 鸡鸡快看//@紫丽殿_来人呐_苏一卡_XXX: 好人一生平安 //@跪下含好:好人！ //@我有基基: 好舍友！！//@是你杀了我:卧槽！//@谁允许你直视本蜀黍: 你瞧瞧人家室友			1618031204	00	3486613583792206	1397724386739
2319282-	0		0	Fri Mar 01 06:55:06 +0800 2013			3550934024363570	3550934024363570				3550934024363570	0			0	<a href=" rel="nofollow">iPhone客户端</a>	//@电影集结号:艾玛这姑娘太可爱太天然呆了 ！！			1618031204	00	3550693787136908	1397724386740
2319283-	0		0	Fri Mar 29 15:59:59 +0800 2013			3561218004452675	3561218004452675				3561218004452675	0			0	<a href=" rel="nofollow">微博 weibo.com</a>	1/4已经或正在移民，3/4让孩子移民，这个阶层若干年后还能存在？//@新浪房产: 尽管有观点认为高房价正吞噬中产阶层的“中国梦”，但是房地产对造就大众富裕阶层也有功劳。3月28日发布的《中国大众富裕阶层财富白皮书》显示，39.9%的大众富裕阶层拥有3套及以上住房。			1618031204	00	3561095224962857	1397724386740
2319284-	0		0	Wed Aug 14 21:02:11 +0800 2013			3611303589788283	3611303589788283				3611303589788283	0			0	<a href=" rel="nofollow">iPad客户端</a>	mark //@经典英文语录: 超美的四件套，淘宝年中大促【￥48】包邮，[给力]最后500套抢购，只限今天，喜欢的速度抢购[来]>>  			1618031204	00	3611233833804689	1397724386741
2319285-	0		0	Fri Nov 02 00:39:18 +0800 2012			3507715290251141	3507715290251141				3507715290251141	0			0	<a href=" rel="nofollow">iPhone客户端</a>	需要会德语吗？ //@溪雨棠:看一下，考虑德国不？@段宇宏 //@何刚:66万元，移民德国？这比中国农民进城还合算啊！			1618031204	00	3498820706983249	1397724386742
2319286-	0		0	Thu Jun 14 14:37:50 +0800 2012			3456829633636287	3456829633636287				3456829633636287	0			0	<a href=" rel="nofollow">微博 weibo.com</a>	大有一发不可收拾之势啊[偷笑]//@龚小锋gxf: 胡姐姐一石激起千层浪 //@张学冬//@张剑的自由世界: 太软弱了，要是我，就带几个穿着城管、环保制服的人直接闯入农场，以HAO社会主义羊毛为罪名强行没收，然后招拍挂引入开发企业，主打农业住宅、旁边盖点儿小房子宣传为养老地产，每平米卖个20000元			1618031204	00	3456527752658704	1397724386742
2319287-	0		0	Thu Jul 18 17:45:29 +0800 2013			3601469607142650	3601469607142650				3601469607142650	0			0	<a href=" rel="nofollow">iPad客户端</a>	无语了，一个泼妇嘴脸，一个自己行不正还带着道德优势评论别人，都够贱[弱][弱][弱]			1618031204	00	3601161703286685	1397724386743
2319288-	0		7	Thu Nov 08 01:24:38 +0800 2012			3509901030270867	3509901030270867				3509901030270867	0		#	0	<a href=" rel="nofollow">蚂蜂窝旅行</a>	台北初印象，安静老旧的小街，温泉之乡北投。台北人民特别有礼貌。【			1618031204	00	0	1397724386744
2319289-	0		0	Tue Mar 12 21:42:34 +0800 2013			3555143629007085	3555143629007085				3555143629007085	0			0	<a href=" rel="nofollow">iPad客户端</a>	@TinaWu2011 这是黑小企鹅的吧[偷笑][偷笑]			1618031204	00	3555125806953141	1397724386744
2319290-	1		2	Sun Mar 31 18:41:06 +0800 2013			3561983331148908	3561983331148908				3561983331148908	0			0	<a href=" rel="nofollow">iPad客户端</a>	在哪里啊？ //@莫菲:  @勤劳的李钱钱 我给你说要排20分钟队的那个。			1618031204	00	3561925000505393	1397724386745
2319291-	0		2	Wed Sep 05 09:46:33 +0800 2012			3486834513979239	3486834513979239				3486834513979239	0			2	<a href=" rel="nofollow">iPhone客户端</a>	必须是生活大爆炸啊@rebecca鱼 ，又要看到谢耳朵啦[鼓掌] //@张末男Mopiu:祖玛没有breaking bad~不过生活大爆炸还是很期待哦。			1618031204	00	3486603928699839	1397724386746
2319292-	0		0	Mon Mar 31 13:55:18 +0800 2014			3694182973307969	3694182973307969				3694182973307969	0			0	<a href=" rel="nofollow">微博 weibo.com</a>	转发微博			1618031204	00	3694181677875966	1397724386746
2319293-	0		5	Tue Sep 25 18:25:46 +0800 2012			3494212936736736	3494212936736736				3494212936736736	0			0	<a href=" rel="nofollow">微博 weibo.com</a>	啊，这也行？怎么可能啊？//@首佳地产顾问张宇飞: [哈哈]不得不承认，高人在民间。//@赵赵浚洁:[衰]//@北京号外:急寻京PEJ375女车主。。。！			1618031204	00	3494121157299844	1397724386747
2319294-	0		0	Sun Mar 17 21:36:41 +0800 2013			3556954079659142	3556954079659142				3556954079659142	0			0	<a href=" rel="nofollow">iPad客户端</a>	mark先[good][good] //@嗡嗡官方微博: 菜鸟先飞，手把手教你玩摄影?[good]			1618031204	00	3556951663367272	1397724386748
2319295-	0		0	Sun Jun 10 17:29:08 +0800 2012			3455423178567921	3455423178567921				3455423178567921	0			0	<a href=" rel="nofollow">iPhone客户端</a>	时刻准备着，潘家园恭候着[哈哈][哈哈] //@维他命肉丸子:时刻准备着！移驾潘家园[哈哈] //@茉莉香片1982: 我搬家啦，欢迎大家来暖房[鼓掌][鼓掌][鼓掌] //@风华正胖:很适合睡觉。 //@张晓蕊rry2:很适合骑自行车			1618031204	00	3455355524654287	1397724386748
2319296-	0		0	Sun Oct 28 12:10:50 +0800 2012			3506077389534522	3506077389534522				3506077389534522	0			1	<a href=" rel="nofollow">iPhone客户端</a>	[吃惊][吃惊]			1618031204	00	3506071635011634	1397724386749
2319297-	0		0	Fri Jun 14 10:43:40 +0800 2013			3589042266919796	3589042266919796				3589042266919796	0			0	<a href=" rel="nofollow">iPhone客户端</a>	[晕][晕][晕]			1618031204	00	3589038914906265	1397724386749
2319298-	0		0	Sun Jul 21 22:17:50 +0800 2013			3602625309975441	3602625309975441				3602625309975441	0			0	<a href=" rel="nofollow">iPad客户端</a>	太酷啦[good][good][good]			1618031204	00	3602618431827323	1397724386750
2319299-	0		0	Wed Jan 02 19:40:42 +0800 2013			3530108193231738	3530108193231738				3530108193231738	0			0	<a href=" rel="nofollow">iPhone客户端</a>	 @索南彭措2012 比对一下[挖鼻屎][挖鼻屎] //@电影集结号:永远不变心的男人相			1618031204	00	3528588123077450	1397724386750
2319300-	0		0	Thu Jan 03 12:17:39 +0800 2013			3530359083471363	3530359083471363				3530359083471363	0			0	<a href=" rel="nofollow">iPad客户端</a>	转发微博			1618031204	00	3530327178076775	1397724386751
2319301-	0		0	Thu Jul 05 23:30:23 +0800 2012			3464573807499269	3464573807499269				3464573807499269	0			1	<a href=" rel="nofollow">微博 weibo.com</a>	[泪][泪]你们都刺激我，还声情并茂//@哲之清茶: 姐也来个刺激你的。八点二十交版，歇一歇喝杯茶后骑车回家。八点四十五到小区，直接在楼下陪燧燧玩20多分钟，刚踏进家门就下起大雨[偷笑]//@茉莉香片1982:姐你这不是安慰，这是刺激[抓狂]//@风华正胖: 我是多么的英明神武啊，进门后十分钟方听到雷声			1618031204	00	3464562499747683	1397724386751
2319302-	0		0	Wed Jul 17 09:15:40 +0800 2013			3600978919714440	3600978919714440				3600978919714440	0			1	<a href=" rel="nofollow">iPad客户端</a>	@索南彭措2012 [太开心][抱抱] //@山西省旅游局官方微博: #风云三晋旅行侠#老牛湾的清晨竟如此之美！亲们难道不想体验一下么？！			1618031204	00	3600826280565198	1397724386752
2319303-	0		0	Thu Mar 14 19:53:53 +0800 2013			3555841062180110	3555841062180110				3555841062180110	0			0	<a href=" rel="nofollow">iPhone客户端</a>	房子挺大的[汗][汗] //@写字李华良:女儿挺胖的 //@王律师辉://@摩羯阳仔律师: @袁腾飞 @郑渊洁 @王律师辉			1618031204	00	3555365457031926	1397724386752
2319304-	0		0	Wed Jan 23 12:07:10 +0800 2013			3537604203206906	3537604203206906				3537604203206906	0			2	<a href=" rel="nofollow">iPhone客户端</a>	以后春节带爸妈旅游去吧[偷笑] //@吴培crystal:借助他人的故事，成就他们差钱饭后的谈资[泪流满面]//@茉莉香片1982: 是喜欢借关注你的生活表现他们的优越感[衰] //@吴培crystal:中国化七大姑八大姨，喜欢关注他人生活[泪流满面]//@茉莉香片1982: 年关真是一点儿也不差，都不想回家了[晕][晕]@rebecca鱼			1618031204	00	3537599950196700	1397724386753
2319305-	0		2	Fri May 25 00:52:21 +0800 2012			3449374124063552	3449374124063552				3449374124063552	0			0	<a href=" rel="nofollow">iPhone客户端</a>	你再来一趟吧亲[偷笑][偷笑]			1618031204	00	3449371058743028	1397724386754
2319306-	1		2	Fri Feb 21 15:15:29 +0800 2014			3680432413260750	3680432413260750				3680432413260750	0			2	<a href=" rel="nofollow">微博 weibo.com</a>	没跟外资银行打过交道，最近想办@渣打银行 小额消费贷，各种要求资料，熟悉和奇葩的都提供了，有一份资料先提供扫描件确认没有问题后专程送原件送过去。坐等两周之后的结果是又不能批了。尼玛@渣打银行 把顾客的腿儿溜细了你们行长知道吗？最终还是@招商银行 信用卡分期靠谱，一分钟不到成功！			1618031204	00	0	1397724386754
2319307-	0		0	Thu Jun 06 13:05:40 +0800 2013			3586178907404599	3586178907404599				3586178907404599	0			4	<a href=" rel="nofollow">iPhone客户端</a>	mark //@经典英文语录:[哈哈]吃货的世界太强大了！！			1618031204	00	3586109596861264	1397724386755
2319308-	0		2	Fri Mar 15 18:04:49 +0800 2013			3556175989635759	3556175989635759				3556175989635759	0			3	<a href=" rel="nofollow">微博 weibo.com</a>	支持陈光标去黄浦江扮猪！！//@郑老道: [鼓掌]//@蒋方-舟子: @陈光标 赶快去黄浦江扮猪！			1618031204	00	3556158801186478	1397724386756
2319309-	0		2	Sat Aug 11 22:09:52 +0800 2012			3477961875548837	3477961875548837				3477961875548837	0		#	0	<a href=" rel="nofollow">蚂蜂窝旅行</a>	3：2。快没有悬念了。【			1618031204	00	0	1397724386756
2319310-	0		1	Wed Jan 02 00:34:56 +0800 2013			3529819864133861	3529819864133861				3529819864133861	0			0	<a href=" rel="nofollow">iPhone客户端</a>	 @苏铂 你看看 //@D-count:正是爱情的真相。			1618031204	00	3529801870495186	1397724386757
2319311-	0		0	Mon Oct 01 23:51:46 +0800 2012			3496469304471136	3496469304471136				3496469304471136	0			1	<a href=" rel="nofollow">iPhone客户端</a>	你能不职业病么[汗][汗] //@张晓蕊rry2:高端物业样本//@风华正胖:恨定了! //@茉莉香片1982:@张晓蕊rry2 风华正胖羡慕忌妒恨啦[偷笑][偷笑] //@风华正胖:不要让我恨你。			1618031204	00	3496467908514319	1397724386758
2319312-	0		0	Fri Aug 17 09:42:28 +0800 2012			3479948117300772	3479948117300772				3479948117300772	0			0	<a href=" rel="nofollow">iPhone客户端</a>	我晕[汗][汗][汗] //@小团子爹:太TM励志了！ //@全球震惊了: �丝从毕业时的月入3000到三年后亿万身家的精彩励志之旅 ...			1618031204	00	3479711076368062	1397724386758
2319313-	0		1	Sat Mar 16 00:25:16 +0800 2013			3556271745655916	3556271745655916				3556271745655916	0			0	<a href=" rel="nofollow">iPad客户端</a>	我觉得最亮的是iPhone和iPad客户端。就好比一边啃烧鸡一边说烧鸡比屎还难吃[吐][吐][吐] //@太阳雨: 显然是何润东故意的啊。。。他要移民非死不可了，小浪这点粉丝算个毛啊。。。			1618031204	00	3556247221349525	1397724386759
2319314-	0		0	Fri Nov 30 09:27:55 +0800 2012			3517995181624014	3517995181624014				3517995181624014	0			1	<a href=" rel="nofollow">iPhone客户端</a>	 @索南彭措2012 @笨笨晓晓猪 影评结尾提到的真实历史就是那天我说的案例。			1618031204	00	3517991046337304	1397724386759
2319315-	0		0	Tue Sep 25 00:17:19 +0800 2012			3493939031751739	3493939031751739				3493939031751739	0			1	<a href=" rel="nofollow">iPhone客户端</a>	象那冬天里的一把火[偷笑][偷笑] //@张晓蕊rry2:POSE,像不像@自曾晖 ，@风华正胖 @袁晓澜 @茉莉香片1982 @维他命肉丸子 @张旭四哥 @刘狄CYU @哲之清茶 //@张晓蕊rry2: 嗯哼 @自曾晖 哈			1618031204	00	3493937472322725	1397724386760
2319316-	0		1	Thu Jun 21 23:38:01 +0800 2012		type:Pointcoordinates:#39.128994#117.35869	3459502295044740	3459502295044740				3459502295044740	0			0	<a href=" rel="nofollow">iPhone客户端</a>	妈的，当个中国人真是不像个人。所以的错都是自己的，所有的问题都有规定来搪塞！好好积德下辈子一定不做一个中国人！ 			1618031204	00	0	1397724386761
2319317-	0		0	Sun Dec 16 15:33:57 +0800 2012			3523885503118724	3523885503118724				3523885503118724	0			0	<a href=" rel="nofollow">iPad客户端</a>	真有爱[偷笑][偷笑] //@张晓蕊rry2: 你一说我想起来了！我的拐送你了！回来北医三院再瞧瞧。。。//@翟磊:什么人啊，我都快哭了，虽说你拄拐的样子也确实挺可笑的。//@张晓蕊rry2:@袁晓澜 @茉莉香片1982 @屁颠屁颠的乐 @尹颖y			1618031204	00	3523813294190724	1397724386762
2319318-	0		0	Sat Aug 31 13:04:50 +0800 2013			3617344050273746	3617344050273746				3617344050273746	0			0	<a href=" rel="nofollow">iPhone客户端</a>	地铁是连根针的距离都难找。			1618031204	00	3617335061647117	1397724386762
2319319-	0		0	Sat Sep 01 01:59:56 +0800 2012		type:Pointcoordinates:#39.87264#116.47043	3485267534592716	3485267534592716				3485267534592716	0			0	<a href=" rel="nofollow">iPhone客户端</a>	哈林这场喜欢金池、王克。王韵一音色真是特别，但这场表现没之前新不了解情惊艳。不喜欢大山和王子，除了高音没别的感受了！ 我在:			1618031204	00	0	1397724386763
2319320-	0		0	Sat Apr 27 09:57:46 +0800 2013			3571636098051148	3571636098051148				3571636098051148	0			0	<a href=" rel="nofollow">iPhone客户端</a>	看到了那个啥铁克[偷笑]@索南彭措2012			1618031204	00	3571631106582814	1397724386764
2319321-	0		0	Fri Sep 14 12:27:03 +0800 2012			3490136405042513	3490136405042513				3490136405042513	0		#	0	<a href=" rel="nofollow">蚂蜂窝旅行</a>	people mountain people sea！出发啦！【			1618031204	00	0	1397724386765
2319322-	0		0	Sat Dec 21 09:09:45 +0800 2013			3657872330554881	3657872330554881				3657872330554881	0		#	1	<a href=" rel="nofollow">微博客户端</a>	新版微博客户端，好听，好看，更好玩！自定义个人封面；音、视频直接播放；好友圈―好友消息不错过；支持屏蔽广告微博；广场音乐、电影、美食等频道升级。[good]快试试一键听歌： 下载地址：			1618031204	00	0	1397724386765
2319323-	0		0	Thu May 30 20:19:59 +0800 2013			3583751483657894	3583751483657894				3583751483657894	0			1	<a href=" rel="nofollow">iPhone客户端</a>	[偷笑][偷笑] 请你吃猪肉//@神仙农场:@茉莉香片1982 //@万水千山生态鱼: @我爱盛泽 //@汾湖印象:@万水千山生态鱼			1618031204	00	3583696361447453	1397724386766
2319324-	0		18	Tue Jun 19 00:02:45 +0800 2012			3458421342374501	3458421342374501				3458421342374501	0			0	<a href=" rel="nofollow">微博 weibo.com</a>	中国的各种小假期真是把假日经济推向了一个恶俗的坏循环。一票难求的事儿都不想再提了，凭什么一个平时只卖几十块钱的小客栈，假期的时候把价格涨到二三百元。有一家貌似在网络上小有名气的某某客栈，还跟我说什么！600元！凭什么，放个假也不能舒心！			1618031204	00	0	1397724386767
2319325-	0		0	Sun Jul 15 00:05:01 +0800 2012			3467843997570874	3467843997570874				3467843997570874	0			0	<a href=" rel="nofollow">iPhone客户端</a>	决定再安排次成都之行咯[馋嘴][馋嘴] //@张晓蕊rry2:@茉莉香片1982  //@LonelyPlanet:LP成都购书点――西西弗书店			1618031204	00	3467753191320242	1397724386767
2319326-	0		6	Sat Oct 06 15:52:29 +0800 2012			3498160628678178	3498160628678178				3498160628678178	0		#	1	<a href=" rel="nofollow">蚂蜂窝旅行</a>	行驶在印度洋上的小火车，脚边是蔚蓝的大海！【			1618031204	00	0	1397724386767
2319327-	1		0	Wed Aug 28 12:10:13 +0800 2013			3616243141583898	3616243141583898				3616243141583898	0			0	<a href=" rel="nofollow">iPhone客户端</a>	完了，我觉得人会乌央乌央的多[泪][泪] //@百度旅游:大家比较关心的问题：1、中秋、国庆档能赶上吗？2、到底可直飞哪几个城市？3、票价贵不贵？ 期待下周的最终版。先为大家送上稻城亚丁攻略>			1618031204	00	3616231322439426	1397724386768
2319328-	0		0	Sat Aug 25 02:11:18 +0800 2012			3482733684471299	3482733684471299				3482733684471299	0			0	<a href=" rel="nofollow">iPhone客户端</a>	今晚这场最喜欢袁娅维[鼓掌][鼓掌] //@微群小助手:#中国好声音#好声音第七期，想听哪首点哪首~ SO EASY~！[噢耶]			1618031204	00	3482711311817484	1397724386768
2319329-	0		0	Thu Oct 11 14:48:06 +0800 2012			3499956364644130	3499956364644130				3499956364644130	0			2	<a href=" rel="nofollow">微博 weibo.com</a>	你赶紧去印度吧，太适合你了[偷笑]//@张晓蕊rry2: 真的假的 //@茉莉香片1982:@张晓蕊rry2 这个必须转给你[偷笑][偷笑]			1618031204	00	3499939525225769	1397724386769
2319330-	0		0	Mon Apr 01 21:38:32 +0800 2013			3562390375596825	3562390375596825				3562390375596825	0			0	<a href=" rel="nofollow">iPhone客户端</a>	//@陈志武:转发微博			1618031204	00	3562379880891796	1397724386769
2319331-	0		0	Fri Aug 03 14:07:59 +0800 2012			3474941506351160	3474941506351160				3474941506351160	0			0	<a href=" rel="nofollow">微博 weibo.com</a>	我和嘉沐观点一致，理科男和文科男里面也都性格爱好迥异的，还真不好按学科划分。//@嘉沐: 我觉得还是要看人吧，学科不能代表是否合适，就如血型星座一样。			1618031204	00	3474934288255992	1397724386769
2319332-	0		0	Mon Oct 01 23:51:13 +0800 2012			3496469179225287	3496469179225287				3496469179225287	0			0	<a href=" rel="nofollow">iPhone客户端</a>	那你打飞的来揍我和@张晓蕊rry2 吧。 //@风华正胖:恨定了! //@茉莉香片1982:@张晓蕊rry2 风华正胖羡慕忌妒恨啦[偷笑][偷笑] //@风华正胖:不要让我恨你。			1618031204	00	3496467908514319	1397724386770
2319333-	0		0	Mon Aug 13 00:40:52 +0800 2012			3478362271776530	3478362271776530				3478362271776530	0			0	<a href=" rel="nofollow">iPhone客户端</a>	这样的未来啊[汗] //@张旭四哥:小孩子，还可以归咎于父母。长大之后，这帮没心没肺的兔崽子就应该是自己负责了。//@自曾晖: 有养无教，父母失责//@李晋宁AARON:孩子拿自己丢人说事，母亲哭的原因不是因为女儿不孝，而是因为自己无能。所以这事，根子上还是家长的问题。//@农夫老毛:这样的孩子上大学又			1618031204	00	3478332534747837	1397724386770
2319334-	0		24	Mon Dec 17 23:42:48 +0800 2012			3524370909571018	3524370909571018				3524370909571018	0			0	<a href=" rel="nofollow">iPad客户端</a>	冬天真是难熬，睡觉起床都是死而复生[泪][泪]手脚冰冷缩成一个球[泪][泪][泪]			1618031204	00	0	1397724386771
2319335-	0		1	Thu Mar 07 22:30:02 +0800 2013			3553343630975931	3553343630975931				3553343630975931	0			1	<a href=" rel="nofollow">iPad客户端</a>	刚来北京的时候真是大爱啊。08年之后的帝都，让人爱不起来[泪][泪] //@苏氏猪小妹: 家里两个空气净化器都觉得没办法呆了，唉，真要离开么？[泪] //@看财经的老王:攀登高峰望北京，黄沙万里长…//@吴莎:[泪][泪][泪] //@薛蛮子:转发微博			1618031204	00	3553248725800831	1397724386771
2319336-	0		0	Thu Apr 11 11:45:13 +0800 2013			3565864936877881	3565864936877881				3565864936877881	0			1	<a href=" rel="nofollow">iPad客户端</a>	画个圈圈诅咒他[偷笑][偷笑] //@rebecca鱼: 我能说脏话吗？//@茉莉香片1982: @rebecca鱼 看不成了[衰][衰] //@潘宇凌: 挺风和丽日的//@卫西谛: ……一分钟版《姜戈》//@城南草木生: 这是怎样的好运气……一分钟……一分钟……一分钟……今天天气不错……			1618031204	00	3565847258099025	1397724386772
2319337-	0		3	Fri Sep 13 23:33:26 +0800 2013			3622213289208638	3622213289208638				3622213289208638	0			0	<a href=" rel="nofollow">iPhone客户端</a>	8点才吃上饭的结果就是现在才回到家[泪][泪]@玄圭媛  //@茉莉香片1982:我等8路等半小时挤不上去，腿儿到崇文门的，帝都要闹哪样[泪][泪][泪][泪]			1618031204	00	3622151804730870	1397724386772
2319338-	0		0	Wed Oct 31 10:26:34 +0800 2012			3507138309305427	3507138309305427				3507138309305427	0			0	<a href=" rel="nofollow">iPhone客户端</a>	各种方法从纳税人手里抠钱，不要脸！			1618031204	00	3507132579942293	1397724386772
2319339-	0		1	Wed Aug 22 11:11:44 +0800 2012			3481782521197649	3481782521197649				3481782521197649	0			1	<a href=" rel="nofollow">微博 weibo.com</a>	@风华正胖 @rebecca鱼 @大雄爱游历			1618031204	00	3481432099973026	1397724386773
2319340-	0		0	Fri Nov 16 14:45:23 +0800 2012			3513001644484348	3513001644484348				3513001644484348	0			0	<a href=" rel="nofollow">微博 weibo.com</a>	[阴险]你猜你猜你猜猜//@博涵LLL: 你肯定不是说反话//@茉莉香片1982: 嗯，北京的房价也不贵[挖鼻屎][挖鼻屎]//@王克勤: 十八大代表：北京物价不贵。			1618031204	00	3512562047796088	1397724386774
2319341-	0		1	Sun Jun 17 01:22:06 +0800 2012			3457716535710482	3457716535710482				3457716535710482	0			1	<a href=" rel="nofollow">iPhone客户端</a>	[泪][泪] //@笨笨晓晓猪:转发微博			1618031204	00	3457680817552654	1397724386774
2319342-	0		1	Wed Oct 31 16:30:14 +0800 2012			3507229825070349	3507229825070349				3507229825070349	0			1	<a href=" rel="nofollow">微博 weibo.com</a>	9点多印象中才第二节晚自习吧。我们绝对十点后啊！//@张旭四哥: 我们当年晚上至少到9点多，上下两届还有到晚10点的。			1618031204	00	3507227371631113	1397724386775
2319343-	0		11	Thu Oct 04 10:22:38 +0800 2012			3497352843742469	3497352843742469				3497352843742469	0		#	0	<a href=" rel="nofollow">蚂蜂窝旅行</a>	早安斯里兰卡。老板有一辆古董老爷车，好喜欢啊！【			1618031204	00	0	1397724386775
2319344-	1		0	Mon Apr 01 14:01:53 +0800 2013			3562275446747701	3562275446747701				3562275446747701	0			1	<a href=" rel="nofollow">微博 weibo.com</a>	菠菜小白菜，还能种娃娃菜吗？豌豆尖？芥蓝？@张晓蕊rry2 @袁晓澜 补充。//@神仙农场: 先种一次叶菜，那个稍晚点。//@但觉云林幽: 我要种大西红柿//@神仙农场:呵呵，这群懒猪。//@张晓蕊rry2: 甭管种什么得动啊//@茉莉香片1982:2姐2妹我们商量下吧，种几种菜。			1618031204	00	3562238906169054	1397724386776
2319345-	0		1	Tue Oct 02 11:15:24 +0800 2012			3496641346892324	3496641346892324				3496641346892324	0			0	<a href=" rel="nofollow">iPhone客户端</a>	我们在佛教国家，不能这样[嘻嘻] //@笺言小姐:趁着小腹没赘肉为什么不用这件短背心配低腰牛仔裤！痛心[泪]。小腹永远三个月的人表示：想露不能露才最寂寞[泪][泪][泪]			1618031204	00	3496637500847207	1397724386776
2319346-	0		0	Mon May 13 07:40:39 +0800 2013			3577399797131977	3577399797131977				3577399797131977	0			0	<a href=" rel="nofollow">iPad客户端</a>	转发微博			1618031204	00	3577393644375335	1397724386777
2319347-	0		0	Wed Jan 02 16:08:09 +0800 2013			3530054703162303	3530054703162303				3530054703162303	0			1	<a href=" rel="nofollow">iPad客户端</a>	@张晓蕊rry2 看看这范儿[花心][花心] //@电影集结号: 约翰尼德普重组摇滚乐队			1618031204	00	3528591545970389	1397724386777
2319348-	0		0	Tue Apr 16 15:08:32 +0800 2013			3567728038178153	3567728038178153				3567728038178153	0			0	<a href=" rel="nofollow">微博 weibo.com</a>	止咳药和跌打药酒什么的看来是不能用了。。。。//@段宇宏: 全球都在查禁马兜铃，包括港台，咱还在卖？			1618031204	00	3567486781789934	1397724386778
2319349-	0		0	Sat Jan 18 18:09:26 +0800 2014			3668155002394835	3668155002394835				3668155002394835	0			3	<a href=" rel="nofollow">三星GALAXY S4</a>	右边两位是故意的[鄙视][鄙视][鄙视]//@风逝olf:右边明显气人，别听她的，一起去梵蒂冈朝拜吧。 //@张晓蕊rry2:去罗马放个羊？			1618031204	00	3668060101716128	1397724386778
2319350-	0		0	Sun Jun 16 23:47:31 +0800 2013			3589964304509147	3589964304509147				3589964304509147	0			0	<a href=" rel="nofollow">iPad客户端</a>	@索南彭措2012 你今天刚给的，赶紧补写一下吧。			1618031204	00	3586660967006550	1397724386779
2319351-	0		0	Fri Nov 16 10:15:10 +0800 2012			3512933650674796	3512933650674796				3512933650674796	0			0	<a href=" rel="nofollow">iPhone客户端</a>	关键这么省就能追上房价了？！[鄙视][鄙视]			1618031204	00	3512932190834558	1397724386779
2319352-	0		0	Wed May 22 17:43:55 +0800 2013			3580813104767958	3580813104767958				3580813104767958	0			1	<a href=" rel="nofollow">微博 weibo.com</a>	最讨厌啦！！！[抓狂]//@crysfish: @Asita- @soothing- @清小� @腐嗜NT @gwongsum @王家猫 @茉莉香片1982 //@马寇Mako: 好忧桑 //@一抹光Walker:[哈哈]			1618031204	00	3580514461998393	1397724386780
2319353-	0		0	Tue Feb 05 11:25:43 +0800 2013			3542304821928889	3542304821928889				3542304821928889	0			0	<a href=" rel="nofollow">微博 weibo.com</a>	趾高气扬，利器是“报告老师”的班干部[偷笑]//@孙涛律师的微博: 回复@莜面宝宝:我的童年不是一般悲催啊，用现在的话说，经常躺着中枪啊！ //@莜面宝宝:你的童年过的多悲催啊！ //@孙涛律师的微博:我从小没做过班干部，我经常被班干部出卖，经常被出卖，经常被出卖。@Melody //@臭皮醋:邪教洗脑不得了			1618031204	00	3542069081506668	1397724386780
2319354-	0		0	Thu Sep 13 16:39:49 +0800 2012			3489837619680111	3489837619680111				3489837619680111	0			0	<a href=" rel="nofollow">iPhone客户端</a>	回复@rebecca鱼:深圳的富士康，武汉的电梯，北京的地铁[泪][泪] //@rebecca鱼:啊！？			1618031204	00	3489835459677328	1397724386781
2319355-	0		0	Thu Oct 11 14:09:45 +0800 2012			3499946713609441	3499946713609441				3499946713609441	0			1	<a href=" rel="nofollow">iPhone客户端</a>	转发微博。			1618031204	00	3499939612647866	1397724386781
2319356-	0		0	Thu Jul 05 23:37:56 +0800 2012			3464575686925078	3464575686925078				3464575686925078	0			0	<a href=" rel="nofollow">微博 weibo.com</a>	那你不早说这个，非得编段子刺激我，哈哈//@风华正胖: 大半夜，我们陪你乐，容易吗？一个八多点交版，一个在印厂熬到九点，吃一顿咸得死的饭，我们不比你强。//@茉莉香片1982: 你们不懂冷幽默[偷笑]//@哲之清茶: [衰][偷笑] //@风华正胖: 作死啊，下大雨开敞篷，他脑子进水，还是你脑子进水			1618031204	00	3464562499747683	1397724386782
2319357-	0		0	Thu Jun 06 10:09:57 +0800 2013			3586134682704354	3586134682704354				3586134682704354	0			0	<a href=" rel="nofollow">iPhone客户端</a>	[汗][汗][汗]			1618031204	00	3586125836793058	1397724386782
2319358-	0		1	Tue Jan 22 09:40:58 +0800 2013			3537205023071919	3537205023071919				3537205023071919	0			2	<a href=" rel="nofollow">iPhone客户端</a>	就有本事狐假虎威欺负自己人[鄙视][鄙视] //@张晓蕊rry2:@茉莉香片1982 ，还记得上次咱签证，门口那俩中国狗腿子的态度， 如出一辙，大呼小叫，还斥责帮忙我们的卫兵。但是门口车上两个大使馆老外倒热情给我们指引。我特感谢他们，让我又阅一类人，又明一道理。			1618031204	00	3537109111499426	1397724386783
2319359-	0		0	Tue Mar 05 18:26:26 +0800 2013			3552557551394042	3552557551394042				3552557551394042	0			1	<a href=" rel="nofollow">iPhone客户端</a>	玉米[馋嘴][馋嘴][花心][花心][花心] //@神仙农场:公用地种玉米，不占私地，谁想吃去掰。 //@张晓蕊rry2:我玉米！@茉莉香片1982 @翟磊 ，你要不要种决定下@袁晓澜 //@神仙农场:@张晓蕊rry2 @			1618031204	00	3552539141961880	1397724386783
2319360-	0		0	Sun Jul 08 21:24:07 +0800 2012			3465629195418923	3465629195418923				3465629195418923	0			1	<a href=" rel="nofollow">iPhone客户端</a>	好看[鼓掌]			1618031204	00	3465615728087725	1397724386784
2319361-	0		4	Wed Jul 11 00:19:52 +0800 2012			3466398187271781	3466398187271781				3466398187271781	0			1	<a href=" rel="nofollow">iPhone客户端</a>	淹咸鸡蛋			1618031204	00	3466341631914362	1397724386784
2319362-	0		1	Sun Jul 01 19:13:46 +0800 2012			3463059659600593	3463059659600593				3463059659600593	0			1	<a href=" rel="nofollow">iPhone客户端</a>	我实在累死了没爬起来，今天睡到12点多。 //@张晓蕊rry2:work hard play hard ,这才是生活，不止是生存//@茉莉香片1982: 太爽啦你们[抓狂][抓狂]			1618031204	00	3463000402899547	1397724386785
2319363-	0		6	Wed Aug 29 23:55:23 +0800 2012			3484511427497638	3484511427497638				3484511427497638	0			0	<a href=" rel="nofollow">iPhone客户端</a>	真的吗？这这这[吃惊]求证[吃惊]			1618031204	00	3484395392743494	1397724386786
2319364-	0		0	Tue Mar 19 23:28:32 +0800 2013			3557707007480229	3557707007480229				3557707007480229	0			2	<a href=" rel="nofollow">iPad客户端</a>	奇葩天气配上奇葩空气。帝都V5[good] //@天蝎座的周文文: [兔子] //@武一他娘:雪花儿那个飘啊~~//@李庆庆D: //@Flora鹏妃:转发微博			1618031204	00	3557472746754777	1397724386786
2319365-	0		6	Tue Mar 05 12:07:39 +0800 2013			3552462226683443	3552462226683443				3552462226683443	0			1	<a href=" rel="nofollow">微博 weibo.com</a>	也就只能跑跑东南亚了[泪]//@维他命肉丸子: 可是你用你37码还是36码的脚步，跑赢了东南亚耶！！[得意地笑]//@茉莉香片1982: 收入跑赢了房价[泪]丢人啊，我被房价甩的好远。。。。			1618031204	00	3552455905867432	1397724386787
2319366-	0		0	Thu May 30 15:25:35 +0800 2013			3583677394600920	3583677394600920				3583677394600920	0			2	<a href=" rel="nofollow">微博 weibo.com</a>	真心是，觉得摇号这件事是越来越渺茫了。@张晓蕊rry2			1618031204	00	3583663670957488	1397724386788
2319367-	0		0	Mon Mar 25 19:36:54 +0800 2013			3559823042003499	3559823042003499				3559823042003499	0			0	<a href=" rel="nofollow">iPhone客户端</a>	[偷笑][偷笑][偷笑] //@经典英文语录:[哈哈][哈哈]不能一次看完，心脏受不了啊！			1618031204	00	3559757191553181	1397724386789
2319368-	0		0	Wed Oct 09 22:41:45 +0800 2013			3631622371163753	3631622371163753				3631622371163753	0			0	<a href=" rel="nofollow">Android客户端</a>	人家路飞是草帽啊亲。[偷笑][偷笑][偷笑]//@张晓蕊rry2:矮马，胡德普 @茉莉香片1982			1618031204	00	3631612543218398	1397724386789
2319369-	0		0	Thu Mar 07 10:10:00 +0800 2013			3553157394799667	3553157394799667				3553157394799667	0			0	<a href=" rel="nofollow">iPhone客户端</a>	 @张晓蕊rry2 你看。 //@张晓玲:来深圳吧！每天在鸟语花香中醒来[哈哈]//@茉莉香片1982:唉[泪][泪][泪]帝都越来越不能生存了[衰][衰]			1618031204	00	3553151586323854	1397724386790
2319370-	0		0	Tue May 14 15:59:49 +0800 2013			3577887804238340	3577887804238340				3577887804238340	0			0	<a href=" rel="nofollow">微活动</a>	有奖转发 地址：			1618031204	00	3577480269196975	1397724386791
2319371-	0		8	Fri Jul 19 09:43:37 +0800 2013		type:Pointcoordinates:#35.116943#118.33527	3601710733997801	3601710733997801				3601710733997801	0			0	<a href=" rel="nofollow">iPhone客户端</a>	我家对面小区开盘了，3499一平米，87-144平米花园洋房，过去晃悠一圈觉得园区景观还不错。每次看到这样的场景，都想为啥都要北上广一张床也不要小城市一套房呢？生活质量有时候真是选出来的[生病][生病][生病] 我在:			1618031204	00	0	1397724386791
2319372-	0		24	Sat Jun 23 19:36:58 +0800 2012		type:Pointcoordinates:#27.943823#109.61677	3460166395657754	3460166395657754				3460166395657754	0		#	0	<a href=" rel="nofollow">iPhone客户端</a>	40分钟水路。下一个目的地沈从文墓。小船飘飘，凤凰的日子真是巴适的很[爱你][爱你] 			1618031204	00	0	1397724386792
2319373-	0		0	Wed Jul 17 09:32:21 +0800 2013			3600983122622968	3600983122622968				3600983122622968	0			0	<a href=" rel="nofollow">iPad客户端</a>	 //@曾慧娟娟: //@杨昱:推荐观看。震撼，痛心。 //@导演乔乔JOJO:当一个国家一个政府不惜一切以牺牲生态环境为代价来发展经济，拥有再高的GDP又有何用？ 迷失的不仅是家园，更是人性！ 			1618031204	00	3590214892954403	1397724386793
2319374-	0		0	Thu Jun 06 09:58:43 +0800 2013			3586131851892174	3586131851892174				3586131851892174	0			0	<a href=" rel="nofollow">iPhone客户端</a>	 @sophyia 搜特价机票去吧[哈哈][哈哈]			1618031204	00	3586130748414897	1397724386794
2319375-	0		0	Fri Jul 12 12:10:06 +0800 2013			3599210882782961	3599210882782961				3599210882782961	0			1	<a href=" rel="nofollow">iPhone客户端</a>	大爷这表情，真是太逗了[哈哈][哈哈][哈哈]			1618031204	00	3599209104307522	1397724386794
2319376-	0		0	Fri Sep 06 11:39:30 +0800 2013			3619496901977611	3619496901977611				3619496901977611	0			1	<a href=" rel="nofollow">iPhone客户端</a>	不错哟[good]			1618031204	00	3619492548587532	1397724386795
2319377-	0		0	Fri Mar 14 13:12:54 +0800 2014			3688011709314712	3688011709314712				3688011709314712	0			0	<a href=" rel="nofollow">微博 weibo.com</a>	太美了。			1618031204	00	3688008991631215	1397724386796
2319378-	0		2	Fri Aug 30 19:04:08 +0800 2013			3617072078360379	3617072078360379				3617072078360379	0			5	<a href=" rel="nofollow">微博 weibo.com</a>	#周五晒心情# 装修行业就是靠坑蒙拐骗吃饭的，是我迄今为止接触到的行业里最无透明，最无信誉的。强烈建议装修行业进驻淘宝，要不我们连个打差评的地方都没有！！[弱][弱]			1618031204	00	0	1397724386796
2319379-	0		0	Fri Aug 24 09:35:53 +0800 2012			3482483179692923	3482483179692923				3482483179692923	0			0	<a href=" rel="nofollow">iPhone客户端</a>	豆腐渣工程！这是人祸！			1618031204	00	3482482097419062	1397724386797
2319380-	0		0	Tue Mar 11 17:18:15 +0800 2014			3686986290206763	3686986290206763				3686986290206763	0			1	<a href=" rel="nofollow">微博 weibo.com</a>	@张晓蕊rry2 //@电影集结号: 他就像一杯陈年美酒			1618031204	00	3686611713347127	1397724386798
2319381-	0		1	Sun Jul 15 01:34:25 +0800 2012			3467866495881326	3467866495881326				3467866495881326	0			0	<a href=" rel="nofollow">iPhone客户端</a>	生快[蛋糕]你不是剪短发了吧？			1618031204	00	3467863035459031	1397724386799
2319382-	0		1	Thu Mar 14 19:50:55 +0800 2013			3555840302875839	3555840302875839				3555840302875839	0			1	<a href=" rel="nofollow">iPhone客户端</a>	继各种油和各种移动后[衰][衰] //@写字李华良:尾大不调 //@卓卓李:注册资金10360亿元人民币//@朱琼华交运物流观察: 巨型国企诞生了。			1618031204	00	3555834472413943	1397724386799
2319383-	0		17	Wed Oct 03 11:18:32 +0800 2012			3497004527224138	3497004527224138				3497004527224138	0			0	<a href=" rel="nofollow">iPhone客户端</a>	 @张晓蕊rry2 @靓靓happiness			1618031204	00	3497004103838474	1397724386800
2319384-	0		0	Fri Jul 06 08:57:52 +0800 2012			3464716611120190	3464716611120190				3464716611120190	0			1	<a href=" rel="nofollow">iPhone客户端</a>	[good] //@三宝杨轶:我一直追求的新闻理想[思考] //@移动de城堡:差距已是百年 //@杨锦麟:转发微博			1618031204	00	3464482774549717	1397724386801
2319385-	0		0	Thu Jul 25 23:48:11 +0800 2013			3604097611618788	3604097611618788				3604097611618788	0			0	<a href=" rel="nofollow">iPad客户端</a>	最讨厌这种没公德心的开车的[弱][弱][弱] //@人民日报: 有时，文明只是慢一点。[good]//@金昌交警黄萍: 雨天行车慢一点，行经行人身边再慢一点。			1618031204	00	3604070655291646	1397724386802
2319386-	0		0	Tue May 14 07:55:40 +0800 2013		type:Pointcoordinates:#39.90302#116.41602	3577765964098559	3577765964098559				3577765964098559	0			0	<a href=" rel="nofollow">iPhone客户端</a>	今天医院排队体检，再次领教了中国人的＂排队＂文化。有些人就是可以无视门口已经排起的队伍，门一开呼啦啦往里拥。于是早起从队中排到了队尾[汗][汗][汗][汗][汗][汗] 我在这里:			1618031204	00	0	1397724386802
2319387-	0		0	Mon Jun 24 21:37:29 +0800 2013			3592830683938518	3592830683938518				3592830683938518	0			0	<a href=" rel="nofollow">iPhone客户端</a>	 @索南彭措2012  //@经典英文语录:收藏~[鼓掌]			1618031204	00	3592667798001484	1397724386803
2319388-	0		1	Mon Dec 10 18:54:13 +0800 2012			3521761582472144	3521761582472144				3521761582472144	0			0	<a href=" rel="nofollow">微博 weibo.com</a>	过了这么多年，才“甜蜜蜜”了？看甜蜜蜜的时候真心希望他俩就是一对儿啊。@苏铂			1618031204	00	3521759497950810	1397724386804
2319389-	0		3	Tue Nov 12 18:13:41 +0800 2013			3643876092990009	3643876092990009				3643876092990009	0			0	<a href=" rel="nofollow">Android客户端</a>	好幸运！[花心][花心]//@纤丝鸟服饰官方微博:恭喜这些小伙伴！获得纤丝鸟倾城热恋薄暖衣一套！@多啦的旋转世界 @ bien2010 @茉莉香片1982 @淡蓝色水滴YOYO @胖头熊OO @三个小巫 @记者刘小格 @不在我身边2008 @早睡早起还要吃早饭 @钢铁萌萌_Ryan 请在11月14日前尽快将地址私信给我们			1618031204	00	3641007054609869	1397724386804
2319390-	0		3	Sun Jul 15 19:14:59 +0800 2012			3468133408976371	3468133408976371				3468133408976371	0		#	0	<a href=" rel="nofollow">iPhone客户端</a>	安静候场中[爱你]			1618031204	00	0	1397724386805
2319391-	0		0	Tue Jun 04 18:49:26 +0800 2013			3585540634802287	3585540634802287				3585540634802287	0			0	<a href=" rel="nofollow">微博 weibo.com</a>	童年我奶奶成天做的菜啊，好怀念啊，好怀念！			1618031204	00	3585539540255919	1397724386806
2319392-	0		0	Tue Mar 05 22:15:58 +0800 2013			3552615315099137	3552615315099137				3552615315099137	0			2	<a href=" rel="nofollow">iPad客户端</a>	禽兽不如的法盲，就算没人性了也得懂盗窃罪和故意杀人罪不是一个重量级的吧[怒][怒] //@毛大庆: 道德伦丧！ //@上善若水12926:宝宝可怜，妈妈更痛[泪][泪][泪][泪]			1618031204	00	3552603222623599	1397724386807
2319393-	0		1	Thu Nov 22 09:50:29 +0800 2012			3515101762500830	3515101762500830				3515101762500830	0			1	<a href=" rel="nofollow">iPhone客户端</a>	 @索南彭措2012			1618031204	00	3515099891401551	1397724386807
2319394-	0		1	Fri Mar 08 10:03:46 +0800 2013			3553518214573218	3553518214573218				3553518214573218	0			0	<a href=" rel="nofollow">iPhone客户端</a>	这人领奖的时候得带着钢盔去吧[衰][衰] //@小五在路上:@小四其实是小宇 @老牛跟牛顿什么关系 赶紧			1618031204	00	3553509506950106	1397724386808
2319395-	0		0	Fri Feb 08 22:59:07 +0800 2013			3543566485487221	3543566485487221				3543566485487221	0		#	0	<a href=" rel="nofollow">蚂蜂窝旅行</a>	交成绩单啦，各位蜂蜂晚安。新的一年更快乐(#赞)(#赞)(#赞)【 @嗡嗡官方微博）			1618031204	00	0	1397724386809
2319396-	0		0	Sat Sep 15 14:02:44 +0800 2012			3490522872403294	3490522872403294				3490522872403294	0			0	<a href=" rel="nofollow">iPhone客户端</a>	我们那是相当明智滴[哈哈][哈哈] //@靓靓happiness:[偷笑]出国就还好~是吧？@茉莉香片1982 @张晓蕊rry2			1618031204	00	3490462562472456	1397724386809
2319397-	0		1	Tue Aug 28 18:38:48 +0800 2012			3484069360528993	3484069360528993				3484069360528993	0			0	<a href=" rel="nofollow">微博 weibo.com</a>	[泪]估计他也坐船去了[泪]//@陈晓守: [蜡烛] //@迷乐弥勒:陶伟是少见的高水平足球解说员，正如上帝需要迈克尔?杰克逊，需要乔布斯一样，新赛季开始了，上帝需要陶伟去陪他看球品球。			1618031204	00	3483975231993748	1397724386810
2319398-	0		0	Tue Mar 11 17:18:15 +0800 2014			3686986290206763	3686986290206763				3686986290206763	0			1	<a href=" rel="nofollow">微博 weibo.com</a>	@张晓蕊rry2 //@电影集结号: 他就像一杯陈年美酒			1618031204	00	3686611713347127	1397724386811
2319399-	0		0	Mon Apr 15 00:11:20 +0800 2013			3567139862685768	3567139862685768				3567139862685768	0			0	<a href=" rel="nofollow">iPad客户端</a>	想念成都[馋嘴][馋嘴][馋嘴]			1618031204	00	3566002560727007	1397724386811
2319400-	0		5	Sat Sep 15 12:27:42 +0800 2012			3490498948133224	3490498948133224				3490498948133224	0			1	<a href=" rel="nofollow">iPhone客户端</a>	[右哼哼][左哼哼] 你的团里的啊。//@张晓蕊rry2:谁家滴美女驴			1618031204	00	3490497497125741	1397724386812
2319401-	0		0	Tue Jul 10 23:40:20 +0800 2012			3466388239121240	3466388239121240				3466388239121240	0		#	0	<a href=" rel="nofollow">蚂蜂窝旅行</a>	#带着微博去旅行#旅行是生命的养料，我刚刚下载了蚂蜂窝【西塘（第八版）】#攻略路书#。旅游出行，攻略在手，行程无忧！你准备去哪里旅行呢？[疑问]快来看看吧！[围观]  (@蚂蜂窝旅游攻略)			1618031204	00	0	1397724386813
2319402-	0		0	Fri Jul 19 17:08:13 +0800 2013			3601822616787280	3601822616787280				3601822616787280	0			0	<a href=" rel="nofollow">iPad客户端</a>	好漂亮的宝贝。妈妈一定要好起来[good][good] //@全球婚礼: 这样好的妈妈，一定会健康起来的，你还要看三个女儿结婚呢！大家一起转起来，祝福这位妈妈！[心]			1618031204	00	3601784536342049	1397724386814
2319403-	0		0	Thu Aug 23 09:33:14 +0800 2012			3482120125096037	3482120125096037				3482120125096037	0		#	4	<a href=" rel="nofollow">分享按钮</a>	#杜莎，嫁给我！#一个月时间能做什么？让46个国家的369张明信片跨越六大洲，行程119万公里绕地球29圈！这些李鹏都做到了，让我们一起祝福他们吧！ @天蝎座李背包 @水瓶座杜小胖     （分享自 @蚂蜂窝旅游攻略）			1618031204	00	0	1397724386814
2319404-	1		0	Sat Aug 31 12:59:59 +0800 2013			3617342825527375	3617342825527375				3617342825527375	0			1	<a href=" rel="nofollow">iPhone客户端</a>	看看去//@翡翠玉石水晶大全:活动只到9月2日哦！看中的直接淘宝价打八折，机不可失，9月2日后恢复原价，不接受议价！已经有很多朋友下手了，不要错过难得的好机会！淘宝店链接（请直接复制链接至地址栏打开）：fc008.taobao.com 也可以直接在淘宝搜店名：名博珠宝。			1618031204	00	3617009470215102	1397724386815
2319405-	0		4	Sat May 25 08:56:06 +0800 2013		type:Pointcoordinates:#44.982635#126.031944	3581767439214623	3581767439214623				3581767439214623	0		#	1	<a href=" rel="nofollow">iPhone客户端</a>	我们寝室的幺姑娘出嫁了[爱你]@sisi0606 一定要幸福呀[爱你][爱你] 我在:			1618031204	00	0	1397724386816
2319406-	0		0	Thu Jul 18 10:55:56 +0800 2013			3601366541114097	3601366541114097				3601366541114097	0			3	<a href=" rel="nofollow">iPhone客户端</a>	[怒][怒] 本来打算买九牧的，那买啥好[晕][晕]@索南彭措2012 //@张大伟113:操，我党真好。			1618031204	00	3601361222016913	1397724386817
2319407-	0		0	Sun Nov 25 01:04:10 +0800 2012			3516056469759000	3516056469759000				3516056469759000	0			1	<a href=" rel="nofollow">iPhone客户端</a>	//@写字李华良://@蒋泥://@韩志国: 人人都想移民美国？			1618031204	00	3515574619579982	1397724386817
2319408-	0		2	Thu Jun 14 19:24:34 +0800 2012			3456901779875906	3456901779875906				3456901779875906	0			1	<a href=" rel="nofollow">微博 weibo.com</a>	我还没回家[泪][泪]			1618031204	00	3456891114429925	1397724386818
2319409-	0		0	Tue Jun 19 10:32:19 +0800 2012		type:Pointcoordinates:#39.922363#116.43474	3458579778702911	3458579778702911				3458579778702911	0			0	<a href=" rel="nofollow">iPhone客户端</a>	二环上纹丝不动啊。到底怎么了嘛怎么了嘛[泪][泪] 			1618031204	00	0	1397724386818
2319410-	0		4	Mon Jun 10 18:34:55 +0800 2013			3587711312629469	3587711312629469				3587711312629469	0		#	0	<a href=" rel="nofollow">蚂蜂窝旅行</a>	不容易啊想吃个饭，前面还有八十多桌(#晕)(#晕)(#晕)(#晕)@嗡嗡官方微博 分享自绍兴N30°，E120.6°>>>			1618031204	00	0	1397724386819
2319411-	0		5	Mon Oct 01 08:10:16 +0800 2012			3496232368567658	3496232368567658				3496232368567658	0			0	<a href=" rel="nofollow">iPhone客户端</a>	她是最慢的一个[怒][怒] //@太多人叫张宁:[哈哈] //@张晓蕊rry2:快吃，赶紧走了			1618031204	00	3496227797167258	1397724386820
2319412-	0		3	Tue Apr 16 20:40:06 +0800 2013			3567811479850858	3567811479850858				3567811479850858	0			0	<a href=" rel="nofollow">iPad客户端</a>	mark			1618031204	00	3567627827992810	1397724386821
2319413-	0		1	Sun Jun 24 11:29:06 +0800 2012			3460406012127975	3460406012127975				3460406012127975	0			0	<a href=" rel="nofollow">iPhone客户端</a>	哈哈哈@soleil___			1618031204	00	3460405823348770	1397724386821
2319414-	0		1	Tue Dec 04 16:28:59 +0800 2012			3519550693414615	3519550693414615				3519550693414615	0			0	<a href=" rel="nofollow">iPhone客户端</a>	美剧＜国土安全＞里提到这家酒店了，我错过的美岸呀，肝儿疼！			1213679240	00	3519548260986427	1397724389461
2319415-	0		2	Tue Jan 31 10:23:26 +0800 2012			3407843245833731	3407843245833731				3407843245833731	0			0	<a href=" rel="nofollow">微博 weibo.com</a>	华丽丽呀 //@小丸子她姐: @慕春彦 你的范儿			1213679240	00	3407840515859027	1397724389461
2319416-	0		1	Wed Jul 13 12:14:36 +0800 2011			14311875496	14311875496				5628685535695102686	0		#	0	<a href=" rel="nofollow">iPhone客户端</a>	在机场吃一碗地道的札幌拉面，心满意足地打道回府啦			1213679240	00	0	1397724389462
2319417-	0		4	Sun Jul 29 17:28:38 +0800 2012			3473180066760555	3473180066760555				3473180066760555	0		#	1	<a href=" rel="nofollow">iPhone客户端</a>	 @潘闻涛Technicolor @吉信信 快来领你们的暖房礼物，画框的尺寸算错了，只好把黑狗狗的屁股切掉了，汗。。。			1213679240	00	0	1397724389462
2319418-	0		0	Wed Feb 01 16:02:03 +0800 2012			3408290844796218	3408290844796218				3408290844796218	0			0	<a href=" rel="nofollow">iPad客户端</a>	好帅呀			1213679240	00	3408290316305401	1397724389462
2319419-	0		9	Tue Jan 31 22:51:40 +0800 2012			3408031541268458	3408031541268458				3408031541268458	0		#	1	<a href=" rel="nofollow">iPhone客户端</a>	 @HeyTanya 看来不睡笼子也能睡着，哈哈 @胖潘 @急信信 看我们家有新小朋友来过夜			1213679240	00	0	1397724389463
2319420-	0		2	Sun Nov 13 10:45:28 +0800 2011			3379220143468758	3379220143468758				3379220143468758	0		#	0	<a href=" rel="nofollow">iPhone客户端</a>	今天的阳光酷毙了呀，一定要出去走走才像话！			1213679240	00	0	1397724389463
2319421-	0		2	Sun Jul 24 13:43:52 +0800 2011			15178011414	15178011414				3338677598363706	0		#	10	<a href=" rel="nofollow">微博 weibo.com</a>	埋了也要挖出来，再对比一下98年德国高铁事故之后，《国家地理》杂志专门制作了一集专题节目，基本重现事故现场。 			1213679240	00	0	1397724389463
2319422-	0		3	Thu Sep 06 18:36:10 +0800 2012			3487330184604364	3487330184604364				3487330184604364	0			0	<a href=" rel="nofollow">iPhone客户端</a>	回复@花而:去了做了挨个尝了，拿到证书毕业啦！ //@花而:很关心，他们早上去市场了吗？[哈哈]			1213679240	00	3487281870554669	1397724389464
2319423-	0		0	Thu Aug 09 22:07:38 +0800 2012			3477236541646153	3477236541646153				3477236541646153	0			0	<a href=" rel="nofollow">微博 weibo.com</a>	这个线路不错，相信很多美女都向往//@ReneeZhang: 这个有兴趣，看秀[花心] //@王�Tracy:挺动的[爱你] //@windsurf:巴黎时装周，美女们都心动了吧？			1213679240	00	3477190441835505	1397724389464
2319424-	0		4	Mon Oct 31 23:19:43 +0800 2011			3374698914499112	3374698914499112				3374698914499112	0			0	<a href=" rel="nofollow">微博 weibo.com</a>	越发地饿了//@老夏逛菜场：长白街往南走到头过桥//@Rebecca影: [花心]快快~上地址~~ 大晚上口水流一地了！[黑线]罪过啊！			1213679240	00	3374695435073006	1397724389464
2319425-	0		1	Mon Aug 20 11:33:01 +0800 2012			3481063102194181	3481063102194181				3481063102194181	0			1	<a href=" rel="nofollow">iPhone客户端</a>	偶记得酒庄途中遇见的草泥马[飞机][飞机] //@李潇Shawn:不得不提起 那次醉人的南澳自驾之旅，边喝边穿梭在各大酒庄之间 一路被酒香 田园美景所包围 时而还会因发现神兽而兴奋，同学们 还记得你们自调的美酒的味道么？@红伶 @走进新西兰 @苏丹NO1 @�珲  //@迟蕾bettychi:@李潇Shawn			1213679240	00	3478595647376102	1397724389464
2319426-	0		15	Sun Aug 12 18:32:31 +0800 2012			3478269569104522	3478269569104522				3478269569104522	0		#	4	<a href=" rel="nofollow">iPhone客户端</a>	三里屯北小街买菜途中，惊见一气质花店，推门进去店主竟是多年未见的朋友，捧回如此美妙一束花，欣喜了一路@FloraTimes创意花店 @猴小猴儿 @HeyTanya  推荐给你@米亚2012 帅哥店主的花艺品位相当赞！			1213679240	00	0	1397724389465
2319427-	0		1	Fri Sep 02 16:45:03 +0800 2011			3353218709732798	3353218709732798				3353218709732798	0			0	<a href=" rel="nofollow">iPhone客户端</a>	偶尔能享受地做一期 //@郭小懒:刚刚 @洛坑儿先生  还说，生活和工作应该分开，但要都是自己喜欢的，合在一起也没什么不好。[可爱]			1213679240	00	3353214179460806	1397724389465
2319428-	0		0	Sat Aug 27 14:38:17 +0800 2011			3351012480228150	3351012480228150				3351012480228150	0			0	<a href=" rel="nofollow">iPhone客户端</a>	看过这些后一切都是浮云鸟 //@米亚2012:《下水道人鱼》，嗯，这个名字就胜了！！！// @SilviaMeng ：哈哈，惊为神作，你简直是惊为天人呀！ // @秋静vivian :每看过困惑的浪漫，我对不起重口味姐的名号啊！话说最近看了《残杀炼狱》，觉得概念远远超过这些哦，一开始很闷，看到后半段，惊为神作！！//			1213679240	00	3350720813734669	1397724389465
2319429-	0		5	Tue Nov 01 13:35:03 +0800 2011			3374914166689644	3374914166689644				3374914166689644	0		#	0	<a href=" rel="nofollow">iPhone客户端</a>	今天的outfit，出门发现下雨了，穿个裙子容易么我			1213679240	00	0	1397724389466
2319430-	0		0	Sun Jul 24 12:13:37 +0800 2011			15170631356	15170631356				3338654888235782	0			0	<a href=" rel="nofollow">iPad客户端</a>	等啊~~			1213679240	00	15100332214	1397724389466
2319431-	0		12	Wed Sep 19 19:58:46 +0800 2012			3492062013996535	3492062013996535				3492062013996535	0		#	0	<a href=" rel="nofollow">iPhone客户端</a>	上海进贤路靠近茂名路的地方有一溜上海菜家常菜小馆，位置三五张，常常排队，手艺不错。。。			1213679240	00	0	1397724389466
2319432-	0		2	Sat Jul 02 23:45:21 +0800 2011			13498481802	13498481802				5624781603528532525	0			2	<a href=" rel="nofollow">iPhone客户端</a>	我也正要去migas拍片呢//@小雨cathy:三里屯的西班牙餐厅migas露台很梦幻，有种后现代的感觉// @秋静vivian :卡慕的露台很不错，大隐貌似也开了露天的//  @SaraxStyle  ：丽都花园的WISH梧桐，或者华彬费尔蒙那边的  @法国卡慕世家酒廊  ，现代建筑+露天花园，看看合不合适哦~			1213679240	00	13475264634	1397724389467
2319433-	0		3	Wed Jul 04 04:22:00 +0800 2012			3463922403749769	3463922403749769				3463922403749769	0			0	<a href=" rel="nofollow">iPhone客户端</a>	挖，回忆又泛滥了地说			1213679240	00	3463860222612317	1397724389467
2319434-	0		3	Sun Mar 11 09:13:57 +0800 2012			3422321266222460	3422321266222460				3422321266222460	0			0	<a href=" rel="nofollow">iPhone客户端</a>	太2了，昨天跑去壁球馆没预约，还事先吃了两粒左旋肉碱，没打上球还得找地儿消化药丸子@HeyTanya			1213679240	00	0	1397724389467
2319435-	0		2	Thu Dec 22 22:05:34 +0800 2011			3393524424346754	3393524424346754				3393524424346754	0			0	<a href=" rel="nofollow">微博 weibo.com</a>	@HeyTanya 我们牵着你家狗狗去逛市集吧？			1213679240	00	3393151291250024	1397724389468
2319436-	0		3	Tue Jan 15 00:38:41 +0800 2013			3534531833142799	3534531833142799				3534531833142799	0		#	0	<a href=" rel="nofollow">微博 weibo.com</a>	发张剧照，解个馋。。。			1213679240	00	0	1397724389468
2319437-	0		0	Fri Sep 02 16:44:00 +0800 2011			3353218445154396	3353218445154396				3353218445154396	0			1	<a href=" rel="nofollow">iPhone客户端</a>	Mark先，有空试下 //@陈雨星-精品购物指南:有试过的吗 // @牛颖惠 :管用吗 //  @源平影武者  :无			1213679240	00	3353139915347707	1397724389468
2319438-	0		9	Sun Aug 19 01:12:30 +0800 2012			3480544555613326	3480544555613326				3480544555613326	0			3	<a href=" rel="nofollow">微博 weibo.com</a>	@大头斯基 推荐的新闻编辑室太好看了！这周末就靠它了。。。@吕岩哲			1213679240	00	0	1397724389468
2319439-	0		0	Sun Apr 15 17:29:16 +0800 2012			3435129495687403	3435129495687403				3435129495687403	0			0	<a href=" rel="nofollow">iPad客户端</a>	哈哈，相当期待你家玉兰树哇！			1213679240	00	3434823421451928	1397724389469
2319440-	0		4	Wed Oct 24 11:26:47 +0800 2012			3504616753208823	3504616753208823				3504616753208823	0			4	<a href=" rel="nofollow">微博 weibo.com</a>	欢迎亲们收看10月号 @李黎黎LT@独臂老宋@陈小怪@红伶@��小��@AIKI大�姐@我是何宣诺@旅游专家-高平@安大略省旅游局微博@加拿大旅游局 @我是何宣诺			1213679240	00	3504615562018259	1397724389469
2319441-	0		11	Sat May 26 15:51:22 +0800 2012			3449962761267211	3449962761267211				3449962761267211	0		#	0	<a href=" rel="nofollow">微博 weibo.com</a>	屁股上好端端挨了一刀，所以只能做一些站着做的事，比如切个土豆丝什么的，不知道大家有没有同感，烹饪可以让人轻松转移注意力。。。			1213679240	00	0	1397724389469
2319442-	0		2	Thu Apr 07 17:58:31 +0800 2011			8794263302	8794263302				201110407145066612	0			3	<a href=" rel="nofollow">iPhone客户端</a>	第一排绿的那个//@何小晨:倒数第二排的正中 // @钱环宇 :最后一排靠窗			1213679240	00	8645791693	1397724389470
2319443-	0		7	Mon Aug 20 20:24:03 +0800 2012			3481196752925474	3481196752925474				3481196752925474	0			1	<a href=" rel="nofollow">iPhone客户端</a>	想去看卡塞尔文献展啊啊啊，赐我一个9月结束前去欧洲的机会吧吧吧。。。			1213679240	00	3481114364958373	1397724389470
2319444-	0		1	Sun Nov 13 10:35:55 +0800 2011			3379217741545481	3379217741545481				3379217741545481	0			0	<a href=" rel="nofollow">iPad客户端</a>	我爹带我去看电影，能把睡着的我放大梁上毫发无损地带回来//@牙碜妞儿:我爷爷骑车都这样带我 每次坐后车架每次都把脚卷进车轱辘里 每一次... 哎 真不知道我是怎么健全活到这么大的 而且脚还是完整的 老爹骑车 我都是坐前头大梁上的 这辈子到死也忘不了冬天他骑车送我去幼儿园的情景 那段儿路太难骑 可			1213679240	00	3379012575948169	1397724389470
2319445-	0		1	Sun Nov 06 20:43:28 +0800 2011			3376833920463215	3376833920463215				3376833920463215	0		#	1	<a href=" rel="nofollow">iPhone客户端</a>	雨花小汤圆[花心]			1213679240	00	0	1397724389471
2319446-	0		0	Fri Sep 23 14:18:03 +0800 2011			3360791860424211	3360791860424211				3360791860424211	0			0	<a href=" rel="nofollow">微博 weibo.com</a>	真不错！//@陈倩冰：//@yyjam: 太棒了			1213679240	00	3360411635714479	1397724389545
2319447-	0		2	Fri Jul 06 13:16:17 +0800 2012			3464781636080753	3464781636080753				3464781636080753	0			0	<a href=" rel="nofollow">iPhone客户端</a>	火了火了			1213679240	00	3464780033945401	1397724389546
2319448-	0		10	Sat Sep 08 19:36:08 +0800 2012			3488070047262241	3488070047262241				3488070047262241	0			0	<a href=" rel="nofollow">iPhone客户端</a>	在书虫翻杂志，旁边一群妇女对着另一个妇女轮番教诲，我翻了五本杂志终于搞明白，这位姐姐被某男当了备胎，纠缠多年也无果，跑来求助姐妹们，其中一位说：你就该对他说，你再不给我一个结果咱们就永不联络了。。。。说实话我觉得这建议有点不靠谱。。。。我实话我也觉得自己有点八卦。。。。			1213679240	00	0	1397724389546
2319449-	0		0	Mon Aug 20 23:21:32 +0800 2012			3481241401485281	3481241401485281				3481241401485281	0			0	<a href=" rel="nofollow">iPhone客户端</a>	一边恨嫁一边扩散 //@何小晨:老王的婚纱视频，太美了，不适合恨嫁的姑娘们看！@红伶   //@alexwang王培沂:求扩散，哈哈！			1213679240	00	3481193775201639	1397724389547
2319450-	0		7	Sun Aug 07 23:04:28 +0800 2011			3343892110020700	3343892110020700				3343892110020700	0			0	<a href=" rel="nofollow">iPad客户端</a>	在后门看到一群粉在等安叔出来，我也打了个酱油，跟保安瞎逗闷子，保安说一女的哭的，啧啧！就是你吧？[哈哈]			1213679240	00	3343872391347797	1397724389547
2319451-	0		13	Mon Oct 22 17:56:37 +0800 2012			3503990073597713	3503990073597713				3503990073597713	0		#	7	<a href=" rel="nofollow">iPhone客户端</a>	妹妹拣的准妈妈流浪狗生了，欢迎领养，这个是老五，小小白，长得像妈妈			1213679240	00	0	1397724389547
2319452-	0		0	Thu Jun 30 15:34:00 +0800 2011			13322186708	13322186708				5623912813419360210	0			0	<a href=" rel="nofollow">微博 weibo.com</a>	转发微博。			1213679240	00	13321450430	1397724389548
2319453-	0		1	Sat Sep 08 19:02:01 +0800 2012			3488061465754467	3488061465754467				3488061465754467	0			0	<a href=" rel="nofollow">iPhone客户端</a>	回复@红伶:[偷笑] //@红伶:就假装我们过得很好。。。			1213679240	00	3488041501147421	1397724389548
2319454-	0		0	Tue Feb 14 10:07:44 +0800 2012			3412912716887934	3412912716887934				3412912716887934	0			0	<a href=" rel="nofollow">iPhone客户端</a>	你的片子真是百看不厌呀！			1213679240	00	3412909478125598	1397724389548
2319455-	0		2	Fri Sep 16 09:15:58 +0800 2011			3358179124430888	3358179124430888				3358179124430888	0		#	1	<a href=" rel="nofollow">豆瓣的分享</a>	推荐一部大叔萝莉配的电影，小演员是导演蒂尔 施威格的女儿，萌呆了！电影《红酒烩鸡 Kokow??h》 (来自豆瓣)  			1213679240	00	0	1397724389549
2319456-	0		0	Thu Mar 17 03:35:56 +0800 2011			7612550907	7612550907				231110317162273102	0			0	<a href=" rel="nofollow">iPhone客户端</a>	发灾难财的全都拉出去砍了！ //@米小�:[弱]			1213679240	00	7611440885	1397724389549
2319457-	0		3	Mon Jul 02 10:57:59 +0800 2012			3463297284466651	3463297284466651				3463297284466651	0		#	2	<a href=" rel="nofollow">iPhone客户端</a>	同志们奔放滴大游行			1213679240	00	0	1397724389549
2319458-	0		2	Tue Jul 05 19:16:19 +0800 2011			13701938069	13701938069				2111107055163109	0			0	<a href=" rel="nofollow">iPad客户端</a>	@棉袜子，看，我姐们给你做广告呢：）			1213679240	00	13701224822	1397724389550
2319459-	0		1	Thu Nov 03 17:53:28 +0800 2011			3375703976602037	3375703976602037				3375703976602037	0			1	<a href=" rel="nofollow">微博 weibo.com</a>	学习并且求关注//@玩家传播的黄磊: 向领导学习!@黄庄老王			1213679240	00	3375692025559371	1397724389550
2319460-	0		0	Mon Dec 19 10:32:41 +0800 2011			3392262891053881	3392262891053881				3392262891053881	0			1	<a href=" rel="nofollow">微博 weibo.com</a>	#牛肉汉堡# 在美国，一只好牛肉汉堡可以卖到20美金，有人问说，不就是牛肉汉堡么，再好能好到哪里去！这问题不需要过多解说，一口下去，你就知道答案了，这一口里，包涵了：牛肉的鲜嫩、汤汁的浓郁、黑胡椒的香气、洋葱的完美配合……总之，思乡的美国人吃到这样一口之后，就顿时觉得自己到家了。			1213679240	00	0	1397724389550
2319461-	0		5	Mon Jun 25 20:57:09 +0800 2012			3460911349650965	3460911349650965				3460911349650965	0		#	0	<a href=" rel="nofollow">微博 weibo.com</a>	看了一集Jamie at home，想做饭的心顿时又决堤了，木有时间啊木有时间，所以攒个十天八天情绪吧，来一个培根西葫芦奶酪面。。。谁报名试吃。。。。。			1213679240	00	0	1397724389551
2319462-	0		0	Fri Jul 01 20:59:19 +0800 2011			13417211562	13417211562				5624367731883183633	0			0	<a href=" rel="nofollow">iPhone客户端</a>	吃完了才发现介鱼做得挺美哒			1213679240	00	13416780940	1397724389551
2319463-	0		0	Mon Jul 25 22:40:07 +0800 2011			15310841112	15310841112				3339174937662628	0			0	<a href=" rel="nofollow">iPhone客户端</a>	让铁盗部的人来玩吧，反正我不玩了			1213679240	00	15310376680	1397724389551
2319464-	0		2	Tue Aug 07 23:07:44 +0800 2012			3476526890469583	3476526890469583				3476526890469583	0			0	<a href=" rel="nofollow">iPhone客户端</a>	荷兰飞人太眩了，笑容也很甜美呀。。。			1213679240	00	0	1397724389551
2319465-	0		1	Thu Jul 12 17:05:04 +0800 2012			3467013546851383	3467013546851383				3467013546851383	0			0	<a href=" rel="nofollow">iPhone客户端</a>	在现场也要转起来			1213679240	00	3467008035546551	1397724389552
2319466-	0		1	Mon Sep 03 16:12:20 +0800 2012			3486206833188340	3486206833188340				3486206833188340	0		#	0	<a href=" rel="nofollow">微博 weibo.com</a>	“Are you waiting for someone important?”当我拎着我的照相机站在Yorkville街头时,有N个人经过我时都这么问,搞得我一头雾水,我长得很像狗仔队么?还是今天是什么重要日子?直到我把这条街区都转透了之后,我才明白过来,原来,这片高尚街区是名流们的热衷地,尤其是多伦多电影节期间,处处可见大明星的身影			1213679240	00	0	1397724389552
2319467-	0		4	Wed Aug 31 00:29:33 +0800 2011			3352248440756044	3352248440756044				3352248440756044	0			2	<a href=" rel="nofollow">微博 weibo.com</a>	#深夜发吃的小组# 饿！//@秋静vivian：马克@恶魔晓西 明晚去试试？			1213679240	00	3352109085019692	1397724389552
2319468-	0		0	Tue Nov 15 19:47:52 +0800 2011			3380081419339209	3380081419339209				3380081419339209	0			0	<a href=" rel="nofollow">iPhone客户端</a>	我要喝！			1213679240	00	3380080321830193	1397724389553
2319469-	0		0	Mon Dec 26 23:31:27 +0800 2011			3394995585694954	3394995585694954				3394995585694954	0			0	<a href=" rel="nofollow">微博 weibo.com</a>	这个节目！算一条不？@陈雨星-精品购物指南 @小米表姐 //@何小晨: 强烈要求咱集团今年有这个节目！振臂呼吁啊！@赵跃红 @张书新 @黄庄老王 @张瑰宝 //@史焱bazaar: 哈哈哈笑岔气!终于知道了什么叫扇子舞！			1213679240	00	3392244642034202	1397724389553
2319470-	0		3	Tue Dec 06 21:15:38 +0800 2011			3387713656837118	3387713656837118				3387713656837118	0			0	<a href=" rel="nofollow">微博 weibo.com</a>	小时候看他们的爱情好遥远好虚幻，现在看一点也不。。。			1213679240	00	3387611488357403	1397724389553
2319471-	0		0	Tue Mar 13 20:02:47 +0800 2012			3423209339055275	3423209339055275				3423209339055275	0			1	<a href=" rel="nofollow">iPhone客户端</a>	 @米亚2012 @OppositeHouse_瑜舍 @Sureno			1213679240	00	3423153143902744	1397724389553
2319472-	0		2	Thu Sep 06 11:17:36 +0800 2012			3487219820047243	3487219820047243				3487219820047243	0			0	<a href=" rel="nofollow">iPhone客户端</a>	要开始做了，好鸡冻 //@卷心菜大姐大:���最后清补凉收场			1213679240	00	3487217253497959	1397724389554
2319473-	0		1	Sat Mar 24 16:39:45 +0800 2012			3427144501861401	3427144501861401				3427144501861401	0			0	<a href=" rel="nofollow">iPhone客户端</a>	哇，这店在哪，我正要买死飞			1213679240	00	3427136088230528	1397724389554
2319474-	0		11	Thu Oct 04 20:37:01 +0800 2012			3497507458324143	3497507458324143				3497507458324143	0		#	0	<a href=" rel="nofollow">iPhone客户端</a>	分享图片			1213679240	00	0	1397724389554
2319475-	0		0	Tue Apr 10 19:30:43 +0800 2012			3433348120973353	3433348120973353				3433348120973353	0			0	<a href=" rel="nofollow">iPhone客户端</a>	Mark以及推荐给大家			1213679240	00	3433338473881936	1397724389555
2319476-	0		0	Fri Oct 26 21:51:00 +0800 2012			3505498621550756	3505498621550756				3505498621550756	0			0	<a href=" rel="nofollow">iPhone客户端</a>	挖，这个好有爱 //@星空间掌柜:泡杯热茶 //@星空间_StarGallery: 让Vogue陪伴每一个美妙的周末吧 //@Vogue服饰与美容:@星空间_StarGallery 艺术家@烟囱yancong 为#Vogue120周年#创作的插画贺卡童趣十足~[嘻嘻]			1213679240	00	3505440442472523	1397724389555
2319477-	0		3	Tue Jan 10 13:48:52 +0800 2012			3400284794425671	3400284794425671				3400284794425671	0		#	3	<a href=" rel="nofollow">iPhone客户端</a>	@精品杨磊 我终于来你推荐的地儿了，两个人可以点这么多好高兴呀。 @老燕子_YU @老夏逛菜场 @眉不扬 你们一定瞧不上南京大排档吧，但是这是北京最正宗的南京小吃啦！			1213679240	00	0	1397724389556
2319478-	0		0	Sat Jun 11 19:12:19 +0800 2011			12133649208	12133649208				5616918454885117094	0		#	0	<a href=" rel="nofollow">iPhone客户端</a>	@李丹妮 @田晓龙   新婚快乐！最爱的婚礼场景，爸爸携女儿出场~~~			1213679240	00	0	1397724389556
2319479-	0		0	Sat Mar 31 00:31:48 +0800 2012			3429437637340986	3429437637340986				3429437637340986	0			1	<a href=" rel="nofollow">iPhone客户端</a>	红通通一片真热闹，简直是这一趟的最好形容！ //@吕岩哲:本来我是龙虾红，被你修成关公红了。哈哈。			1213679240	00	3429405785629907	1397724389556
2319480-	0		11	Fri Oct 05 18:42:15 +0800 2012			3497840963998494	3497840963998494				3497840963998494	0		#	4	<a href=" rel="nofollow">iPhone客户端</a>	灰常代表这几天的心情，以及这个月、下个月的心情。。。			1213679240	00	0	1397724389557
2319481-	0		6	Thu Sep 06 14:54:04 +0800 2012			3487274291741126	3487274291741126				3487274291741126	0			0	<a href=" rel="nofollow">iPhone客户端</a>	学泰餐太有成就感了！			1213679240	00	3487272077445557	1397724389557
2319482-	0		3	Wed Nov 30 21:52:02 +0800 2011			3385548485495721	3385548485495721				3385548485495721	0			0	<a href=" rel="nofollow">微博 weibo.com</a>	赞同“浪”是一大课题，@精品杨磊 看，我今天夸你是“浪”风格你还说我损你。。。			1213679240	00	3385547737613879	1397724389557
2319483-	0		5	Wed Nov 30 01:55:31 +0800 2011			3385247372613455	3385247372613455				3385247372613455	0			0	<a href=" rel="nofollow">微博 weibo.com</a>	some people looked so cool, but, they are not cool at all.			1213679240	00	0	1397724389558
2319484-	0		0	Tue Oct 16 10:25:36 +0800 2012			3501702252566459	3501702252566459				3501702252566459	0			3	<a href=" rel="nofollow">iPhone客户端</a>	 @老燕子_YU 黄小鸭求比赛			1213679240	00	3501484522531411	1397724389558
2319485-	0		0	Wed Nov 30 01:15:30 +0800 2011			3385237300910246	3385237300910246				3385237300910246	0			0	<a href=" rel="nofollow">iPhone客户端</a>	佩服，一直笑着真蛮累的 //@张书新:是金子放哪儿都发光！电影都批准公映了，还封杀，没理可讲！  //@李艾:中国男人的标准，自家女人不能露，别人家的女人怎么露都行...对吗？   //@黄健翔   : 有些事很奇怪：艳照门事件后封杀陈冠希，女人没事；色戒之后封杀汤唯，男人没事。你说这到底是啥标准？ //			1213679240	00	3385172600524569	1397724389558
2319486-	0		0	Mon Jul 25 13:03:06 +0800 2011			15262185388	15262185388				3339029727632142	0			0	<a href=" rel="nofollow">投票</a>	我参与了投票【大家相信动车遇难人数只有35人吗？】　 　投给"不相信" 这1个选项			1213679240	00	0	1397724389559
2319487-	0		0	Sun Apr 03 02:12:55 +0800 2011			8546050209	8546050209				20111040345693485	0		#	0	<a href=" rel="nofollow">微博 weibo.com</a>	说实话，清明和五一都是一个鸡肋的假期，去哪里都不可以，还不如在家慢一拍工作：顶多睡到太阳晒屁股，慢吞吞煮一杯咖啡、剪个鸡蛋，然后开机。所以，只好拿旧照出来意淫一下，何时才能在陌生的街头漫步或是熟悉的沙滩躺下~~~			1213679240	00	0	1397724389559
2319488-	2		4	Tue Nov 12 19:47:46 +0800 2013		type:Pointcoordinates:#39.901585#116.40146	3643899770291272	3643899770291272				3643899770291272	0		#	7	<a href=" rel="nofollow">iPhone客户端</a>	#Vogue百期之夜# @LoveGold Ready to start！ 我在:			1213679240	00	0	1397724389559
2319489-	0		0	Tue Nov 20 10:08:02 +0800 2012			3514381398246955	3514381398246955				3514381398246955	0			2	<a href=" rel="nofollow">iPhone客户端</a>	挖塞，mark必须的 //@Cosmo毕婧:呀！ Lets go!  //@先生聂心�:哎呀！西班牙！！！早！！！[太阳][太阳][太阳]			1213679240	00	3514321092558943	1397724389560
2319490-	0		6	Thu Nov 10 16:00:49 +0800 2011			3378212342132024	3378212342132024				3378212342132024	0			2	<a href=" rel="nofollow">微博 weibo.com</a>	原来。。。戴着面具生活要容易得多。。。			1213679240	00	0	1397724389560
2319491-	0		2	Fri Aug 12 17:30:04 +0800 2011			3345619892856705	3345619892856705				3345619892856705	0			2	<a href=" rel="nofollow">微博 weibo.com</a>	这是两个美国小伙儿留在希腊开的书店，地址：圣托里尼伊亚镇 opposite the town hall on the main square，T.K. 84702 Kyklades Greece 电话：+30 22860 72346			1213679240	00	3343010047470897	1397724389560
2319492-	0		6	Wed Apr 06 16:49:48 +0800 2011			8746354606	8746354606				201110406120730601	0			2	<a href=" rel="nofollow">iPhone客户端</a>	本来要搞一系列的，有空继续玩~			1213679240	00	8739998954	1397724389560
2319493-	0		0	Fri Dec 02 01:09:54 +0800 2011			3385960668762970	3385960668762970				3385960668762970	0			0	<a href=" rel="nofollow">微博 weibo.com</a>	苦B的摩羯//@我不是杜鹃: 摩羯座就是很苦逼啊。。。@灰太狼额灰太狼额 @程�			1213679240	00	3385931820384131	1397724389561
2319494-	0		1	Thu Nov 10 22:15:46 +0800 2011			3378306701653456	3378306701653456				3378306701653456	0		#	1	<a href=" rel="nofollow">微博 weibo.com</a>	@HeyTanya 午夜巴黎这片儿真不怎么地，只能看看怎样都美的巴黎，对了，还有一个软弱的男人可以看。要我说，男人是种不健全的动物，姐妹们要团结起来才好。			1213679240	00	0	1397724389561
2319495-	0		4	Sun Mar 18 12:46:20 +0800 2012			3424911433705677	3424911433705677				3424911433705677	0		#	1	<a href=" rel="nofollow">iPhone客户端</a>	#Work hard, party harder# 什么公车party嘛，简直是pee party，一票人被公车拉着满城转悠，酒不错，路线也不坏，就是没有设计厕所停车站，直到所有人都喊着要尿尿，为司机大哥汗一个...			1213679240	00	0	1397724389561
2319496-	0		11	Fri Sep 21 15:18:34 +0800 2012			3492716275424717	3492716275424717				3492716275424717	0			0	<a href=" rel="nofollow">iPhone客户端</a>	MB腰疼去捏了下，好像被性骚了，捏完投诉了一下让技师注意距离，MB还是还是不爽，为什么不当场换人，MB我太善良了。。。而且我发现我今年的运气好像用完了。。。			1213679240	00	0	1397724389562
2319497-	0		1	Fri Nov 18 00:01:46 +0800 2011			3380870092067972	3380870092067972				3380870092067972	0			0	<a href=" rel="nofollow">微博 weibo.com</a>	回复@何小晨:别呀，时尚还是很有搞头的，至少这个行业在中国还在蒸蒸日上。 //@何小晨:回复@红伶:驴粪蛋儿，都是。			1213679240	00	3380868284297912	1397724389562
2319498-	0		0	Wed Aug 08 00:27:59 +0800 2012			3476547086198282	3476547086198282				3476547086198282	0			0	<a href=" rel="nofollow">iPhone客户端</a>	 @小丸子她姐 当年你怎么不在鸟巢那哭！//@牙碜妞儿: @红伶 你看啦 就是这个			1213679240	00	3476526366441699	1397724389562
2319499-	0		0	Sat Jan 28 08:44:35 +0800 2012			3406731206065772	3406731206065772				3406731206065772	0			0	<a href=" rel="nofollow">iPhone客户端</a>	勾起我的马戏团情结！ //@大蒙特利尔旅游天地:咱魁北克的传奇故事啊			1213679240	00	3406626227133526	1397724389563
2319500-	0		0	Sun Jan 06 11:18:52 +0800 2013			3531431454097976	3531431454097976				3531431454097976	0			0	<a href=" rel="nofollow">iPad客户端</a>	回复@何小晨:咱一起变老，我跟那谁谁一起欢闹//@何小晨:@红伶 咱俩适合一起变老！[爱你][爱你][爱你]			1213679240	00	3531424755470122	1397724389563
2319501-	0		1	Thu Aug 16 08:28:10 +0800 2012			3479567031067912	3479567031067912				3479567031067912	0			0	<a href=" rel="nofollow">iPhone客户端</a>	原版人马，期待 //@阿富汗奸细:《杀手没有假期》导演的新片			1213679240	00	3479458575340159	1397724389563
2319502-	0		2	Thu May 12 12:50:40 +0800 2011			10520421016	10520421016				5605687549191935799	0			0	<a href=" rel="nofollow">微博 weibo.com</a>	超级方便地说			1213679240	00	10453450135	1397724389563
2319503-	0		0	Mon May 30 10:17:55 +0800 2011			11409632864	11409632864				5612327718953482968	0			0	<a href=" rel="nofollow">微博 weibo.com</a>	收了			1213679240	00	11409542574	1397724389564
2319504-	0		2	Mon May 28 22:36:13 +0800 2012			3450789433362981	3450789433362981				3450789433362981	0			0	<a href=" rel="nofollow">iPhone客户端</a>	回复@Qq_Dream_In_Heart:看到徽州的毛豆腐了，口水流一地。。＜舌尖＞的某些配乐有久石让的风范那，赞！ //@Qq_Dream_In_Heart:回复 @红伶:嗯嗯 闻起来臭 吃起来那个香呀！			1213679240	00	3450781778372349	1397724389564
2319505-	0		0	Tue May 24 00:14:07 +0800 2011			11107457393	11107457393				21111052441055	0			1	<a href=" rel="nofollow">iPad客户端</a>	转发微博			1213679240	00	11098762467	1397724389564
2319506-	0		5	Tue Sep 11 20:24:10 +0800 2012			3489169311635903	3489169311635903				3489169311635903	0		#	2	<a href=" rel="nofollow">iPhone客户端</a>	你们错过了这道＂粒粒鲍鱼泡饭＂，荡气回肠的高潮，哈哈哈@阿仝木 @杀死明天 @主持人汪洋 @吕岩哲 @方方猪的幸福生活 @LoveChanel_Jiang			1213679240	00	0	1397724389564
2319507-	0		0	Fri Mar 11 19:54:34 +0800 2011			7371764009	7371764009				20111031145482374	0			1	<a href=" rel="nofollow">iPhone客户端</a>	转发：在日华人请告诉回不了家的朋友们到这些地方免费取暖过夜：御茶之水／明治大学Liberty tower，新宿／高岛屋Times square，池袋／立教大学11号楼和14号楼，JP滨松／滨松市中区田町万年桥Park building7F，品川王子酒店。			1213679240	00	0	1397724389565
2319508-	0		0	Thu Jun 09 18:39:20 +0800 2011			12036181763	12036181763				2111106093443517	0			0	<a href=" rel="nofollow">iPad客户端</a>	转发微博			1213679240	00	12035469071	1397724389565
2319509-	0		7	Mon Aug 20 20:24:03 +0800 2012			3481196752925474	3481196752925474				3481196752925474	0			1	<a href=" rel="nofollow">iPhone客户端</a>	想去看卡塞尔文献展啊啊啊，赐我一个9月结束前去欧洲的机会吧吧吧。。。			1213679240	00	3481114364958373	1397724389565
2319510-	0		1	Thu Jul 19 21:29:51 +0800 2012			3469616888044113	3469616888044113				3469616888044113	0			0	<a href=" rel="nofollow">iPhone客户端</a>	喜欢这一组！			1213679240	00	3469608600081709	1397724389566
2319511-	0		12	Wed Sep 19 19:58:46 +0800 2012			3492062013996535	3492062013996535				3492062013996535	0		#	0	<a href=" rel="nofollow">iPhone客户端</a>	上海进贤路靠近茂名路的地方有一溜上海菜家常菜小馆，位置三五张，常常排队，手艺不错。。。			1213679240	00	0	1397724389566
2319512-	0		3	Thu Dec 15 18:39:16 +0800 2011			3390935790925189	3390935790925189				3390935790925189	0			8	<a href=" rel="nofollow">iPhone客户端</a>	经过了3点睡，8点发版的最后一场洗礼之后，我们的2011乐活盛典活动就算正式地、圆满地、不带一丝遗憾地完成了，大家真的辛苦了！@棉袜子 @牙碜妞儿 @佳境 @陈雨星-精品购物指南			1213679240	00	0	1397724389566
2319513-	0		8	Thu Mar 01 14:09:50 +0800 2012			3418771853157903	3418771853157903				3418771853157903	0		#	0	<a href=" rel="nofollow">iPhone客户端</a>	临时办公桌（二）			1213679240	00	0	1397724389567
2319514-	0		4	Thu Sep 22 10:41:10 +0800 2011			3360374892718063	3360374892718063				3360374892718063	0			0	<a href=" rel="nofollow">iPhone客户端</a>	#夜跑族# 夜跑day10,左旋肉碱改吃一粒了,吃两粒跑完巨饿,不吃夜宵睡不着那种饿。@flydutch @高宝贵 @小涛 @舞之猫 @行走的声音@胡奕 @绽放_M @浅染小凉 @雨天娃娃Rain @闲人小皓 @莲子的帘子 @杨小P @sunfish @小新朵朵 @禾和蓝子 @美伢姐姐烤红薯 @唐小鳄 @祝小青 @西瓜妹kk @海堂熊二了			1213679240	00	0	1397724389567
2319515-	0		2	Thu Aug 25 15:58:26 +0800 2011			3350307875213713	3350307875213713				3350307875213713	0			0	<a href=" rel="nofollow">iPhone客户端</a>	非常感谢我的海外作者摄影们@Vintage1968古董包店 @wendywang234 @笑嘻嘻刘宝 也请市集所在的各地旅游局看过来@法国旅游局齐勇 @西班牙国家旅游局 @纽约旅游局中国代表处 @英国旅游局  @旧金山旅游局			1213679240	00	3350300295526544	1397724389567
2319516-	0		0	Thu Apr 05 15:29:55 +0800 2012			3431475582001776	3431475582001776				3431475582001776	0			0	<a href=" rel="nofollow">微博 weibo.com</a>	漂漂，想要！			1213679240	00	3431468061825762	1397724389568
2319517-	0		0	Wed Apr 11 09:29:27 +0800 2012			3433559195280149	3433559195280149				3433559195280149	0			2	<a href=" rel="nofollow">iPhone客户端</a>	强烈推荐这本＂每个女孩都会因一个带毒汁的闺蜜一夜长大＂			1213679240	00	3431502333449687	1397724389568
2319518-	0		5	Thu Sep 01 18:01:39 +0800 2011			3352875598252902	3352875598252902				3352875598252902	0		#	0	<a href=" rel="nofollow">iPhone客户端</a>	一只天鹅天然呆[可怜]			1213679240	00	0	1397724389568
2319519-	0		1	Sun Jul 24 23:33:55 +0800 2011			15224609738	15224609738				3338826089438679	0			3	<a href=" rel="nofollow">微博 weibo.com</a>	还直播个屁呀，不如跟春晚一样排演吧//@张书新：直播了个开头！			1213679240	00	15223975762	1397724389569
2319520-	0		4	Thu Oct 04 18:23:30 +0800 2012			3497473857374382	3497473857374382				3497473857374382	0			0	<a href=" rel="nofollow">iPhone客户端</a>	就这样喝个茶，喝个咖灰喝到7号，才叫放假嘛			1213679240	00	3497472439975110	1397724389569
2319521-	0		4	Sat Aug 11 20:58:09 +0800 2012			3477943831308979	3477943831308979				3477943831308979	0		#	0	<a href=" rel="nofollow">iPhone客户端</a>	我继续真心悔过。。。@何小晨			1213679240	00	0	1397724389569
2319522-	0		13	Sat Oct 22 10:14:13 +0800 2011			3371239745870630	3371239745870630				3371239745870630	0			0	<a href=" rel="nofollow">iPhone客户端</a>	哇噻，终于等来了，喜欢死了			1213679240	00	3371099989849387	1397724389570
2319523-	0		18	Thu Oct 04 14:01:52 +0800 2012			3497408019120760	3497408019120760				3497408019120760	0		#	4	<a href=" rel="nofollow">iPhone客户端</a>	读书好地方@何小晨 @猴小猴儿			1213679240	00	0	1397724389570
2319524-	0		3	Wed Dec 28 16:25:19 +0800 2011			3395613125257658	3395613125257658				3395613125257658	0			2	<a href=" rel="nofollow">微博 weibo.com</a>	天雷滚滚//@一文不�: //@罗永浩可爱多 :[呵呵]			1213679240	00	3395521236112150	1397724389570
2319525-	0		0	Thu Dec 08 12:36:03 +0800 2011			3388307671084404	3388307671084404				3388307671084404	0			0	<a href=" rel="nofollow">微博 weibo.com</a>	恐怖片场景那！			1213679240	00	3388304429036937	1397724389571
2319526-	0		1	Mon Jun 20 13:39:12 +0800 2011			12671299164	12671299164				5620172377945113443	0			1	<a href=" rel="nofollow">微博 weibo.com</a>	美的//@火星人的小窝：我必须承认我流口水了[抱抱] //@棉袜子：//@全球时尚：说的好，婚姻是给一个女人最大的承诺。。。			1213679240	00	12642861721	1397724389571
2319527-	0		2	Mon Jul 02 23:20:24 +0800 2012			3463484124020263	3463484124020263				3463484124020263	0		#	4	<a href=" rel="nofollow">iPhone客户端</a>	love is the answer。。。			1213679240	00	0	1397724389572
2319528-	0		1	Sat Apr 02 13:22:17 +0800 2011			8504143161	8504143161				20111040230457193	0		#	1	<a href=" rel="nofollow">iPhone客户端</a>	黄瓜汁，哦也，抄之！			1213679240	00	0	1397724389572
2319529-	0		6	Fri Mar 30 15:02:08 +0800 2012			3429294267200764	3429294267200764				3429294267200764	0		#	1	<a href=" rel="nofollow">iPhone客户端</a>	另外半��！@文盲柚子 @方方猪的幸福生活 @阿仝木 @红伶 @杀死明天 @吕岩哲 @刘震MAX @主持人汪洋			1213679240	00	0	1397724389572
2319530-	0		1	Sat Apr 16 18:17:08 +0800 2011			9212239990	9212239990				201110416353789878	0			2	<a href=" rel="nofollow">iPhone客户端</a>	酒呢，我要酒！！！ //@秋静vivian: @恶魔晓西   @OOGAD   @红伶   @GungHoPizza    @DannyChing   @刘炫   @闪闪发亮的猪  @			1213679240	00	9211887876	1397724389572
2319531-	0		0	Fri Feb 17 12:49:50 +0800 2012			3414040678519004	3414040678519004				3414040678519004	0			0	<a href=" rel="nofollow">微博 weibo.com</a>	My hero!Anthony Bourdain!八卦一条：他不会用巴黎老式烤箱。			1213679240	00	3414024454398914	1397724389573
2319532-	0		0	Sat Jul 30 17:00:32 +0800 2011			15680455348	15680455348				3340901418585618	0		#	1	<a href=" rel="nofollow">豆瓣的分享</a>	神经喜剧神马的最好玩了，这片的故事基本就是那个时代的潮流，但是分寸把握得很好。电影《淑女伊芙 The Lady Eve》 (来自豆瓣)  			1213679240	00	0	1397724389573
2319533-	0		2	Wed Dec 05 15:46:34 +0800 2012			3519902411533639	3519902411533639				3519902411533639	0			2	<a href=" rel="nofollow">iPhone客户端</a>	alex亮了火了苏格兰了			1213679240	00	3519894383412180	1397724389573
2319534-	0		2	Mon Dec 19 10:42:52 +0800 2011			3392265453849629	3392265453849629				3392265453849629	0			0	<a href=" rel="nofollow">微博 weibo.com</a>	好吃的牛肉饼绝对不是在烤架上煎出来的，而是在平板煎烧盘上，一只大小适中圆饼状的牛肉饼被放到平板上之后就开始散发香气以及吐露汁液，大厨会警告你说：千万不要去按它，它的汁液由上至下流出，还会被由下及上吸入，这才是牛肉汉堡的精华所在。			1213679240	00	3392262891053881	1397724389574
2319535-	0		9	Wed Jan 09 15:55:25 +0800 2013			3532588213696072	3532588213696072				3532588213696072	0		#	1	<a href=" rel="nofollow">微博 weibo.com</a>	章子怡又回来了。宗师的造型太赞了。。。			1213679240	00	0	1397724389574
2319536-	0		21	Fri Sep 21 00:02:46 +0800 2012			3492485805948094	3492485805948094				3492485805948094	0			1	<a href=" rel="nofollow">iPhone客户端</a>	IPad落在飞机的布袋子里了，打了国航电话，说3-5工作日给答复。。还能找到么。。。			1213679240	00	0	1397724389574
2319537-	0		3	Fri Mar 11 18:52:23 +0800 2011			7368681541	7368681541				22111031143849864	0		#	0	<a href=" rel="nofollow">iPhone客户端</a>	周末的菜...好久不下厨...生疏...			1213679240	00	0	1397724389575
2319538-	0		2	Mon Sep 19 16:54:05 +0800 2011			3359381576312078	3359381576312078				3359381576312078	0			2	<a href=" rel="nofollow">微博 weibo.com</a>	@精品杨磊 说为什么这样的好事偶都赶不上。			1213679240	00	3359351054846127	1397724389575
2319539-	0		0	Thu Aug 04 22:59:26 +0800 2011			3342803675281533	3342803675281533				3342803675281533	0			0	<a href=" rel="nofollow">iPad客户端</a>	bon voyage！			1213679240	00	3342753803023770	1397724389575
2319540-	0		8	Thu Jan 26 02:56:14 +0800 2012			3405918760997204	3405918760997204				3405918760997204	0		#	1	<a href=" rel="nofollow">iPhone客户端</a>	 @HeyTanya 你推荐的俄罗斯红唇膏，我已经收入啦，好喜欢呀！			1213679240	00	0	1397724389576
2319541-	0		0	Thu Feb 16 17:24:16 +0800 2012			3413747354183121	3413747354183121				3413747354183121	0			1	<a href=" rel="nofollow">iPhone客户端</a>	 @剑辰Jansword			1213679240	00	3413744883782390	1397724389576
2319542-	0		0	Thu Sep 01 16:04:26 +0800 2011			3352846100054573	3352846100054573				3352846100054573	0			0	<a href=" rel="nofollow">iPhone客户端</a>	我的理解是肚子大看不见			1213679240	00	3352843872408434	1397724389576
2319543-	0		1	Wed Jun 27 13:39:33 +0800 2012			3461525999978856	3461525999978856				3461525999978856	0			2	<a href=" rel="nofollow">iPhone客户端</a>	离我好近，可惜不在@眉不扬 @HeyTanya //@北京有机农夫市集:来周日的市集淘新鲜蔬菜哦[cai开心]//@蒲公英农社: 蒲公英农社参加周日市集。我们会带去：1，黄瓜茄子西红柿油豆角辣椒冬瓜等，及各种叶菜，均为7元/斤； 2，小包装套餐30元/份。3，新鲜的头茬甜糯玉米，4元/个。[嘻嘻]			1213679240	00	3461288875339475	1397724389576
2319544-	0		5	Mon Dec 17 16:29:31 +0800 2012			3524261870673741	3524261870673741				3524261870673741	0			0	<a href=" rel="nofollow">微博 weibo.com</a>	相当末日啊！			1213679240	00	3524254806965352	1397724389577
2319545-	0		0	Mon Jul 25 09:24:44 +0800 2011			15242514280	15242514280				3338974773296013	0			0	<a href=" rel="nofollow">iPhone客户端</a>	//@廖敏Maggie:看原文下面的评论			1213679240	00	15239597016	1397724389577
2319546-	0		2	Tue Nov 15 19:19:04 +0800 2011			3380074170715574	3380074170715574				3380074170715574	0		#	1	<a href=" rel="nofollow">iPhone客户端</a>	喜欢深色，看起来稳重一点的餐具，比如这种，来自英国wedgwood			1213679240	00	0	1397724389577
2319547-	0		4	Sun Feb 05 21:16:51 +0800 2012			3409819614913992	3409819614913992				3409819614913992	0		#	1	<a href=" rel="nofollow">iPhone客户端</a>	小屁狗，也不知道是怕爆竹还是故意来卖萌，真受不鸟勒，让人家肿么写稿！@HeyTanya			1213679240	00	0	1397724389578
2319548-	0		0	Mon Feb 20 02:35:19 +0800 2012			3414973193620816	3414973193620816				3414973193620816	0			0	<a href=" rel="nofollow">微博 weibo.com</a>	We are giving you a great heart but if you drink wine you will begin to hate the world. The moon is your sister but if you take sleeping pills you will find yourself in the company of unhappy women. ――Leonard Cohen			1213679240	00	0	1397724389578
2319549-	0		0	Tue Feb 14 17:13:58 +0800 2012			3413019994532508	3413019994532508				3413019994532508	0			0	<a href=" rel="nofollow">iPhone客户端</a>	回复@YIKO3344:快去快去！ //@YIKO3344:我试试去			1213679240	00	3413014109261111	1397724389578
2319550-	0		1	Sat Apr 23 09:49:29 +0800 2011			9534361160	9534361160				5598590240296021077	0			1	<a href=" rel="nofollow">iPhone客户端</a>	小清新已然成了贬义词啦，这世界变化好快 //@张达张达:// @Zafka : @chinayouthwatch   @青年志candy  看过来			1213679240	00	9532467802	1397724389579
2319551-	0		0	Fri Jul 22 13:39:20 +0800 2011			15030827668	15030827668				3337951681575100	0		#	1	<a href=" rel="nofollow">微博 weibo.com</a>	借用海明威的句式写北海道：“在北海道，如果你吃得不够饱就会感到罪恶无比，因为不管是海鲜还是蔬菜都是一副新鲜出炉的样子，看得清形状和颜色，也闻得到食物本身的味道，就等着你来把它们赶紧吃掉。”			1213679240	00	0	1397724389579
2319552-	0		0	Wed Aug 15 23:15:26 +0800 2012			3479427931008837	3479427931008837				3479427931008837	0			0	<a href=" rel="nofollow">iPhone客户端</a>	瀑布现在是我微信的封面 //@SilviaMeng: //@陈小怪:[抱抱] //@AIKI大�姐: 怀念的 请举手@��小�� @红伶 @独臂老宋 @高小茗 @李黎黎LT @大菜微博 @陈小怪			1213679240	00	3479249803917523	1397724389579
2319553-	0		2	Thu Apr 11 21:16:17 +0800 2013			3566008645775985	3566008645775985				3566008645775985	0			0	<a href=" rel="nofollow">iPhone客户端</a>	哈哈气，我预测收回去咔嚓一刀再放出来			1213679240	00	3566006712262374	1397724389579
2319554-	0		0	Sun Jul 24 13:10:20 +0800 2011			15175247620	15175247620				3338669159410082	0			1	<a href=" rel="nofollow">微博 weibo.com</a>	赞同//@这位馒头：靠谱！//@wendywang234：靠谱//@顾晨曦Echo：bravo //@莫厚切：//@广煜guangyu：靠谱，要么安全，要么锄奸。。			1213679240	00	15161986356	1397724389580
2319555-	0		8	Tue Jan 15 11:16:16 +0800 2013			3534692294888857	3534692294888857				3534692294888857	0		#	0	<a href=" rel="nofollow">iPhone客户端</a>	公司前台传来一阵小提琴声，大家一致以为是求婚，我们是有多恨嫁[汗]			1213679240	00	0	1397724389580
2319556-	0		3	Tue Jun 19 22:15:13 +0800 2012			3458756668654555	3458756668654555				3458756668654555	0		#	2	<a href=" rel="nofollow">iPhone客户端</a>	上来赞一下德国弗兰肯地区的白葡萄酒，入口恬淡，却暗香浮动，装在这个产区特有的扁扁圆圆的瓶子里，满是异域风情。大爱！@德国国家旅游局 @老燕子_YU @邹拉波娃			1213679240	00	0	1397724389580
2319557-	0		3	Tue May 17 16:49:08 +0800 2011			10772833565	10772833565				5607604427456607525	0		#	6	<a href=" rel="nofollow">iPhone客户端</a>	环球乐活之旅启动仪式有很多有意思的小环节等大家来玩哦！			1213679240	00	0	1397724389581
2319558-	0		2	Thu Jul 14 21:38:57 +0800 2011			14436161898	14436161898				3335173278777742	0		#	1	<a href=" rel="nofollow">微博 weibo.com</a>	在日本最有喜感的一顿饭要数与北海道观光各部长们的那场，当@spiceuncle 暂停给@邵爷小七 和我当翻译时，我们大家多少都有点像这只虾，干瞪眼有木有，最后终于用英文加手脚让对面笑眯眯部长弄明白我们在说和服很好看。			1213679240	00	0	1397724389581
2319559-	0		2	Fri Oct 05 15:01:00 +0800 2012			3497785284782712	3497785284782712				3497785284782712	0		#	0	<a href=" rel="nofollow">iPhone客户端</a>	分享图片			1213679240	00	0	1397724389581
2319560-	0		0	Mon Aug 22 09:44:53 +0800 2011			3349126704759194	3349126704759194				3349126704759194	0			0	<a href=" rel="nofollow">iPhone客户端</a>	拼命喝水的人伤不起//@德尔芬娜:// @旖旎BOA ://  @全球热门伤不起  ：喜欢叫你喝水滴男银，伤不起啊。。[偷笑]			1213679240	00	3348926581764484	1397724389582
2319561-	0		6	Thu Sep 01 12:37:03 +0800 2011			3352793910250455	3352793910250455				3352793910250455	0		#	0	<a href=" rel="nofollow">iPhone客户端</a>	遇见一只坐在门口等主人办事的狗狗，每个人路过都忍不住摸摸他赞一句：真乖！			1213679240	00	0	1397724389582
2319562-	0		1	Sat Apr 30 15:49:00 +0800 2011			9880056873	9880056873				2111104302236111	0			0	<a href=" rel="nofollow">iPad客户端</a>	转发微博			1213679240	00	9874371883	1397724389582
2319563-	0		13	Tue Nov 29 23:08:12 +0800 2011			3385205264544329	3385205264544329				3385205264544329	0		#	0	<a href=" rel="nofollow">iPhone客户端</a>	从明天起我换这个造型，喜闻乐见不？			1213679240	00	0	1397724389583
2319564-	0		0	Sun Aug 07 23:43:12 +0800 2011			3343901856289479	3343901856289479				3343901856289479	0		#	0	<a href=" rel="nofollow">豆瓣的分享</a>	睡前幸福地看个Kiss me,stupid,比利怀尔德就此被我看光，留个纪念。电影《红唇相吻 Kiss Me, Stupid》 (来自豆瓣)  			1213679240	00	0	1397724389583
2319565-	0		2	Tue May 10 23:29:55 +0800 2011			10438241057	10438241057				5605110112151129561	0			1	<a href=" rel="nofollow">微博 weibo.com</a>	Me tooooo,不过不是这里也，是莫奈花园满眼的绿			1213679240	00	10434897765	1397724389583
2319566-	0		11	Tue Sep 06 10:36:09 +0800 2011			3354575424014378	3354575424014378				3354575424014378	0		#	2	<a href=" rel="nofollow">微博 weibo.com</a>	分享美图一张，也请大家猜猜看这是哪里：）			1213679240	00	0	1397724389584
2319567-	0		3	Wed May 11 00:44:03 +0800 2011			10441644453	10441644453				211110511136089	0			0	<a href=" rel="nofollow">iPad客户端</a>	美的！			1213679240	00	10431111539	1397724389584
2319568-	0		0	Sun Mar 11 09:06:22 +0800 2012			3422319362062376	3422319362062376				3422319362062376	0			1	<a href=" rel="nofollow">iPhone客户端</a>	9是，照片都没得，哪有动力 //@猴小猴儿:没照片是关键  //@刘小鲜:肾上腺素，永远是marketing的好佐料。			1213679240	00	3422026113025221	1397724389584
2319569-	0		1	Mon Jun 24 09:34:30 +0800 2013		type:Pointcoordinates:#39.97406#116.42968	3592648738465090	3592648738465090				3592648738465090	0		#	1	<a href=" rel="nofollow">iPhone客户端</a>	#Vogue对话Victoria# 敬请期待＜Vogue服饰与美容>主编Angelica与＂时尚辣妈＂Victoria Beckham精彩对话 我在这里:			1213679240	00	0	1397724389585
2319570-	0		2	Tue Sep 06 03:00:41 +0800 2011			3354460802445144	3354460802445144				3354460802445144	0			0	<a href=" rel="nofollow">iPhone客户端</a>	这个点儿睡醒了，够拧巴的，读首诗看看：轻轻地走，她就在近旁，积雪的下面，轻轻地说，雏菊的生长，她能够听见。她的头发虽曾一片金黄，已光泽全无，她呀虽然年轻又漂亮，却归于尘土。她像洁白如雪的百合，甜美地成长，她还不知道她已是个成年好姑娘......王尔德＜安魂曲＞			1213679240	00	0	1397724389585
2319571-	0		0	Fri Apr 15 14:50:49 +0800 2011			9172724148	9172724148				201110415327302189	0			0	<a href=" rel="nofollow">iPhone客户端</a>	又困又饿，当模特zen不容易			1213679240	00	9172542977	1397724389585
2319572-	0		0	Thu Sep 01 20:42:42 +0800 2011			3352916128480292	3352916128480292				3352916128480292	0			0	<a href=" rel="nofollow">iPhone客户端</a>	鼠标！ //@郭小懒:荷兰猪！ // @趴屋顶的猫 :  @郭小懒   你看着是兔子还是老鼠//  @Tina-L滴溜de麻麻  ：嗷嗷嗷！真拉轰啊！！太口耐了[爱你]			1213679240	00	3352872070768404	1397724389586
2319573-	0		0	Sat Jul 14 19:21:03 +0800 2012			3467772535325287	3467772535325287				3467772535325287	0		#	0	<a href=" rel="nofollow">iPhone客户端</a>	这个画面8错，挺鼓舞。。。			1213679240	00	0	1397724389586
2319574-	0		0	Thu Sep 22 10:29:01 +0800 2011			3360371834729853	3360371834729853				3360371834729853	0			0	<a href=" rel="nofollow">iPhone客户端</a>	我接来过渡吧，其实雪纳瑞是很随遇而安的一类狗，个人觉得是很容易接纳新主人的类型。			1213679240	00	3360348262749833	1397724389586
2319575-	0		3	Wed Aug 08 09:31:54 +0800 2012			3476683971221469	3476683971221469				3476683971221469	0		#	0	<a href=" rel="nofollow">iPhone客户端</a>	清晨收到小铁盒jamie，这一天必须高兴了！			1213679240	00	0	1397724389587
2319576-	0		5	Tue Sep 11 20:24:10 +0800 2012			3489169311635903	3489169311635903				3489169311635903	0		#	2	<a href=" rel="nofollow">iPhone客户端</a>	你们错过了这道＂粒粒鲍鱼泡饭＂，荡气回肠的高潮，哈哈哈@阿仝木 @杀死明天 @主持人汪洋 @吕岩哲 @方方猪的幸福生活 @LoveChanel_Jiang			1213679240	00	0	1397724389587
2319577-	0		0	Tue Feb 07 17:22:52 +0800 2012			3410485519170646	3410485519170646				3410485519170646	0			0	<a href=" rel="nofollow">微博 weibo.com</a>	回复@红伶:：） //@红伶:赞之，繁忙但是很整洁的市场			1213679240	00	3410474748349747	1397724389587
2319578-	0		0	Mon Jul 25 16:36:09 +0800 2011			15280313610	15280313610				3339083342947633	0			2	<a href=" rel="nofollow">微博 weibo.com</a>	死神之耙//@剑气追风：//@冈冈起霸:// @老衲衣 ：// @张悦823 ：// @孙学涛 ：不转不行。			1213679240	00	15203403302	1397724389588
2319579-	0		0	Wed Jul 27 13:09:13 +0800 2011			15442264888	15442264888				3339756042393081	0			1	<a href=" rel="nofollow">iPhone客户端</a>	苦中作乐 //@上海天马大叔:中国特色的幽默[哈哈] // @上海广播电视台陆兰婷 : 这个段子有意思/[哈哈] / @阳光的昕明 ：消息准确，赏！ // @RTS张早 : 够逗的~呵呵			1213679240	00	15441206680	1397724389588
2319580-	0		5	Thu May 17 16:42:52 +0800 2012			3446714230889024	3446714230889024				3446714230889024	0			1	<a href=" rel="nofollow">微博 weibo.com</a>	我打去他们医院找他，从声音里听出医生差点从办公室的椅子上弹起来：你怎么找到我的，突然想起来是办公室，于是换了个声音说：我在看病，等下打给你。 后来我们叙了叙旧。The end。。。			1213679240	00	3446713278744873	1397724389588
2319581-	0		9	Mon Sep 03 16:25:46 +0800 2012			3486210205331439	3486210205331439				3486210205331439	0			0	<a href=" rel="nofollow">微博 weibo.com</a>	悲催了，名字被搞错，没赶上飞机，机场耗一天，连吃两顿机场饭那！！！不说了。。擦把泪继续写稿。。。			1213679240	00	0	1397724389588
2319582-	0		2	Thu Oct 04 23:54:44 +0800 2012			3497557227529018	3497557227529018				3497557227529018	0		#	1	<a href=" rel="nofollow">iPhone客户端</a>	洱海骑行遇见蜘蛛侠，台湾腔小哥手中买到好看手链，在patio搭上另一对摩羯双子姑娘，掐指一算，大理之行才过去三天，像是过了一礼拜，这一趟，充电满格啦@蔚南之莹 @大理Patio			1213679240	00	0	1397724389589
2319583-	0		0	Thu Apr 28 11:36:32 +0800 2011			9764788624	9764788624				5600473252574788297	0			0	<a href=" rel="nofollow">iPhone客户端</a>	同感，所以尽量手记了都 //@德尔芬娜:没错，我也有这种困扰，陌生的让人害怕			1213679240	00	9759798422	1397724389589
2319584-	0		1	Thu Jun 09 00:08:47 +0800 2011			11995944792	11995944792				5615881598238591162	0		#	0	<a href=" rel="nofollow">微博 weibo.com</a>	假期里看了这部阴霾重重的电影，2个半小时候的影片充满了死亡、离异、生存的挣扎，巴塞罗那这样一座眼光明媚的城在这个基调下也变得抑郁无比，中国演员成泰�在里面露了一小脸。片子是不错啦，可是还是建议没事不要看了，看完好郁闷的。			1213679240	00	0	1397724389589
2319585-	0		8	Fri Sep 30 13:57:30 +0800 2011			3363323404866187	3363323404866187				3363323404866187	0		#	1	<a href=" rel="nofollow">iPhone客户端</a>	桂花雨			1213679240	00	0	1397724389590
2319586-	0		1	Wed Jun 29 10:22:31 +0800 2011			13229557578	13229557578				5623461459599354264	0			3	<a href=" rel="nofollow">微博 weibo.com</a>	猫也是有脾气哒//@关于历历：.			1213679240	00	13225458590	1397724389590
2319587-	0		0	Sat Apr 30 13:24:40 +0800 2011			9874150013	9874150013				2111104301777117	0			0	<a href=" rel="nofollow">iPad客户端</a>	好萌的大猫			1213679240	00	9873555155	1397724389590
2319588-	0		0	Sat Nov 24 11:21:52 +0800 2012			3515849526241398	3515849526241398				3515849526241398	0			0	<a href=" rel="nofollow">iPhone客户端</a>	厉害呀！想起当年凯文科斯纳拍＜未来水世界＞因为没有办法特效解决海上拍摄，只能真拍，拍到破产。。			1213679240	00	3515845340520198	1397724389591
2319589-	0		1	Wed Jul 27 01:39:32 +0800 2011			15417157285	15417157285				3339582479250427	0			2	<a href=" rel="nofollow">iPad客户端</a>	转发微博			1213679240	00	15416664574	1397724389591
2319590-	0		2	Sun Aug 12 23:47:48 +0800 2012			3478348912821510	3478348912821510				3478348912821510	0			0	<a href=" rel="nofollow">微博 weibo.com</a>	您继续清净，中年男子。。。			1213679240	00	3478342945064625	1397724389591
2319591-	0		0	Fri Oct 26 21:51:00 +0800 2012			3505498621550756	3505498621550756				3505498621550756	0			0	<a href=" rel="nofollow">iPhone客户端</a>	挖，这个好有爱 //@星空间掌柜:泡杯热茶 //@星空间_StarGallery: 让Vogue陪伴每一个美妙的周末吧 //@Vogue服饰与美容:@星空间_StarGallery 艺术家@烟囱yancong 为#Vogue120周年#创作的插画贺卡童趣十足~[嘻嘻]			1213679240	00	3505440442472523	1397724389595
2319592-	0		2	Sun Sep 25 15:34:12 +0800 2011			3361535800721022	3361535800721022				3361535800721022	0		#	0	<a href=" rel="nofollow">iPhone客户端</a>	#夜跑族# 没夜跑,今天晨练了,路过三里屯,天降神物,村里在搞法国文化节,可以尝点小酒,小气地很,只给一小杯底,有点草雀巢咖啡机@小涛 @高宝贵 @胡笳继续 @舞之猫 @行走的声 @flydutch @胡奕 @绽放_M @浅染小凉 @雨天娃娃Rain @闲人小皓 @莲子的帘子 @杨小P @sunfish @小新朵朵 @唐小鳄 @祝小青 @海堂熊二			1213679240	00	0	1397724389595
2319593-	0		1	Fri Jun 24 14:11:58 +0800 2011			12892154450	12892154450				5621665162539744739	0			0	<a href=" rel="nofollow">微博 weibo.com</a>	@陈小嘎  多好的广告//@蔡康永：汉典啊，你放宽心 , 在北京待上一年半载, 我�会一边做「康熙」, 一边挂念著你的……[嘻嘻]			1213679240	00	12856372544	1397724389596
2319594-	0		1	Wed Mar 07 11:34:15 +0800 2012			3420907026818669	3420907026818669				3420907026818669	0			1	<a href=" rel="nofollow">iPhone客户端</a>	安东尼奥立刻当选最可爱旅游参赞！			1213679240	00	3420906242587941	1397724389596
2319595-	0		6	Fri Aug 17 20:52:24 +0800 2012			3480116711892790	3480116711892790				3480116711892790	0		#	0	<a href=" rel="nofollow">微博 weibo.com</a>	又发现一张希爷爷的帅照，猜我在哪里发现的？			1213679240	00	0	1397724389597
2319596-	0		11	Thu Dec 22 00:48:10 +0800 2011			3393202952686890	3393202952686890				3393202952686890	0		#	1	<a href=" rel="nofollow">iPad客户端</a>	今天做版做到阿姆斯特丹，怀念一下我当背包客那会走到那块儿，是谁说坏女孩走天下来着。。。			1213679240	00	0	1397724389597
2319597-	0		0	Sun Mar 18 13:56:23 +0800 2012			3424929062433282	3424929062433282				3424929062433282	0		#	0	<a href=" rel="nofollow">豆瓣电影</a>	想看《美国舞男》 			1213679240	00	0	1397724389597
2319598-	0		0	Sun Jan 08 12:44:32 +0800 2012			3399543828243313	3399543828243313				3399543828243313	0			0	<a href=" rel="nofollow">iPhone客户端</a>	是吧，我没想到黑色幽默和人情儿融在一起竟然能拍个狗狗片儿，赞极了			1213679240	00	3399391945615079	1397724389598
2319599-	0		6	Mon Jan 14 13:38:02 +0800 2013			3534365579805852	3534365579805852				3534365579805852	0			0	<a href=" rel="nofollow">专业版微博</a>	@潘闻涛Technicolor @吉信信 想去看不，看评论不错			1213679240	00	3534344100457254	1397724389598
2319600-	0		5	Mon Feb 20 11:51:03 +0800 2012			3415113056747321	3415113056747321				3415113056747321	0			1	<a href=" rel="nofollow">微博 weibo.com</a>	双子的聪明，往往只聪明到第一步，第二步还没有想到，话就已经脱口了，运气好的话，事事顺畅，运气不好，留下一堆烂摊子，和被他伤了的亲近的人。			1213679240	00	0	1397724389598
2319601-	0		2	Tue Feb 14 16:50:36 +0800 2012			3413014109261111	3413014109261111				3413014109261111	0		#	2	<a href=" rel="nofollow">微博 weibo.com</a>	巴黎市政府每年会在情人节前开通官网以及热线征集情话，然后在街头170块电子显示频上滚动播放，这个就是官网，现在正在滚动播放，如果你在巴黎，赶快留意一下。不知道这屏幕能不能显示中文。。。。。。 			1213679240	00	0	1397724389599
2319602-	0		2	Sat Jun 09 01:28:40 +0800 2012			3454819086309964	3454819086309964				3454819086309964	0		#	0	<a href=" rel="nofollow">iPhone客户端</a>	再见，柏林苍穹下。。。			1213679240	00	0	1397724389599
2319603-	0		7	Mon Jun 18 22:50:39 +0800 2012			3458403198016901	3458403198016901				3458403198016901	0		#	0	<a href=" rel="nofollow">iPhone客户端</a>	吹着乡愁睡去@何小晨			1213679240	00	0	1397724389599
2319604-	0		0	Wed Feb 01 09:37:12 +0800 2012			3408193998839241	3408193998839241				3408193998839241	0			0	<a href=" rel="nofollow">微博 weibo.com</a>	//@西班牙瓦伦西亚海外交流中心: 继续#洋蓟#专题！介绍一道网友推荐的#Alcachofa Cocida#水煮洋蓟.将整颗洋蓟放在开水中煮10-20分钟,水中放适量特纯初榨橄榄油和盐,要微软还要酥烂完全根据个人喜好.出锅冷却,吃之前再撒些盐,黑胡椒和特纯初榨橄榄油提味.然后就按兵不动,等别人剥出洋蓟心了,!快刀夺爱			1213679240	00	3405195080012433	1397724389600
2319605-	0		0	Tue Apr 12 10:52:06 +0800 2011			9017025097	9017025097				221110412251472922	0			0	<a href=" rel="nofollow">优酷网连接分享</a>	Google给自己做的广告，结果被巴黎旅游署直接拿来当宣传了，很好笑，算是法旅促进会的亮点...Google Commercial - Parisian Love 			1213679240	00	0	1397724389600
2319606-	0		7	Wed Apr 06 00:38:10 +0800 2011			8722408725	8722408725				201110406109735126	0		#	0	<a href=" rel="nofollow">iPhone客户端</a>	睡前发帅哥一枚，慎领，化妆品比我包里的多，出门比我磨蹭，当姐妹都嫌罗嗦，还硬要作胸口碎大石状....			1213679240	00	0	1397724389600
2319607-	0		1	Sat Aug 20 12:16:17 +0800 2011			3348440029828368	3348440029828368				3348440029828368	0			0	<a href=" rel="nofollow">iPhone客户端</a>	我们赶完集啦！			1213679240	00	3348429850237230	1397724389601
2319608-	2		4	Tue Nov 12 19:47:46 +0800 2013		type:Pointcoordinates:#39.901585#116.40146	3643899770291272	3643899770291272				3643899770291272	0		#	7	<a href=" rel="nofollow">iPhone客户端</a>	#Vogue百期之夜# @LoveGold Ready to start！ 我在:			1213679240	00	0	1397724389601
2319609-	0		0	Sun Jun 05 18:20:19 +0800 2011			11787926344	11787926344				5614678543529896608	0			0	<a href=" rel="nofollow">iPhone客户端</a>	Mark			1213679240	00	11785262568	1397724389601
2319610-	0		0	Tue Nov 20 10:08:02 +0800 2012			3514381398246955	3514381398246955				3514381398246955	0			2	<a href=" rel="nofollow">iPhone客户端</a>	挖塞，mark必须的 //@Cosmo毕婧:呀！ Lets go!  //@先生聂心�:哎呀！西班牙！！！早！！！[太阳][太阳][太阳]			1213679240	00	3514321092558943	1397724389602
2319611-	0		0	Fri Jul 29 02:15:17 +0800 2011			15557991030	15557991030				3340316250183070	0		#	0	<a href=" rel="nofollow">微博 weibo.com</a>	#马拉松日记# 今天不但照常跑了5公里，还上了一堂搏击课，蹦上蹦下的尼玛真吃不消，不过蛮好玩的，教练张了一双神气活现的小眼睛，看起来非常deja vu。回家倒头小睡到现在，不说涅，工作！@北京马拉松			1213679240	00	0	1397724389602
2319612-	0		0	Wed Jul 27 03:17:50 +0800 2011			15418962081	15418962081				3339607221698905	0			0	<a href=" rel="nofollow">iPad客户端</a>	人民还是好人民啊，只是zf不是好zf			1213679240	00	15331151757	1397724389602
2319613-	0		4	Wed Oct 24 11:26:47 +0800 2012			3504616753208823	3504616753208823				3504616753208823	0			4	<a href=" rel="nofollow">微博 weibo.com</a>	欢迎亲们收看10月号 @李黎黎LT@独臂老宋@陈小怪@红伶@��小��@AIKI大�姐@我是何宣诺@旅游专家-高平@安大略省旅游局微博@加拿大旅游局 @我是何宣诺			1213679240	00	3504615562018259	1397724389603
2319614-	0		0	Tue Mar 20 14:19:45 +0800 2012			3425659718397655	3425659718397655				3425659718397655	0			1	<a href=" rel="nofollow">iPhone客户端</a>	报名赶紧啦 //@精品乐活志:@精品购物指南 @精品网 @陈雨星-精品购物指南 @屠无穷 @新一轮冲锋 @精品杨磊 @红伶 @黑眼圈小孩 @赫�不是傲� @牙碜妞儿 @谷月			1213679240	00	3425653573274561	1397724389603
2319615-	0		2	Tue Apr 17 14:36:37 +0800 2012			3435810826978447	3435810826978447				3435810826978447	0			1	<a href=" rel="nofollow">微博 weibo.com</a>	回复@陈雨星-精品购物指南:澳洲的薰衣草的确不输给南法。 //@陈雨星-精品购物指南:@红伶 @棉袜子  //@太原国宏: 去澳洲。 //@太原国宏:去澳洲。			1213679240	00	3435779495883355	1397724389604
2319616-	0		0	Sun May 01 13:07:19 +0800 2011			9923362833	9923362833				2111105011627451	0			0	<a href=" rel="nofollow">iPad客户端</a>	mark			1213679240	00	9917302131	1397724389604
2319617-	0		5	Fri Jun 24 12:43:13 +0800 2011			12885362738	12885362738				5621642291837646828	0			1	<a href=" rel="nofollow">微博 weibo.com</a>	我承认我8卦了，有人问说，要用英语叫床吗？//@卢昊大人：@缪幻 适合你哈哈，就是不知你硬件符合要求不？[哈哈] [哈哈] [哈哈]			1213679240	00	12837662616	1397724389604
2319618-	0		0	Fri Dec 23 09:40:41 +0800 2011			3393699356815551	3393699356815551				3393699356815551	0			0	<a href=" rel="nofollow">微博 weibo.com</a>	刚知道这个叫阿尔萨斯酸菜，MS德餐里也常用到！			1213679240	00	3393692272622362	1397724389605
2319619-	0		20	Wed Jul 06 02:24:32 +0800 2011			13728523046	13728523046				5625935880453671509	0		#	7	<a href=" rel="nofollow">微博 weibo.com</a>	我从冰岛文化代表佘海福口中得知这个位于京西深山里的村庄，惊叹了！村名挺难念，爨底下村，超级想去 @棉袜子 @急信信 你们去过吗？			1213679240	00	0	1397724389605
2319620-	0		3	Thu May 10 23:39:06 +0800 2012			3444282264659546	3444282264659546				3444282264659546	0			0	<a href=" rel="nofollow">iPhone客户端</a>	＜后宫甄寰传＞观后感：在后宫里混，必须得会一门乐器，那个人大多时候听不到你们的话语，但是音乐有机会传出去，代你说句话，没准会传到他的耳朵里。。。			1213679240	00	0	1397724389605
2319621-	0		3	Mon Nov 19 19:49:26 +0800 2012			3514165320666326	3514165320666326				3514165320666326	0			2	<a href=" rel="nofollow">iPhone客户端</a>	哦吼吼吼吼 //@苏打露:原来回锅肉真是她啊→_→			1213679240	00	3514046995668038	1397724389606
2319622-	0		1	Sat Dec 03 18:37:30 +0800 2011			3386586691867950	3386586691867950				3386586691867950	0		#	0	<a href=" rel="nofollow">iPhone客户端</a>	@HeyTanya 的妖孽范and偶的哥特味			1213679240	00	0	1397724389606
2319623-	0		1	Fri Dec 02 14:09:20 +0800 2011			3386156824053421	3386156824053421				3386156824053421	0			0	<a href=" rel="nofollow">微博 weibo.com</a>	默哀，走好。			1213679240	00	3386148972201203	1397724389606
2319624-	0		0	Sun Mar 18 16:21:23 +0800 2012			3424965557178713	3424965557178713				3424965557178713	0			0	<a href=" rel="nofollow">微博 weibo.com</a>	wow//@范晓萱: Cool! So sexy~[花心] //@邰凌轶:性感//@白ossuary: 转发微博			1213679240	00	3424692419741368	1397724389606
2319625-	0		0	Fri Jun 24 12:31:29 +0800 2011			12884446878	12884446878				5621639268180497353	0			0	<a href=" rel="nofollow">微博 weibo.com</a>	谁有船			1213679240	00	12877878206	1397724389607
2319626-	0		3	Thu Jul 07 22:34:40 +0800 2011			13878518050	13878518050				5626618814609366018	0			2	<a href=" rel="nofollow">微博 weibo.com</a>	My hero啊!!No2的，No1是Anthony Bourdain//@刘炫SixerMiron：这哥们儿啊，平时可爱看他的节目了//@郭小懒：[馋嘴]			1213679240	00	13832444214	1397724389607
2319627-	0		6	Fri Sep 02 21:38:31 +0800 2011			3353292562431684	3353292562431684				3353292562431684	0		#	0	<a href=" rel="nofollow">iPhone客户端</a>	#马拉松日记# 今天的5公里和一盆菜。看到邮箱里通知领取物件的信件才发现马拉松就快来了，我还没怎么在土地上跑呢，老是健身房5公里，虽说跑得是Mini的，但也不能上场就岔气吧，我要赶紧加入#夜跑族# @小涛 @flydutch @莲子的帘子 @北京马拉松			1213679240	00	0	1397724389607
2319628-	0		5	Wed Jun 20 12:59:25 +0800 2012			3458979185800648	3458979185800648				3458979185800648	0			1	<a href=" rel="nofollow">微博 weibo.com</a>	午饭的功夫看完了，很下饭，也很解气：）//@精品杨磊: 这位转业军人牛气，就应该播出来，让张绍刚看看自己都是什么恶劣言语和行为！！//@程�: [围观]//@陈斯雪: 好犀利！全国人民抵制张绍刚的运动开始了…[晕]			1213679240	00	3458769289873005	1397724389608
2319629-	0		0	Mon Jul 09 20:02:27 +0800 2012			3465971014675017	3465971014675017				3465971014675017	0			1	<a href=" rel="nofollow">iPhone客户端</a>	这个厉害，必须走起来			1213679240	00	3464391837975993	1397724389608
2319630-	0		1	Sun Jul 24 12:02:59 +0800 2011			15169800643	15169800643				3338652207578788	0			1	<a href=" rel="nofollow">iPad客户端</a>	@诗人阿斐 电视上说死了35人，你们快报报埋了多少！！			1213679240	00	15164329269	1397724389609
2319631-	0		1	Mon Oct 01 23:51:04 +0800 2012			3496469132412812	3496469132412812				3496469132412812	0			0	<a href=" rel="nofollow">iPhone客户端</a>	威武！收之！			1213679240	00	3496454037776204	1397724389609
2319632-	0		0	Mon Jan 14 11:36:19 +0800 2013			3534334948695123	3534334948695123				3534334948695123	0			1	<a href=" rel="nofollow">微博 weibo.com</a>	焦急地等待好版中。。。			1213679240	00	3534334415353496	1397724389609
2319633-	0		2	Wed Nov 30 22:01:37 +0800 2011			3385550893076713	3385550893076713				3385550893076713	0			0	<a href=" rel="nofollow">微博 weibo.com</a>	回复@老燕子_YU:正解：美国一女作家麦卡勒斯的书名，她的书基本以孤独为主题，推荐你看另外一本：《伤心咖啡馆之歌》，开店的肯定是一文艺青年。胡说：别成天拿孤独说事，咱就一孤独星球不是。。。 //@老燕子_YU:回复@红伶:各种版本都可。因为我当时没想通			1213679240	00	3385547399645898	1397724389609
2319634-	0		3	Wed Aug 03 10:52:10 +0800 2011			15907023952	15907023952				3342258266975769	0			0	<a href=" rel="nofollow">微博 weibo.com</a>	我好冷！			1213679240	00	15906764280	1397724389610
2319635-	0		5	Tue Dec 06 14:19:56 +0800 2011			3387609038074523	3387609038074523				3387609038074523	0			1	<a href=" rel="nofollow">微博 weibo.com</a>	今天跟苏格兰旅游局市场部部长Angus Melanie聊High了,Melanie讲了很多笑话给我们听,聊到英伦三岛的口音,Melanie把男友都贡献出来了,她跟来自阿伯丁Aberdeen的男朋友回家见父母,男友爸爸指着报纸上的字问:“这是个6还是个8？我没戴眼镜看不清."她笃定地回答说:“是的!” @发现苏格兰 @吴坤-汽车旅行杂志			1213679240	00	0	1397724389610
2319636-	0		0	Mon Jul 25 22:08:00 +0800 2011			15307638520	15307638520				3339166855727274	0			1	<a href=" rel="nofollow">iPhone客户端</a>	活在积极美好里的一个父亲，留下了多少残缺啊 //@旅游时报王琪:温州撞车事件奇迹女孩伊伊父亲微博之一，可惜，美好幸福的生活已经不属于他了			1213679240	00	14917972201	1397724389611
2319637-	0		2	Thu Jun 23 18:44:58 +0800 2011			12839629155	12839629155				5621364428934158760	0			1	<a href=" rel="nofollow">微博 weibo.com</a>	地铁里养鱼，北京又一奇观//@小丸子她姐：可以直接开鱼塘了//@何小晨：嘿！还带音效的//@李李�RINO：@何小晨 ��更��			1213679240	00	12838564896	1397724389611
2319638-	0		1	Wed Feb 29 10:32:50 +0800 2012			3418354863496757	3418354863496757				3418354863496757	0		#	1	<a href=" rel="nofollow">微博 weibo.com</a>	Good morning, new day, tomorrow is another day.看完了《新天堂星探》才知道原来是《天堂电影院》的导演朱塞佩・托纳多雷 Giuseppe Tornatore的作品，难怪惊喜连连呢，在片子的开头半个小时，我简直是每10分钟惊叹一下。但是后面我就安静了，因为我开始边看边涂指甲油了，没办法，这世界转太快。			1213679240	00	0	1397724389611
2319639-	0		5	Wed Aug 31 03:37:27 +0800 2011			3352295727603536	3352295727603536				3352295727603536	0		#	2	<a href=" rel="nofollow">微博 weibo.com</a>	莎士比亚的顾客常常买了书就坐在树下上读起来,仅从这一点来看,就完全符合巴黎的读书氛围,巴黎人爱读书,走到哪里都读,地铁里.咖啡馆里. 公园里.博物馆门前排的长队里…出门的时候包里揣一本书像拿上钱包一样必须,像我这样的异乡客,如果也在地铁里捧一本书读着,感觉从对面投过来的陌生眼光都会友善很多.			1213679240	00	0	1397724389612
2319640-	0		6	Thu Sep 06 14:54:04 +0800 2012			3487274291741126	3487274291741126				3487274291741126	0			0	<a href=" rel="nofollow">iPhone客户端</a>	学泰餐太有成就感了！			1213679240	00	3487272077445557	1397724389612
2319641-	0		0	Wed Oct 26 00:49:20 +0800 2011			3372547140116865	3372547140116865				3372547140116865	0			0	<a href=" rel="nofollow">iPhone客户端</a>	//@剑辰Jansword:你美死了啦~ 还要是也，忘了拍照了，转发留恋：）谢谢 @红伶  ！！都没跟你拍照！！！			1213679240	00	3372493784140043	1397724389612
2319642-	0		0	Wed Sep 21 21:27:46 +0800 2011			3360175226982963	3360175226982963				3360175226982963	0			0	<a href=" rel="nofollow">iPhone客户端</a>	是不是得带个抬呀？[嘻嘻] //@米亚2012:六周年收藏版，各位兄弟姐妹请踊跃订购吧，哈哈 @张梓楦 @张qianqian @柳淳风Lisa @彭薇007 @韩娅娟HanYajuan @JamieCao @瞿广慈 @Momo毛译敏 @孔令楠maomao @Stanley1881 @肖宝珍 @红伶 @琪琪kikiflowerart			1213679240	00	3359772523768595	1397724389612
2319643-	0		2	Fri Dec 07 09:08:39 +0800 2012			3520527047731076	3520527047731076				3520527047731076	0			1	<a href=" rel="nofollow">iPhone客户端</a>	 @ATV二娃 看我们像那么回事么			1213679240	00	3520205672107104	1397724389613
2319644-	0		0	Sat Nov 03 10:55:51 +0800 2012			3508232838413453	3508232838413453				3508232838413453	0			1	<a href=" rel="nofollow">iPhone客户端</a>	帮转！行侠们看过来！ //@马明_行天下:帮我转转各位大侠和美女！@阿栋视界 @艾理客ALEX @��凡 @BG2RHY @bluedd @陈岩ChenYan @达西 @王东驰 @Ren_Lily @夏游寻寻 @飞行的维克 @北方的大篷车 @红伶 @郭兴欣 @果冻吉祥 @汪靓芬-Shine 			1213679240	00	3508191138238658	1397724389613
2319645-	0		0	Sat May 12 12:52:32 +0800 2012			3444844326607160	3444844326607160				3444844326607160	0			0	<a href=" rel="nofollow">iPhone客户端</a>	在旁边那家blunch过，门前空地不错 //@陈雨星-精品购物指南:@精品乐活志 @红伶 @棉袜子 @小米表姐 @李信玲   //@优品张楠艳: 一定一定，只要是小马哥一声招呼  //@贡乔卓玛:小马哥请喝咖啡，还要找个浪漫有调调的地方，被@的朋友听好了，一起啊 			1213679240	00	3442721362916196	1397724389614
2319646-	0		6	Thu Jun 28 22:16:08 +0800 2012			3462018390958534	3462018390958534				3462018390958534	0		#	0	<a href=" rel="nofollow">iPhone客户端</a>	Good morning，多伦多，除了行李比我晚到以外，没啥不顺心的。。。			1213679240	00	0	1397724389614
2319647-	0		3	Wed Mar 23 04:35:08 +0800 2011			7895010413	7895010413				201110323290771238	0		#	0	<a href=" rel="nofollow">微博 weibo.com</a>	早安，城市，催眠的红酒还没散呢，就醒了。现在想五一去哪里早吗？一点也不，灾难之后，什么样的地方才是治愈系？			1213679240	00	0	1397724389614
2319648-	0		4	Sat Aug 04 19:06:10 +0800 2012			3475378934502459	3475378934502459				3475378934502459	0		#	2	<a href=" rel="nofollow">iPhone客户端</a>	 @眉不扬 快来看，外表皮实内心娇气的朵大姑娘和蔫怀的虎小子@吉信信 @潘闻涛Technicolor			1213679240	00	0	1397724389615
2319649-	0		10	Fri Oct 19 10:22:36 +0800 2012			3502788652984004	3502788652984004				3502788652984004	0		#	0	<a href=" rel="nofollow">iPhone客户端</a>	Im happy again。。。			1213679240	00	0	1397724389615
2319650-	0		0	Fri Nov 23 11:37:23 +0800 2012			3515491047990111	3515491047990111				3515491047990111	0			1	<a href=" rel="nofollow">微博 weibo.com</a>	大家看过来呀！！			1213679240	00	3514523438357557	1397724389616
2319651-	0		0	Thu Nov 17 22:37:48 +0800 2011			3380848965894889	3380848965894889				3380848965894889	0			1	<a href=" rel="nofollow">微博 weibo.com</a>	喜欢这张！//@VintageMuse: [爱你]			1213679240	00	3380785961738985	1397724389616
2319652-	0		0	Sat Jun 18 11:50:39 +0800 2011			12563056722	12563056722				5619402234462375515	0			0	<a href=" rel="nofollow">微博 weibo.com</a>	狗狗有点茫地说			1213679240	00	12549676362	1397724389616
2319653-	0		0	Mon Feb 20 02:48:46 +0800 2012			3414976578822994	3414976578822994				3414976578822994	0			0	<a href=" rel="nofollow">分享按钮</a>	Leonard.Cohen传记片儿，Nick Cave、Rufus Wainwright等精彩献唱~~~~[里奥纳德・科恩我是你的男人].Leonard.Cohen.Im.Your.Man.2005   （分享自 @优酷网）			1213679240	00	0	1397724389617
2319654-	0		2	Mon Oct 31 22:51:10 +0800 2011			3374691731235067	3374691731235067				3374691731235067	0		#	0	<a href=" rel="nofollow">新浪博客</a>	发表了博文 《不得不说的命运》 - 耿耿于怀安东万的经典回眸，终于在大荧幕上重现了，果然足够震撼。于是不再抱怨家里那张缺心眼的DVD竟然剪掉了最后一个镜头，反而有点感激，不然我不会这么珍惜那一眼凝视。 			1213679240	00	0	1397724389617
2319655-	0		2	Thu May 26 14:05:41 +0800 2011			11230607818	11230607818				5610902073283740134	0			4	<a href=" rel="nofollow">微博 weibo.com</a>	幸福感爆棚！			1213679240	00	11230466764	1397724389617
2319656-	0		1	Thu Jun 23 18:47:09 +0800 2011			12839742573	12839742573				5621364991574908595	0			4	<a href=" rel="nofollow">微博 weibo.com</a>	我哭笑不得，该夸还是该骂？//@二十五两：送锦旗啊 //@李承鹏:这是北京大雨以来我看到最感人的场面，环卫工人太有原则了，不管刮风下雨按时按量浇水。 //@肉唐僧：286的机器人？			1213679240	00	12836861996	1397724389618
2319657-	0		9	Wed Jul 04 23:08:00 +0800 2012			3464205783255896	3464205783255896				3464205783255896	0			2	<a href=" rel="nofollow">iPhone客户端</a>	啊~~五环，你比四环少一环，啊五环，你比三环多一环~~12小时时差被我硬掰过来了，可是脑子里却盘旋着五环之歌，肿么办肿么办，啊五环。。。。			1213679240	00	0	1397724389618
2319658-	0		0	Tue Oct 18 16:55:26 +0800 2011			3369891164329391	3369891164329391				3369891164329391	0			2	<a href=" rel="nofollow">iPhone客户端</a>	围观半天了：） //@牙碜妞儿:��了// @小鸟的探戈 :抄送  @汪汪   ：最后那一下  @黄奕   瞬间高潮了～			1213679240	00	3369852316748556	1397724389618
2319659-	0		1	Mon Oct 10 16:50:48 +0800 2011			3366990895571109	3366990895571109				3366990895571109	0			2	<a href=" rel="nofollow">微博 weibo.com</a>	是个美女呀//@fan-姜：//@毒药小色女：竟然是女的。震惊			1213679240	00	3366951200811099	1397724389619
2319660-	0		3	Thu Sep 06 18:36:10 +0800 2012			3487330184604364	3487330184604364				3487330184604364	0			0	<a href=" rel="nofollow">iPhone客户端</a>	回复@花而:去了做了挨个尝了，拿到证书毕业啦！ //@花而:很关心，他们早上去市场了吗？[哈哈]			1213679240	00	3487281870554669	1397724389619
2319661-	0		0	Sun Jul 31 13:33:36 +0800 2011			15740953770	15740953770				3341211729750773	0			2	<a href=" rel="nofollow">微博 weibo.com</a>	哇			1213679240	00	15735143902	1397724389619
2319662-	0		0	Fri Dec 23 00:24:16 +0800 2011			3393559329920408	3393559329920408				3393559329920408	0			0	<a href=" rel="nofollow">微博 weibo.com</a>	赞的！莫奈花园所在的小镇。			1213679240	00	3393543223484457	1397724389619
2319663-	0		11	Fri Sep 21 15:18:34 +0800 2012			3492716275424717	3492716275424717				3492716275424717	0			0	<a href=" rel="nofollow">iPhone客户端</a>	MB腰疼去捏了下，好像被性骚了，捏完投诉了一下让技师注意距离，MB还是还是不爽，为什么不当场换人，MB我太善良了。。。而且我发现我今年的运气好像用完了。。。			1213679240	00	0	1397724389620
2319664-	0		10	Thu Jul 14 16:22:51 +0800 2011			14413641630	14413641630				5629120594410796349	0		#	0	<a href=" rel="nofollow">iPhone客户端</a>	还在上海，开大会，继续回味北海道，想起我捏的饭团还不赖，有图有真相：）@spiceuncle @邵爷小七  @诗人阿斐 @上海天马大叔 @李建中			1213679240	00	0	1397724389620
2319665-	0		5	Sun Aug 21 11:46:26 +0800 2011			3348794903375082	3348794903375082				3348794903375082	0			0	<a href=" rel="nofollow">iPad客户端</a>	帮转 //@迷死一只知更鸟: 哥哥姐姐们，请帮忙转哈！			1213679240	00	3347732580695001	1397724389621
2319666-	0		4	Sun Jul 31 22:52:43 +0800 2011			15772715318	15772715318				3341352436111146	0		#	0	<a href=" rel="nofollow">微博 weibo.com</a>	If you want something very badly, set it free, if it comes back to you, it`s yours forever.			1213679240	00	0	1397724389621
2319667-	0		0	Fri Mar 16 14:11:40 +0800 2012			3424208132124450	3424208132124450				3424208132124450	0			0	<a href=" rel="nofollow">微博 weibo.com</a>	回复@中信出版社_苏楠:转之 //@中信出版社_苏楠:@微文学 @少年不离夏 @红伶			1213679240	00	3424200901446024	1397724389621
2319668-	0		0	Thu Jul 21 15:43:38 +0800 2011			14948559977	14948559977				3337620575144096	0		#	1	<a href=" rel="nofollow">微博 weibo.com</a>	“爱尔兰是那么小，走在大街上，会不停地碰见熟人。毫不夸张地说，每次我回到都柏林，不出半个钟头，我所有的朋友都会知道我回来了。”  爱尔兰大使戴克澜言谈生动，外表书卷气十足，想必是沾染了爱尔兰文学家们的气质。@爱尔兰旅游局 @精品乐活志 @精品购物指南 敬请期待7月25日周一刊LIFE TRAVEL			1213679240	00	0	1397724389621
2319669-	0		1	Sun Mar 04 19:14:36 +0800 2012			3419935714009120	3419935714009120				3419935714009120	0		#	0	<a href=" rel="nofollow">iPhone客户端</a>	饿了@眉不扬			1213679240	00	0	1397724389622
2319670-	0		0	Wed Oct 26 21:46:10 +0800 2011			3372863432332077	3372863432332077				3372863432332077	0			0	<a href=" rel="nofollow">微博 weibo.com</a>	亲们快来参加//@精品乐活志：@张书新 @黄庄老王 @黑云都 @陈雨星-精品购物指南 @红伶 @精品杨磊 @李潇Shawn @桃格尼尼 @颦颦有礼 @佳境 @美伢姐姐烤红薯 @屠无穷 @美伢姐姐烤红薯 @小米表姐 @程�@ 牙碜妞儿 @棉袜子 @莲子的帘子 @李信玲@精品购物指南 @马来西亚旅游局 @丽星邮轮的微博			1213679240	00	3372714654059419	1397724389622
2319671-	0		1	Thu Mar 24 17:55:24 +0800 2011			7985605797	7985605797				221110324324220735	0			1	<a href=" rel="nofollow">iPhone客户端</a>	裤衩这个扫把星 //@德尔芬娜:是旁边的一个简易楼，着了一栋又着一栋，救火车进不去，旁边还有一所学校，希望不要有事 // @大馋小子 :// @sakari_l :我靠。。。			1213679240	00	7984448601	1397724389622
2319672-	0		11	Thu Oct 04 20:37:01 +0800 2012			3497507458324143	3497507458324143				3497507458324143	0		#	0	<a href=" rel="nofollow">iPhone客户端</a>	分享图片			1213679240	00	0	1397724389623
2319673-	0		1	Thu Feb 16 23:01:47 +0800 2012			3413832309811446	3413832309811446				3413832309811446	0			0	<a href=" rel="nofollow">iPhone客户端</a>	偶们回家睡床了 //@牙碜妞儿:我不晕 上飞机刚好睡觉			1213679240	00	3413812814794820	1397724389623
2319674-	0		1	Wed Jun 15 20:35:06 +0800 2011			12391467382	12391467382				5618424128516309774	0			0	<a href=" rel="nofollow">iPhone客户端</a>	哇，这地儿真不错//@米小�:温榆河边上，我们今天战斗了一天的地方。拍完最后一张就开始下暴雨了，时机那叫一个巧！ 并且就在我们拍第三张的时候，来了一个车，下来几个人就开始烧烤兼吟诗了。这块神奇的土地。。。林子里还有墓碑。。。。。 // @曾焱冰 :这么美的树林，在哪			1213679240	00	12390561298	1397724389623
2319675-	0		1	Thu Nov 17 23:59:31 +0800 2011			3380869525932788	3380869525932788				3380869525932788	0			0	<a href=" rel="nofollow">微博 weibo.com</a>	顶你！//@韩娅娟HanYajuan: 转发微博			1213679240	00	3380711635882937	1397724389624
2319676-	0		0	Tue Jul 26 00:17:22 +0800 2011			15319529076	15319529076				3339199411811721	0			0	<a href=" rel="nofollow">iPhone客户端</a>	真是可笑，天朝还要出口高铁，害自己家人不够，还要祸害非洲。			1213679240	00	0	1397724389624
2319677-	0		2	Tue Aug 07 23:33:13 +0800 2012			3476533303722531	3476533303722531				3476533303722531	0			0	<a href=" rel="nofollow">iPhone客户端</a>	其实我更愿意花痴滴称他为小飞 //@Mika_崔:乱飞哥~[哈哈]			1213679240	00	3476531525108176	1397724389624
2319678-	0		6	Wed Dec 21 19:58:12 +0800 2011			3393129983577163	3393129983577163				3393129983577163	0		#	9	<a href=" rel="nofollow">微博 weibo.com</a>	你可以有一百个不喜欢圣诞节的理由, 但是你完全没有理由拒绝圣诞橱窗里的奇幻世界. 很多人,尤其是女人, 往往会因为一个橱窗而爱上一间店,甚至一座城. 圣诞节来临之际，让我们撒开欢腾的步伐，去发现世界上最美丽的橱窗们， 它们，在纽约！在巴黎！在阿姆斯特丹…… @精品乐活志 @小艾effie @YIKO3344			1213679240	00	0	1397724389624
2319679-	0		0	Sat Oct 08 17:48:59 +0800 2011			3366280734688153	3366280734688153				3366280734688153	0			0	<a href=" rel="nofollow">iPad客户端</a>	两只大袋鼠			1213679240	00	3366277682823370	1397724389625
2319680-	0		7	Mon May 28 22:05:47 +0800 2012			3450781778372349	3450781778372349				3450781778372349	0			2	<a href=" rel="nofollow">iPhone客户端</a>	舌尖上的中国看到豆腐这一段，尤为亲切，安徽寿县人称自己为豆腐的始创者，马鞍山的豆干也小有名气，在我小的时候，更是在乡下亲戚家的豆腐池豆腐桶边玩捉迷藏玩得不亦乐乎，那时候并不怎么在意，现在对着点豆腐的画面，仿佛能闻到阵阵豆腐香。。。			1213679240	00	0	1397724389625
2319681-	0		4	Tue Sep 25 01:12:43 +0800 2012			3493952961017287	3493952961017287				3493952961017287	0			1	<a href=" rel="nofollow">iPhone客户端</a>	 @何小晨 这里来过N多名人哦，歌德、王尔德、英格丽褒曼。。。			1213679240	00	3493332460565086	1397724389625
2319682-	0		0	Fri Sep 23 14:35:00 +0800 2011			3360796126116412	3360796126116412				3360796126116412	0			0	<a href=" rel="nofollow">微博 weibo.com</a>	再口水一个：鼓楼区西桥242号吉の香炭烧生蚝,生蚝新鲜,蒜蓉细腻,绝了//@棉袜子：回复@红伶:哎呀，出门前从来未如此的盼望这去过一个地方~有着各种期待 //@红伶:这个你必须得尝！！！！ //@棉袜子:乌米饭包油条，这个得要尝` //@山猫小王子: //@老夏逛菜场：哦，还有夫子庙的黄勤记凉粉、乌米饭包油条。			1213679240	00	3360756997965396	1397724389626
2319683-	0		0	Mon Jul 18 09:15:09 +0800 2011			14679534922	14679534922				3336435646105981	0			1	<a href=" rel="nofollow">iPhone客户端</a>	这个8错 //@郭小懒: @洛坑儿先生  就是这个			1213679240	00	14565845665	1397724389626
2319684-	0		12	Thu Jul 05 06:01:30 +0800 2012			3464309831582950	3464309831582950				3464309831582950	0			2	<a href=" rel="nofollow">iPhone客户端</a>	年轻的时候，我觉得深夜可以做很多事情，年纪大了，我觉得夜里睡不着，一切都是扯蛋。。。			1213679240	00	0	1397724389626
2319685-	0		0	Mon May 09 23:22:42 +0800 2011			10379836905	10379836905				2111105094839681	0			0	<a href=" rel="nofollow">iPad客户端</a>	回复@迷死一只知更鸟: 是的，演技简直了			1213679240	00	10148300718	1397724389627
2319686-	0		8	Fri Jul 15 09:05:23 +0800 2011			14462429109	14462429109				2111107151606527	0			0	<a href=" rel="nofollow">iPad客户端</a>	起了个大早赶了个晚，飞机又TM延误！！			1213679240	00	0	1397724389627
2319687-	0		0	Wed Jun 05 19:55:38 +0800 2013			3585919683069327	3585919683069327				3585919683069327	0			1	<a href=" rel="nofollow">iPhone客户端</a>	Cool //@LesleyFang:视频真精彩！			1213679240	00	3585600022106967	1397724389627
2319688-	0		0	Wed Jul 06 21:09:12 +0800 2011			13787304082	13787304082				5626225704841994867	0			1	<a href=" rel="nofollow">iPhone客户端</a>	mark//@孙小花同学:啊这个真是天堂一样// @煎泥老婆子 ：有��一定要去！超喜�！			1213679240	00	13785406872	1397724389628
2319689-	0		2	Fri Jul 22 12:59:27 +0800 2011			15027655804	15027655804				3337941644564858	0			1	<a href=" rel="nofollow">微博 weibo.com</a>	期待回国续集			1213679240	00	15026560670	1397724389628
2319690-	0		0	Tue Jun 19 10:08:18 +0800 2012			3458573734789685	3458573734789685				3458573734789685	0			0	<a href=" rel="nofollow">微博 weibo.com</a>	实用实用！我们也在琢磨去哪呢//@阿仝木: [赞]太实用啦，正愁端午去哪玩			1213679240	00	3458347103364632	1397724389628
2319691-	0		6	Wed Feb 29 13:39:48 +0800 2012			3418401907507049	3418401907507049				3418401907507049	0		#	0	<a href=" rel="nofollow">iPhone客户端</a>	大悲殿and猫。。一只有佛缘的猫。。。			1213679240	00	0	1397724389628
2319692-	0		0	Fri Aug 17 00:57:55 +0800 2012			3479816110067510	3479816110067510				3479816110067510	0			2	<a href=" rel="nofollow">微博 weibo.com</a>	萌翻了，还双眼皮儿呢！//@火星人的小窝: 天啊，这是地球生物吗，我在看科幻电影吗[爱你]			1213679240	00	3479741401246910	1397724389629
2319693-	0		0	Sun Oct 09 07:49:23 +0800 2011			3366492252434724	3366492252434724				3366492252434724	0			0	<a href=" rel="nofollow">iPad客户端</a>	偶的手！！！[心][心][心]			1213679240	00	3366478712549974	1397724389629
2319694-	0		0	Sun May 20 14:22:39 +0800 2012			3447766107736600	3447766107736600				3447766107736600	0			0	<a href=" rel="nofollow">iPhone客户端</a>	偶今天也很清爽地说：） //@wendywang234:a bit sad. fake alcohol is everywhere in bj even in some big bars. i drunk some plum wine, and pretty much of gin and vodka in punk last night. im not feeling hangover at all today! the alcohol must be real @红伶 @tiff_wang @FBS章华晖 @这位			1213679240	00	3446733688342678	1397724389629
2319695-	0		7	Thu Jan 26 08:18:36 +0800 2012			3405999891424012	3405999891424012				3405999891424012	0			0	<a href=" rel="nofollow">iPhone客户端</a>	妈的,临到要走了,也不能把甜蜜坚持到最后,昨闷气了一晚上,白天修复中,今晚又来辩论什么"国内的人是变靠谱了还是反之",我是正方,他是反方..还没完呢,我敲字这会..没事千万别学姐玩什么长距离恋爱,真不是人玩儿的,是玩人儿的,去年我还暗自得意我把他练成了独立好男人呢,今年我又害怕他不怎么需要我了....			1213679240	00	0	1397724389630
2319696-	0		2	Wed Sep 12 15:06:35 +0800 2012			3489451768630091	3489451768630091				3489451768630091	0			1	<a href=" rel="nofollow">微博 weibo.com</a>	真丢人！			1213679240	00	3489450648785317	1397724389630
2319697-	0		0	Thu Jul 28 13:05:07 +0800 2011			15502270548	15502270548				3340117397833131	0			0	<a href=" rel="nofollow">微博 weibo.com</a>	很清新地地说			1213679240	00	15500889978	1397724389630
2319698-	0		0	Sun Sep 18 21:19:25 +0800 2011			3359085961552473	3359085961552473				3359085961552473	0		#	0	<a href=" rel="nofollow">iPhone客户端</a>	周末终于动手修好了这盏灯线分离的台灯，在灯亮起来的那一瞬间很想打电话给爸爸，感谢他把我当男孩子养大，不分男女地教我这教我那。。。			1213679240	00	0	1397724389630
2319699-	0		0	Tue Feb 21 21:44:53 +0800 2012			3415624883706387	3415624883706387				3415624883706387	0			1	<a href=" rel="nofollow">iPhone客户端</a>	lets get lost！ //@西班牙国家旅游局:Lost in Spain，Lost in Andalucía[汽车]			1213679240	00	3415144581520348	1397724389631
2319700-	0		0	Thu May 26 14:07:42 +0800 2011			11230704840	11230704840				5610902592974802702	0			0	<a href=" rel="nofollow">微博 weibo.com</a>	哗哗地//@环球时尚旅行：一旦选择，终身负责！			1213679240	00	11201147237	1397724389631
2319701-	0		2	Thu Oct 04 23:54:44 +0800 2012			3497557227529018	3497557227529018				3497557227529018	0		#	1	<a href=" rel="nofollow">iPhone客户端</a>	洱海骑行遇见蜘蛛侠，台湾腔小哥手中买到好看手链，在patio搭上另一对摩羯双子姑娘，掐指一算，大理之行才过去三天，像是过了一礼拜，这一趟，充电满格啦@蔚南之莹 @大理Patio			1213679240	00	0	1397724389631
2319702-	0		0	Sun May 01 17:05:03 +0800 2011			9933088539	9933088539				5601671166354547192	0			0	<a href=" rel="nofollow">微博 weibo.com</a>	惊了 //@小丸子她姐:哈哈，性感诱人啊，如果再有一双美腿的话			1213679240	00	9923990529	1397724389632
2319703-	0		0	Sun Jul 24 23:23:31 +0800 2011			15223610270	15223610270				3338823471794727	0			3	<a href=" rel="nofollow">微博 weibo.com</a>	//@LesleyFang：//@Luke-Li:// @海鸥 :感谢！// @梅地亚刘斌 ：好久不用这个词了“给力”// @范立欣 ：震撼。 // @周斌 :感谢这个周末与我一起奋斗的战友―― @21世纪网 的编辑们、21世纪经济报道的前线记者，我为与你们并肩战斗感到无比骄傲。9篇独家报道，这是我们努力的见证。			1213679240	00	15197650966	1397724389632
2319704-	0		2	Sat Nov 26 13:00:42 +0800 2011			3383965218532553	3383965218532553				3383965218532553	0			0	<a href=" rel="nofollow">iPhone客户端</a>	前辈们个个都在秀幸福，鸭梨好大@kangnong0888 @旅行社资讯网万子婧 //@Conggy来了:大家以后多联络，已经组织唱歌啦  //@Hellen申慧:开心的周末 @红伶   @一直奔跑的橙子   等...  //@ReneeZhang :都是豪杰[哈哈][哈哈]  @老燕子_YU     @Hellen申慧			1213679240	00	3383708628052787	1397724389632
2319705-	0		2	Sun Aug 12 19:57:12 +0800 2012			3478290880480346	3478290880480346				3478290880480346	0		#	1	<a href=" rel="nofollow">iPhone客户端</a>	玩起。。。。			1213679240	00	0	1397724389633
2319706-	0		2	Tue Oct 25 13:35:09 +0800 2011			3372377476751357	3372377476751357				3372377476751357	0			0	<a href=" rel="nofollow">iPhone客户端</a>	小时候有个噩梦，就是被强行送进精神病院，为了适应环境也好，被打太多针也好，被病友吓倒也好，最后不变成精神病都不行。现在好了，有＜被精神病＞法案出台，正常人不可以随便被送进去。我终于可以从噩梦中脱身[奥特曼]			1213679240	00	0	1397724389633
2319707-	0		6	Fri Sep 07 22:38:21 +0800 2012			3487753532446453	3487753532446453				3487753532446453	0			0	<a href=" rel="nofollow">iPhone客户端</a>	妈呀，我的吃相一点镜头感都没有 //@谷月:@红伶 这里面好像有你 //@台客丹: Im back。让工作来的更猛烈些吧，im ready~			1213679240	00	3487282965530580	1397724389633
2319708-	0		16	Wed Aug 24 00:51:32 +0800 2011			3349717257972154	3349717257972154				3349717257972154	0		#	12	<a href=" rel="nofollow">iPhone客户端</a>	发烧咳嗽不停打喷嚏各种吃不下并且从清晨工作到现在的我，拿出这个来意淫一下，我向佛祖发誓，这是我在北京吃过的最好吃的巧克力蛋糕，完全可以跟扒梨的甜点较量一下，就在三里屯Olas Tapas，端出来的时候是热的，应该是半现烤，我们走起来！！@何小晨 @李信玲 @米小� @潇洒如飞 @姜北姜北 @精品杨磊			1213679240	00	0	1397724389634
2319709-	0		0	Thu Jul 28 11:45:54 +0800 2011			15495668744	15495668744				3340097462421628	0			0	<a href=" rel="nofollow">微博 weibo.com</a>	赞一个，可是也太不像8岁得嗓音了//@Mazz：Childish Melodic Death Metal，赞！[威武] //@WhyOceans：不要�我~~~~			1213679240	00	14682088772	1397724389634
2319710-	0		2	Sat Mar 03 21:35:33 +0800 2012			3419608797295828	3419608797295828				3419608797295828	0			0	<a href=" rel="nofollow">iPhone客户端</a>	开吃，吃一斤胖两斤！			1213679240	00	3419608520395909	1397724389634
2319711-	0		0	Sat Mar 31 21:17:21 +0800 2012			3429751085914344	3429751085914344				3429751085914344	0			0	<a href=" rel="nofollow">iPhone客户端</a>	转发微博。			1213679240	00	3429700771233177	1397724389635
2319712-	0		1	Tue Jul 12 00:37:11 +0800 2011			14203326468	14203326468				5628134727609580569	0		#	1	<a href=" rel="nofollow">微博 weibo.com</a>	终于亲眼所见安藤忠雄水之教堂，藏匿在静谧的山林中，不闻人声，只取鸟叫与蛙鸣，山泉从地下汩汩地冒出来，给了那么一丁点动态。教堂里摆放了鸢尾，搭调地很。			1213679240	00	0	1397724389635
2319713-	0		0	Sun Jul 24 23:27:13 +0800 2011			15223970578	15223970578				3338824403264536	0			2	<a href=" rel="nofollow">微博 weibo.com</a>	//@程�：他说过要全部回答的 //@邢其林:转发微博。			1213679240	00	15223261762	1397724389636
2319714-	0		0	Mon Aug 08 15:14:04 +0800 2011			3344136116544408	3344136116544408				3344136116544408	0			0	<a href=" rel="nofollow">iPhone客户端</a>	转之 //@迷死一只知更鸟:无			1213679240	00	3343924974718442	1397724389636
2319715-	0		1	Tue Apr 19 13:34:19 +0800 2011			9346302258	9346302258				201110419422106694	0			1	<a href=" rel="nofollow">iPhone客户端</a>	暗恋什么的最美好了//@我们爱讲冷笑话:哎。。早已经过了暗恋的年纪了啊！！！			1213679240	00	9337528212	1397724389636
2319716-	0		1	Wed May 25 00:57:39 +0800 2011			11164724906	11164724906				5610327913465795622	0			0	<a href=" rel="nofollow">iPhone客户端</a>	#马拉松日记# 5月25日，天气晴好，跑步机5公里，路经意大利使馆，双色的月季都开了，美的，为什么北京设计到外事的地方才有环境可言呢[可怜]			1213679240	00	0	1397724389636
2319717-	0		13	Mon Oct 22 17:56:37 +0800 2012			3503990073597713	3503990073597713				3503990073597713	0		#	7	<a href=" rel="nofollow">iPhone客户端</a>	妹妹拣的准妈妈流浪狗生了，欢迎领养，这个是老五，小小白，长得像妈妈			1213679240	00	0	1397724389637
2319718-	0		9	Wed Sep 12 19:23:45 +0800 2012			3489516494560741	3489516494560741				3489516494560741	0		#	0	<a href=" rel="nofollow">iPhone客户端</a>	同样是香蕉苹果奶昔，为什么我打出来的是紫的[奥特曼][奥特曼][奥特曼]			1213679240	00	0	1397724389637
2319719-	0		0	Fri Sep 30 20:47:01 +0800 2011			3363426462386700	3363426462386700				3363426462386700	0			0	<a href=" rel="nofollow">iPhone客户端</a>	哈哈哈哈，收了！ //@牙碜妞儿:@红伶 你看我在周庄发现的真的红菱 很好吃哦  哈哈			1213679240	00	3363413980346982	1397724389638
2319720-	0		4	Wed Aug 31 00:12:20 +0800 2011			3352244108379480	3352244108379480				3352244108379480	0		#	0	<a href=" rel="nofollow">微博 weibo.com</a>	听着歌写着稿，朋友分享来北欧摄影师Rrebekka gudleifs的作品，很好，真的很好，不知道flickr上的相片怎么分享，忍不住截图。			1213679240	00	0	1397724389638
2319721-	0		0	Wed Aug 08 00:33:57 +0800 2012			3476548587497911	3476548587497911				3476548587497911	0			1	<a href=" rel="nofollow">iPhone客户端</a>	凌乱了 @艾理客ALEX //@一米一:这这这………小姐们你们太有气势了，期待 //@英剧-英剧:转发微博			1213679240	00	3475000218694250	1397724389638
2319722-	0		2	Wed Dec 05 15:46:34 +0800 2012			3519902411533639	3519902411533639				3519902411533639	0			2	<a href=" rel="nofollow">iPhone客户端</a>	alex亮了火了苏格兰了			1213679240	00	3519894383412180	1397724389639
2319723-	0		0	Wed Aug 22 01:19:12 +0800 2012			3481633405240255	3481633405240255				3481633405240255	0			2	<a href=" rel="nofollow">iPhone客户端</a>	这个。好感动。。。 //@玩家老黄:拍了30年，留了30年[赞]			1213679240	00	3481599117491214	1397724389639
2319724-	0		12	Tue Aug 28 10:35:32 +0800 2012			3483947738781642	3483947738781642				3483947738781642	0		#	1	<a href=" rel="nofollow">iPhone客户端</a>	分享图片			1213679240	00	0	1397724389639
2319725-	0		0	Fri Mar 11 19:25:11 +0800 2011			7370304575	7370304575				20111031144836798	0			0	<a href=" rel="nofollow">iPhone客户端</a>	据说人人网一片欢呼，真是汗颜zzz			1213679240	00	7370159801	1397724389639
2319726-	0		9	Fri Oct 05 14:44:20 +0800 2012			3497781090487518	3497781090487518				3497781090487518	0		#	1	<a href=" rel="nofollow">iPhone客户端</a>	这样的café器皿蛮喜人的，用了多少心思昭然若揭，得，本来要去爬山的，又不想动换了。。。。			1213679240	00	0	1397724389640
2319727-	0		0	Mon Oct 10 14:18:04 +0800 2011			3366952459142709	3366952459142709				3366952459142709	0			0	<a href=" rel="nofollow">微博 weibo.com</a>	你也太牛了，这都能调出来！			1213679240	00	3366948520824161	1397724389640
2319728-	0		1	Wed Aug 01 01:46:41 +0800 2012			3474030176462186	3474030176462186				3474030176462186	0			4	<a href=" rel="nofollow">iPhone客户端</a>	矮油矮油 //@何小晨:矮又矮又，醉了醉了…… //@赵赵: 哎哟喂这让人没着没落的。。。			1213679240	00	3473813478131023	1397724389640
2319729-	0		3	Sat Sep 29 10:59:21 +0800 2012			3495550148116965	3495550148116965				3495550148116965	0		#	0	<a href=" rel="nofollow">iPhone客户端</a>	分享图片			1213679240	00	0	1397724389641
2319730-	0		0	Sun Jan 08 12:51:10 +0800 2012			3399545497335946	3399545497335946				3399545497335946	0			1	<a href=" rel="nofollow">iPhone客户端</a>	惊为天人那 //@方方猪的幸福生活:天生丽质 //@袁腾飞日记: 转发微博			1213679240	00	3350236844521621	1397724389641
2319731-	0		4	Sun Aug 07 20:49:58 +0800 2011			3343858260278740	3343858260278740				3343858260278740	0			1	<a href=" rel="nofollow">iPhone客户端</a>	靠，有人冲破栏杆了，看见了没@何小晨 @SUEDE中国巡演			1213679240	00	0	1397724389641
2319732-	0		0	Mon Jul 25 22:33:29 +0800 2011			15310171094	15310171094				3339173269207277	0			1	<a href=" rel="nofollow">iPhone客户端</a>	赞同！看着闹心！			1213679240	00	15308959770	1397724389642
2319733-	0		1	Tue Sep 27 02:05:44 +0800 2011			3362057118719759	3362057118719759				3362057118719759	0			2	<a href=" rel="nofollow">微博 weibo.com</a>	挺你！//@陈雨星-精品购物指南：不会 背后有全部门和整个精品作后盾呢 //@张书新:别紧张！哈哈哈 // @陈雨星-精品购物指南 :期待呀 @爱喜-爱喜 @朱泠洁 @张书新 @张宝全 @玩家传播老张 @黄庄老王 @玩家传播的黄磊 @澳大利亚旅游局 @��安� @精品购物指南 @精品网			1213679240	00	3362027697375057	1397724389642
2319734-	0		0	Sun Jun 12 19:10:55 +0800 2011			12196840366	12196840366				5617289179279402680	0			1	<a href=" rel="nofollow">微博 weibo.com</a>	转发微博。			1213679240	00	12196249372	1397724389642
2319735-	0		7	Sat Oct 06 18:37:09 +0800 2012			3498202064120556	3498202064120556				3498202064120556	0		#	0	<a href=" rel="nofollow">iPhone客户端</a>	卖名信片的阿B，一下午只卖出去三张。。不够买肉吃。。。			1213679240	00	0	1397724389642
2319736-	0		0	Thu Nov 17 22:45:04 +0800 2011			3380850789796668	3380850789796668				3380850789796668	0			0	<a href=" rel="nofollow">iPad客户端</a>	变魔术这词儿用得好！ //@JamieCao: 这个主题听着就爽！这期选题太正了！@肖大卉Flora			1213679240	00	3380846772329748	1397724389643
2319737-	0		7	Sun Aug 05 23:36:37 +0800 2012			3475809383380293	3475809383380293				3475809383380293	0			0	<a href=" rel="nofollow">iPhone客户端</a>	这组真真心好看 //@德尔芬娜:哦my~~~joannie~~~			1213679240	00	3475795303737765	1397724389643
2319738-	0		0	Fri Dec 23 00:13:44 +0800 2011			3393556678622848	3393556678622848				3393556678622848	0		#	0	<a href=" rel="nofollow">微博 weibo.com</a>	#深夜说吃的# 稍纵即逝的香椿头 图片：韩冰娜			1213679240	00	0	1397724389643
2319739-	0		0	Tue Jun 21 11:49:38 +0800 2011			12714739579	12714739579				5620515227999741332	0		#	1	<a href=" rel="nofollow">iPhone客户端</a>	@德国国家旅游局 @高颂 你的这个是叫乐活德国汉堡包吗？			1213679240	00	0	1397724389644
2319740-	0		0	Fri Jul 29 14:57:54 +0800 2011			15594099922	15594099922				3340508169361184	0			1	<a href=" rel="nofollow">iPhone客户端</a>	我操 //@V姐姐:这个，更要命。// @小田先生tc ：他妈的！			1213679240	00	15572112714	1397724389644
2319741-	0		0	Thu Apr 21 06:49:38 +0800 2011			9428760996	9428760996				221110421457470580	0			3	<a href=" rel="nofollow">iPhone客户端</a>	[花心][花心]//@李李�RINO:有爱的大猫 // @vvdvvd : Hello tiger // @楼小悦 :[心]			1213679240	00	9344112554	1397724389644
2319742-	0		1	Thu Apr 28 22:45:39 +0800 2011			9797834911	9797834911				5600645682785711080	0		#	0	<a href=" rel="nofollow">微博 weibo.com</a>	稀饭@木桶2叔 为我们点的豆腐冰激凌！拜@wendywang234 身边那位所赐，我把Madame zhu`s kitchen叫做了zhou妈妈的厨房，还蛮顺口呀~~~			1213679240	00	0	1397724389645
2319743-	0		3	Wed Oct 24 12:14:47 +0800 2012			3504628824241825	3504628824241825				3504628824241825	0			0	<a href=" rel="nofollow">专业版微博</a>	@米亚1900 @卡米CAMILLE 好想看!			1213679240	00	3493762561017034	1397724389645
2319744-	0		21	Fri Sep 21 00:02:46 +0800 2012			3492485805948094	3492485805948094				3492485805948094	0			1	<a href=" rel="nofollow">iPhone客户端</a>	IPad落在飞机的布袋子里了，打了国航电话，说3-5工作日给答复。。还能找到么。。。			1213679240	00	0	1397724389646
2319745-	0		19	Mon Dec 05 11:21:35 +0800 2011			3387201765909786	3387201765909786				3387201765909786	0		#	3	<a href=" rel="nofollow">iPhone客户端</a>	蓝翎女孩来到法旅活动现场，惊艳一片，谋杀一堆胶卷@法国旅游局齐勇 @kangnong0888 @棉袜子			1213679240	00	0	1397724389646
2319746-	0		0	Thu Jul 28 12:44:40 +0800 2011			15500319124	15500319124				3340112251809950	0			0	<a href=" rel="nofollow">微博 weibo.com</a>	消息终于传过去了，只是不知道真实的有多少			1213679240	00	15499816342	1397724389646
2319747-	0		0	Tue Jul 19 13:05:10 +0800 2011			14774650770	14774650770				3336855919930381	0			0	<a href=" rel="nofollow">微博 weibo.com</a>	//@Cecily之流年：//@邹苗苗_：//@leonmind：转发微博。			1213679240	00	14771194386	1397724389647
2319748-	0		1	Thu May 26 13:12:22 +0800 2011			11227794358	11227794358				5610888333682790954	0			3	<a href=" rel="nofollow">微博 weibo.com</a>	转发微博。			1213679240	00	11226998163	1397724389647
2319749-	0		2	Mon Mar 14 12:21:20 +0800 2011			7487924971	7487924971				201110314101665306	0			2	<a href=" rel="nofollow">iPhone客户端</a>	我一早就在想工作人员这个问题 //@李小喃喃:// @霖杰 :精神 // @贞宋 ://  @Jchomme  :  @赵小满   我��周去�安寺。			1213679240	00	7486534921	1397724389647
2319750-	0		1	Tue Nov 20 22:04:18 +0800 2012			3514561653087666	3514561653087666				3514561653087666	0			1	<a href=" rel="nofollow">微博 weibo.com</a>	我想去，小时候一直坚信自己可以荒岛生存 //@稻糠:这个确实有卖点。有条件的可以复制。 //@Hilary_Li: 第一想法就是在我们第四湾搞一个！@徐金海ocean @半岛绅士 //@申易子: 这个有意思			1213679240	00	3514459978649362	1397724389648
2319751-	0		0	Sat May 07 02:44:25 +0800 2011			10215637123	10215637123				211110507385759	0			0	<a href=" rel="nofollow">iPad客户端</a>	@贾樟柯 bravo！非常好看！			1213679240	00	10214733208	1397724389648
2319752-	1		9	Sat Aug 25 10:14:00 +0800 2012			3482855155930663	3482855155930663				3482855155930663	0			0	<a href=" rel="nofollow">iPhone客户端</a>	返乡途中，看＜死亡医生＞，阿尔帕奇诺真的老了，老得足以让我不时停下来，叹一口气，擦一把泪，想一下他在＜狗日下午＞里吊儿郎当的样子， 或是我家冰箱上那两张黑白相片儿。。友人说我们应该优雅地老去。。。不管怎么样，阿尔帕奇诺比罗伯特德尼罗老去得优雅。。。			1213679240	00	0	1397724389648
2319753-	0		3	Sun Aug 19 01:31:09 +0800 2012			3480549249213514	3480549249213514				3480549249213514	0			3	<a href=" rel="nofollow">iPhone客户端</a>	我相反捏。。 //@何小晨:我更喜欢她是女人时候的模样。 //@MioMinMio: 好man啊[花心]  //@Jezika:超[帅][帅][帅]  //@annie4508:也很帅[嘻嘻]			1213679240	00	3479733671065641	1397724389649
2319754-	0		0	Tue Sep 06 13:20:11 +0800 2011			3354616705018122	3354616705018122				3354616705018122	0			0	<a href=" rel="nofollow">iPhone客户端</a>	秋天虽然来了，还是要防晒哦 //@精品杨磊:// @棉袜子 ：转发微博。			1213679240	00	3354612879621798	1397724389649
2319755-	0		2	Sun Apr 17 13:40:32 +0800 2011			9250058890	9250058890				201110417372431968	0		#	0	<a href=" rel="nofollow">iPhone客户端</a>	健康的枫糖小屋，在新光地下.			1213679240	00	0	1397724389649
2319756-	0		1	Thu Mar 31 14:01:09 +0800 2011			8384210358	8384210358				201110331466525383	0			0	<a href=" rel="nofollow">iPhone客户端</a>	留到愚人节！			1213679240	00	8351859917	1397724389649
2319757-	0		2	Mon Sep 05 22:39:23 +0800 2011			3354395043511518	3354395043511518				3354395043511518	0			0	<a href=" rel="nofollow">微博 weibo.com</a>	回复@莲子的帘子:俺的夜跑第二天，跑了1个小时，加油！ //@莲子的帘子:@小涛 @flydutch @茕茕白猫 @胡笳继续 @高宝贵 @sunfish @杨小P @小新朵朵 @美伢姐姐烤红薯 @宋豚豚 @蚂蚁的足迹 @summer维拉 @红伶 今天开跑没？			1213679240	00	3354375978684019	1397724389650
2319758-	0		5	Wed Aug 21 22:14:34 +0800 2013			3613858511673090	3613858511673090				3613858511673090	0			3	<a href=" rel="nofollow">iPhone客户端</a>	赞！ //@曾焱冰:酷！！//@吉克隽逸: 我们走起来！vogue8周年快乐！[兔子][兔子][兔子] //@韩火火:Cool！@angelica张宇 //@Ming奚梦瑶:一起去逛街?			1213679240	00	3610532672107126	1397724389650
2319759-	0		13	Fri Jun 29 09:49:01 +0800 2012			3462192760864501	3462192760864501				3462192760864501	0		#	23	<a href=" rel="nofollow">iPhone客户端</a>	谁说老外不爱看热闹，手机全掏出来了，边看还边指着我的相机说你怎么不拍。。汗。。。@独臂老宋 @李黎黎LT @大菜微博			1213679240	00	0	1397724389650
2319760-	0		8	Wed Oct 03 17:10:08 +0800 2012			3497093014905986	3497093014905986				3497093014905986	0		#	0	<a href=" rel="nofollow">iPhone客户端</a>	 @iloulive @NANA小短发 你们看这是哪@何小晨			1213679240	00	0	1397724389651
2319761-	0		5	Fri Jan 20 00:45:38 +0800 2012			3403711571392475	3403711571392475				3403711571392475	0		#	0	<a href=" rel="nofollow">iPhone客户端</a>	赖在这个窗口不走了~~~			1213679240	00	0	1397724389651
2319762-	0		21	Tue Nov 20 13:16:28 +0800 2012			3514428819509400	3514428819509400				3514428819509400	0		#	0	<a href=" rel="nofollow">iPhone客户端</a>	口号一下：我要将带午餐这件事进行到底！			1213679240	00	0	1397724389651
2319763-	0		3	Tue Feb 14 16:15:58 +0800 2012			3413005385216614	3413005385216614				3413005385216614	0			1	<a href=" rel="nofollow">微博 weibo.com</a>	I used to have male friends, where are they?			1213679240	00	0	1397724389651
2319764-	0		0	Tue Oct 25 13:51:12 +0800 2011			3372381515777135	3372381515777135				3372381515777135	0			0	<a href=" rel="nofollow">iPhone客户端</a>	同求！！ //@慕春彦:求辟谣。 // @趴屋顶的猫 : 幸亏我之前去过……// @照悍妇 :  @趴屋顶的猫  幸亏你hold住 // @宋有财 :  @日本国驻华大使馆			1213679240	00	3372132876964086	1397724389652
2319765-	0		0	Fri Sep 09 00:54:54 +0800 2011			3355516312787165	3355516312787165				3355516312787165	0			0	<a href=" rel="nofollow">iPad客户端</a>	这站咋变这样了，受惊了！			1213679240	00	3355513010800980	1397724389652
2319766-	0		0	Mon May 23 08:32:30 +0800 2011			11058220916	11058220916				5609702957063021597	0			1	<a href=" rel="nofollow">微博 weibo.com</a>	//@迷死一只知更鸟：[心]			1213679240	00	11054119972	1397724389652
2319767-	0		0	Sun Apr 22 15:15:11 +0800 2012			3437632468397931	3437632468397931				3437632468397931	0			0	<a href=" rel="nofollow">iPhone客户端</a>	身未动，心已远[来] //@屠无穷:让旅行更有意义[good] //@精品杨磊:[鼓掌][鼓掌][鼓掌]			1213679240	00	3437601098804308	1397724389653
2319768-	0		0	Wed Jun 13 13:32:09 +0800 2012			3456450716704948	3456450716704948				3456450716704948	0			0	<a href=" rel="nofollow">微博 weibo.com</a>	凉拌凉拌//@文盲柚子: 哦加点作料吧！！//@孙午饭: @娜姬纱 �布兄DEI//@暴走米拉: 为毛喵酱们都喜欢睡铁锅呢？！！！@游泳馆 @孙午饭			1213679240	00	3454808616831832	1397724389653
2319769-	0		0	Thu Aug 04 15:17:11 +0800 2011			3342687348747427	3342687348747427				3342687348747427	0			0	<a href=" rel="nofollow">微博 weibo.com</a>	Mark//@flydutch：地址: Atatürk cad. ?ak?r A?a Hamam? numara : 101 Osmangazi / BURSA 电话: 0224 221 25 80 计划要去土耳其Bursa的两位童鞋不要错过这里! @不典型精神病 @阳光乎			1213679240	00	6929599797	1397724389653
2319770-	0		3	Thu Nov 17 23:05:43 +0800 2011			3380855986649675	3380855986649675				3380855986649675	0			1	<a href=" rel="nofollow">微博 weibo.com</a>	我对她还算了解，深聊了两次，总体感觉很聪明的女孩。 //@急信信:这是我至今最爱的女演员，她真的不像演员，很真很智慧，所以很美！ //@红伶:喜欢这张！// @VintageMuse :			1213679240	00	3380785961738985	1397724389653
2319771-	0		1	Wed Aug 01 13:05:28 +0800 2012			3474201002357904	3474201002357904				3474201002357904	0			1	<a href=" rel="nofollow">iPhone客户端</a>	转发微博。			1213679240	00	3468356030165835	1397724389654
2319772-	0		1	Fri Feb 22 11:49:25 +0800 2013			3548471376605689	3548471376605689				3548471376605689	0			0	<a href=" rel="nofollow">微博 weibo.com</a>	Mark备用@我是卡米拉			1213679240	00	3548433808025720	1397724389654
2319773-	0		17	Fri Dec 02 21:50:53 +0800 2011			3386272970236804	3386272970236804				3386272970236804	0		#	1	<a href=" rel="nofollow">iPhone客户端</a>	弄头发了，一如既往地满意，所以我隆重地、毫不吝啬地介绍kilala的店长@三岛智之 给大家，我衷心不二地追随他好多年了，他的手艺赞极了！			1213679240	00	0	1397724389654
2319774-	0		0	Thu Mar 15 16:31:56 +0800 2012			3423881043992784	3423881043992784				3423881043992784	0			0	<a href=" rel="nofollow">微博 weibo.com</a>	起来重睡！！			1213679240	00	3423878372500047	1397724389655
2319775-	0		6	Sat Aug 20 22:03:14 +0800 2011			3348587740778791	3348587740778791				3348587740778791	0			1	<a href=" rel="nofollow">iPhone客户端</a>	我说的，补充一下：碰见喜欢的人就放开去喜欢好了，别掖着，每一个人！！			1213679240	00	3348586801209367	1397724389655
2319776-	0		1	Wed Apr 06 13:07:34 +0800 2011			8737656864	8737656864				201110406117108930	0			1	<a href=" rel="nofollow">iPhone客户端</a>	消息确凿，好男们快来~			1213679240	00	8737446544	1397724389655
2319777-	0		0	Wed Feb 01 14:52:33 +0800 2012			3408273359561924	3408273359561924				3408273359561924	0			0	<a href=" rel="nofollow">专业版微博</a>	 @精品杨磊 @颦颦有礼 快看看能不能送到公司来，能的话请你们吃披萨 //@GungHoPizza:感谢大家的大力支持！叫板第二波视频转发有奖活动获奖名单已经出现喽恭喜@红伶 @品行_shirtarm @V小妞 @刘忻的小鬼 @菜小月 获得叫板100元代金券 详细信息见私信			1213679240	00	3402590295455661	1397724389655
2319778-	0		0	Sun Jul 17 19:56:06 +0800 2011			14647939301	14647939301				2111107175640793	0			0	<a href=" rel="nofollow">iPad客户端</a>	转发微博			1213679240	00	14646292709	1397724389656
2319779-	0		3	Sat Sep 29 10:59:21 +0800 2012			3495550148116965	3495550148116965				3495550148116965	0		#	0	<a href=" rel="nofollow">iPhone客户端</a>	分享图片			1213679240	00	0	1397724389656
2319780-	0		1	Thu Jan 26 02:41:35 +0800 2012			3405915078485586	3405915078485586				3405915078485586	0			0	<a href=" rel="nofollow">iPhone客户端</a>	哇，想去！ //@JamieCao: @红伶   //@西班牙国家旅游局:洋蓟心用橄榄油炒西班牙普通火腿很好吃			1213679240	00	3405526794893448	1397724389656
2319781-	0		0	Sat Aug 11 21:02:09 +0800 2012			3477944841981802	3477944841981802				3477944841981802	0			0	<a href=" rel="nofollow">iPhone客户端</a>	红红绿绿			1213679240	00	3477943714141253	1397724389657
2319782-	0		0	Mon Oct 10 12:05:58 +0800 2011			3366919214506917	3366919214506917				3366919214506917	0			0	<a href=" rel="nofollow">微博 weibo.com</a>	各位吃货的十一吃经			1213679240	00	3366918040051665	1397724389657
2319783-	0		0	Thu May 26 13:09:51 +0800 2011			11227636448	11227636448				5610887685142697337	0		#	0	<a href=" rel="nofollow">微博 weibo.com</a>	#马拉松日记# 5月26日，跑步机5公里。  村上春树从1982年起开始跑步，20多年来，每年参加一次全程马拉松。每当他想偷懒时，就问自己：“你作为一个小说家，不需早起晚归挤在满员电车里受罪，也不需出席无聊的会议。这不是很幸运的事吗？与之相比，不就是在附近跑上一个小时吗，有什么大不了的？”			1213679240	00	0	1397724389658
2319784-	0		0	Mon Mar 14 19:03:07 +0800 2011			7503981075	7503981075				221110314109214945	0			0	<a href=" rel="nofollow">微博 weibo.com</a>	我咋没见到它涅？ //@Charles茶:再次轻轻捧起。。。			1213679240	00	7503059319	1397724389658
2319785-	0		12	Wed Jul 04 17:11:39 +0800 2012			3464116092482938	3464116092482938				3464116092482938	0		#	4	<a href=" rel="nofollow">iPhone客户端</a>	旅途中越来越少给自己拍照，能得到的亮点却越来越多，所以说，自拍是拿给家人唠嗑用的，风景片儿是工作用的，没拍的才是留给自己的[挖鼻屎][挖鼻屎][挖鼻屎]			1213679240	00	0	1397724389658
2319786-	0		0	Wed Mar 16 00:39:40 +0800 2011			7565400741	7565400741				201110316139416172	0			0	<a href=" rel="nofollow">iPhone客户端</a>	哈哈哈哈！			1213679240	00	7565201995	1397724389658
2319787-	0		1	Tue Sep 27 01:53:43 +0800 2011			3362054094609253	3362054094609253				3362054094609253	0			0	<a href=" rel="nofollow">微博 weibo.com</a>	回复@小涛:#夜跑族# 顺便报告一下吧，今儿打了半小时，跑了半小时，健身房有人留意到我在练散打，说明我打得不难看，哈哈！ //@小涛:回复@红伶:赞一个，必须表扬~			1213679240	00	3362049186995429	1397724389659
2319788-	0		1	Thu Apr 05 14:17:47 +0800 2012			3431457429103945	3431457429103945				3431457429103945	0			1	<a href=" rel="nofollow">微博 weibo.com</a>	回复@陈雨星-精品购物指南:赞！很想去哇！ //@陈雨星-精品购物指南:@棉袜子 @红伶 关注			1213679240	00	3431405314952961	1397724389659
2319789-	0		2	Sat Aug 20 10:46:35 +0800 2011			3348417455996313	3348417455996313				3348417455996313	0		#	0	<a href=" rel="nofollow">iPhone客户端</a>	赶集中，等吃三明治@棉袜子 @北京有机农夫市集			1213679240	00	0	1397724389659
2319790-	0		0	Sun Jan 06 11:18:52 +0800 2013			3531431454097976	3531431454097976				3531431454097976	0			0	<a href=" rel="nofollow">iPad客户端</a>	回复@何小晨:咱一起变老，我跟那谁谁一起欢闹//@何小晨:@红伶 咱俩适合一起变老！[爱你][爱你][爱你]			1213679240	00	3531424755470122	1397724389660
2319791-	0		8	Tue Jan 15 11:16:16 +0800 2013			3534692294888857	3534692294888857				3534692294888857	0		#	0	<a href=" rel="nofollow">iPhone客户端</a>	公司前台传来一阵小提琴声，大家一致以为是求婚，我们是有多恨嫁[汗]			1213679240	00	0	1397724389660
2319792-	0		0	Mon Nov 07 13:02:17 +0800 2011			3377080253212753	3377080253212753				3377080253212753	0			0	<a href=" rel="nofollow">iPad客户端</a>	面包与情色局长，加我！			1213679240	00	3375425583632030	1397724389660
2319793-	0		1	Tue Oct 18 17:00:26 +0800 2011			3369892422455445	3369892422455445				3369892422455445	0			1	<a href=" rel="nofollow">iPhone客户端</a>	@更好小姐 的table set作品，可以当兼职啦！@米小�			1213679240	00	3369889561577586	1397724389661
2319794-	0		0	Thu May 05 16:13:07 +0800 2011			10130894984	10130894984				5603142123768498737	0			3	<a href=" rel="nofollow">微博 weibo.com</a>	转发微博。			1213679240	00	10130470004	1397724389661
2319795-	0		5	Fri Jun 24 09:44:50 +0800 2011			12873148988	12873148988				5621596322800237634	0			0	<a href=" rel="nofollow">微博 weibo.com</a>	封面好可爱			1213679240	00	12871652120	1397724389661
2319796-	0		10	Sun Aug 21 14:23:56 +0800 2011			3348834541602776	3348834541602776				3348834541602776	0		#	0	<a href=" rel="nofollow">微博 weibo.com</a>	昨天市集上买来的番茄和鸡蛋上桌啦，颜色香味口感大有区别呀，尤其是鸡蛋，吃得大家很高兴那，这市集我追定了，可惜出来的次数太少，生活在天朝的俺们真悲催，一个月吃一次真鸡蛋。@棉袜子 @秋静vivian @急信信 @胖潘 @北京有机农夫市集			1213679240	00	0	1397724389661
2319797-	0		3	Sat Oct 08 16:25:59 +0800 2011			3366259874662804	3366259874662804				3366259874662804	0		#	0	<a href=" rel="nofollow">iPhone客户端</a>	终于有网了，先来一个神兽，今天去芭萝莎路上			1213679240	00	0	1397724389662
2319798-	0		0	Wed Jun 29 22:57:50 +0800 2011			13279967386	13279967386				5623656103057285519	0			0	<a href=" rel="nofollow">iPhone客户端</a>	看起来很有 //@曹宇JamieCao:这座城堡有什么来头或那种让人把心揉碎的浪漫故事吗？！			1213679240	00	13145656452	1397724389662
2319799-	0		0	Wed Jun 29 22:50:00 +0800 2011			13279359490	13279359490				5623654084580750595	0			0	<a href=" rel="nofollow">iPhone客户端</a>	我找到了，我没醉 //@精品杨磊:被玩了！ // @DJ王鹏 :靠！！又被玩了！我也找了半天！ // @刘鹤佳 ： // @微博搞笑排行榜 ：我还认真找了半天[抓狂]			1213679240	00	13224374476	1397724389662
2319800-	0		0	Tue Aug 30 21:36:34 +0800 2011			3352204908829927	3352204908829927				3352204908829927	0			1	<a href=" rel="nofollow">iPhone客户端</a>	原来希老养的是西高地[花心]			1213679240	00	3352202786030698	1397724389663
2319801-	0		0	Sun Jul 24 15:25:28 +0800 2011			15185539876	15185539876				3338703166827083	0			0	<a href=" rel="nofollow">微博 weibo.com</a>	痛心加愤怒//@程�：[蜡烛] //@巴曙松:[伤心] //@温暖的骨头:[蜡烛] // @康国平 :难过。[蜡烛] // @巴山 ：生与死的区别就是那么一瞬。			1213679240	00	15152568602	1397724389663
2319802-	0		0	Sat Mar 24 16:34:58 +0800 2012			3427143306541803	3427143306541803				3427143306541803	0			0	<a href=" rel="nofollow">iPhone客户端</a>	闲半日啊，闲半日			1213679240	00	3427143025813045	1397724389663
2319803-	0		0	Tue May 17 17:55:55 +0800 2011			10774648123	10774648123				5607621637391328733	0			2	<a href=" rel="nofollow">iPhone客户端</a>	Have fun！			1213679240	00	10774199734	1397724389663
2319804-	0		0	Fri Sep 02 22:44:06 +0800 2011			3353309067617577	3353309067617577				3353309067617577	0			0	<a href=" rel="nofollow">优酷网连接分享</a>	多么奇特而欢腾的神曲挖，突然回味起来，最想听This must be the place，我接着找。Talking Heads  wild wild life   （分享自 @优酷网）			1213679240	00	0	1397724389664
2319805-	0		0	Wed Aug 31 06:02:09 +0800 2011			3352332142392493	3352332142392493				3352332142392493	0			1	<a href=" rel="nofollow">微博 weibo.com</a>	哇塞，纽约开分店啦//@小艾effie：惊喜阿，上周五路过还在装修呢[花心]			1213679240	00	3352300890885254	1397724389664
2319806-	0		3	Tue Mar 29 18:39:36 +0800 2011			8283103209	8283103209				201110329431326487	0			1	<a href=" rel="nofollow">iPhone客户端</a>	我爱素的意大利面！			1213679240	00	8280199281	1397724389664
2319807-	0		9	Wed Jan 09 15:55:25 +0800 2013			3532588213696072	3532588213696072				3532588213696072	0		#	1	<a href=" rel="nofollow">微博 weibo.com</a>	章子怡又回来了。宗师的造型太赞了。。。			1213679240	00	0	1397724389665
2319808-	0		0	Tue Feb 14 10:12:19 +0800 2012			3412913874545231	3412913874545231				3412913874545231	0			0	<a href=" rel="nofollow">iPhone客户端</a>	期待极了！ //@译林出版社:《阿佛洛狄忒：感官回忆录》新版即将推出，敬请期待[心]			1213679240	00	3412902549684669	1397724389665
2319809-	0		7	Tue Jan 24 07:43:36 +0800 2012			3405266303456092	3405266303456092				3405266303456092	0		#	1	<a href=" rel="nofollow">iPhone客户端</a>	从电影院走出来，圣米歇尔区已经是这个样子了，午夜的巴黎地铁有种怪怪的气氛，街头见不到鬼影一个，地道里却充斥了放纵的男男女女，坐在你家大门口抽烟的套头衫男也总是让你好不忐忑。。。			1213679240	00	0	1397724389665
2319810-	0		0	Thu Jul 28 11:52:34 +0800 2011			15496038918	15496038918				3340099140245446	0			0	<a href=" rel="nofollow">微博 weibo.com</a>	8错			1213679240	00	15493364963	1397724389665
2319811-	0		1	Sat Jun 25 22:02:34 +0800 2011			12999031488	12999031488				5622157520415307225	0			1	<a href=" rel="nofollow">微博 weibo.com</a>	转发微博。			1213679240	00	12995268032	1397724389666
2319812-	0		0	Fri Dec 09 20:55:20 +0800 2011			3388795711716826	3388795711716826				3388795711716826	0			0	<a href=" rel="nofollow">微博 weibo.com</a>	抱抱 //@桃格尼尼:可怜的屠屠			1213679240	00	3388794109268551	1397724389666
2319813-	0		2	Sat Oct 15 21:22:25 +0800 2011			3368871189148612	3368871189148612				3368871189148612	0		#	0	<a href=" rel="nofollow">iPhone客户端</a>	这小屁孩各种习惯一大堆:爱拿人脚背当坐垫，不让人摸腿，翻脸比翻书快……			1213679240	00	0	1397724389666
2319814-	0		1	Fri Oct 07 19:02:33 +0800 2011			3365936887781939	3365936887781939				3365936887781939	0		#	3	<a href=" rel="nofollow">iPhone客户端</a>	往返港口与阿德莱德城市之间的公车司机也兼职邮递员，在回程的路上，他时不时停下车来，拿着布口袋收集沿途邮筒里的信件，收到第三个时她说那是最后一个，我把我的明信片也丢进了他的布口袋，一定会比丢在袋鼠岛上的快得多，因为岛上的邮局就是插在沙地里的一堆邮筒，两天才被收一次，岛上没手机信号。			1213679240	00	0	1397724389667
2319815-	0		1	Wed Jun 15 17:05:20 +0800 2011			12379212466	12379212466				5618370072054426789	0			0	<a href=" rel="nofollow">iPhone客户端</a>	好瘦的人马少女			1213679240	00	12358264170	1397724389667
2319816-	0		2	Sun Mar 18 20:01:12 +0800 2012			3425020867257461	3425020867257461				3425020867257461	0			0	<a href=" rel="nofollow">iPhone客户端</a>	回复@陈倩冰:听起来是会做的笑声 //@陈倩冰:[哈哈]			1213679240	00	3425011379814473	1397724389668
2319817-	0		0	Tue Nov 27 10:27:28 +0800 2012			3516923004546671	3516923004546671				3516923004546671	0			0	<a href=" rel="nofollow">iPhone客户端</a>	女神终于又出现了！ //@朱芸avis:女神苏菲玛索的《邂逅幸福》今日上映！邂逅浪漫爱情，演绎幸福人生，值得一看！			1213679240	00	3516568900206701	1397724389668
2319818-	0		5	Sun Aug 07 19:47:26 +0800 2011			3343842523132336	3343842523132336				3343842523132336	0		#	1	<a href=" rel="nofollow">iPhone客户端</a>	鸡冻，座位太远，只能用这个表达一下我现在的心情。			1213679240	00	0	1397724389668
2319819-	0		6	Thu Oct 25 14:40:17 +0800 2012			3505027827755796	3505027827755796				3505027827755796	0		#	1	<a href=" rel="nofollow">iPhone客户端</a>	偶像做得意大利面酱			1213679240	00	0	1397724389668
2319820-	0		9	Mon Sep 03 16:25:46 +0800 2012			3486210205331439	3486210205331439				3486210205331439	0			0	<a href=" rel="nofollow">微博 weibo.com</a>	悲催了，名字被搞错，没赶上飞机，机场耗一天，连吃两顿机场饭那！！！不说了。。擦把泪继续写稿。。。			1213679240	00	0	1397724389669
2319821-	0		0	Sat Nov 24 11:21:52 +0800 2012			3515849526241398	3515849526241398				3515849526241398	0			0	<a href=" rel="nofollow">iPhone客户端</a>	厉害呀！想起当年凯文科斯纳拍＜未来水世界＞因为没有办法特效解决海上拍摄，只能真拍，拍到破产。。			1213679240	00	3515845340520198	1397724389669
2319822-	0		0	Tue Nov 29 14:32:44 +0800 2011			3385075543335858	3385075543335858				3385075543335858	0			0	<a href=" rel="nofollow">iPhone客户端</a>	不堵车			1213679240	00	3385055709557769	1397724389669
2319823-	0		1	Sun Aug 19 01:53:21 +0800 2012			3480554835613301	3480554835613301				3480554835613301	0			0	<a href=" rel="nofollow">iPhone客户端</a>	还有女猪脚我好爱，曾经出现在＜赛末点＞里 //@大头斯基:英腔是亮点之一，@非常邪恶的鱼 你懂的 ，还有那个暴躁又善良的大叔可以秒杀任何年龄段的女银，制片助理的小暗恋也灰常可爱，片中那些新闻价值观和每条新闻诞生过程我们看了简直就是要泪奔了，只是很多米国背景时事事件让人挠头。			1213679240	00	3480544555613326	1397724389670
2319824-	0		5	Mon Dec 26 23:06:39 +0800 2011			3394989352422963	3394989352422963				3394989352422963	0		#	0	<a href=" rel="nofollow">豆瓣电影</a>	看过《开罗时间》 ★★★ 			1213679240	00	0	1397724389670
2319825-	0		11	Wed Nov 30 22:42:41 +0800 2011			3385561231995314	3385561231995314				3385561231995314	0			0	<a href=" rel="nofollow">微博 weibo.com</a>	@小鑫Yuchimon 我们dinner party搞起来吧，就定这周末了！！我家烤箱好久没见着火星子了。。。			1213679240	00	0	1397724389670
2319826-	0		0	Fri Jul 29 03:24:09 +0800 2011			15558972676	15558972676				3340333580568468	0			0	<a href=" rel="nofollow">微博 weibo.com</a>	好口爱//@王文心：这张大爱！ //@cocteausolo1979: 我有件麦昆的连体衣，做得跟制服一样，脱光上身尴尬不算还各种困难。。。[泪]			1213679240	00	15507010702	1397724389671
2319827-	0		0	Sat Mar 03 10:34:10 +0800 2012			3419442354365565	3419442354365565				3419442354365565	0			0	<a href=" rel="nofollow">iPad客户端</a>	笑			1213679240	00	3419212343458938	1397724389671
2319828-	0		2	Thu Oct 20 01:01:54 +0800 2011			3370375975074750	3370375975074750				3370375975074750	0			1	<a href=" rel="nofollow">iPhone客户端</a>	Mark下，这周很想去 //@北京有机农夫市集: #市集抢先报#  // @北京乐活先生 :本周市集，乐活村一如既往，带来自由放养健康鸡和鸡蛋，鸡蛋30元/12枚，鸡120元/只，还有少量杂交野猪肉，前后臀尖和五花肉，35元/斤。			1213679240	00	3370287840698027	1397724389671
2319829-	0		2	Tue Aug 30 23:01:44 +0800 2011			3352226341120031	3352226341120031				3352226341120031	0			0	<a href=" rel="nofollow">微博 weibo.com</a>	这个我熟，小时候常吃！//@棉袜子：术语叫“芡实“，晾干后能入药哪~口感粉嫩粉嫩地啊~新鲜地介个，北京根本见不到~			1213679240	00	3352166566160618	1397724389672
2319830-	0		3	Mon Dec 10 22:59:22 +0800 2012			3521823268546182	3521823268546182				3521823268546182	0		#	1	<a href=" rel="nofollow">豆瓣电影</a>	看过《美味绝飨》：片子拍得太闷了，像是在看一帮搞实验的科学家，就算为了表现Ferran Adria的科研疯劲也没必要把美食纪录片拍得食欲全无吧，看在餐厅已经倒闭的份上，勉强看看，就当是El bulli的最后纪念好了。 ★★★ 			1213679240	00	0	1397724389672
2319831-	0		4	Sat Dec 17 22:26:15 +0800 2011			3391717686491063	3391717686491063				3391717686491063	0		#	1	<a href=" rel="nofollow">豆瓣的分享</a>	“孤独和疏离感，是我创作的动力。” 电影《奈良美智和他的旅行记录 NARA:奈良美智との旅の��》 (来自豆瓣)  			1213679240	00	0	1397724389672
2319832-	0		1	Mon Jul 30 14:36:42 +0800 2012			3473499190801958	3473499190801958				3473499190801958	0			0	<a href=" rel="nofollow">微博 weibo.com</a>	莞尔//@欧阳梦粥: [嘻嘻]			1213679240	00	3473495885743925	1397724389673
2319833-	0		0	Tue Sep 20 17:45:56 +0800 2011			3359757012578557	3359757012578557				3359757012578557	0			1	<a href=" rel="nofollow">iPhone客户端</a>	回复 @Neomie喃喃:是大厨学校呀 //@Neomie喃喃:回复@红伶:蓝带是啥 //@Neomie喃喃:为了让你们意志更刚强，我必须努力啊[嘻嘻]  //@老板娘一枚：哎、每次上床前都能看到你的介绍，要不你转去做美食杂志吧~~~~			1213679240	00	3359075178201396	1397724389673
2319834-	0		1	Mon Jun 24 09:34:30 +0800 2013		type:Pointcoordinates:#39.97406#116.42968	3592648738465090	3592648738465090				3592648738465090	0		#	1	<a href=" rel="nofollow">iPhone客户端</a>	#Vogue对话Victoria# 敬请期待＜Vogue服饰与美容>主编Angelica与＂时尚辣妈＂Victoria Beckham精彩对话 我在这里:			1213679240	00	0	1397724389673
2319835-	0		4	Sun Aug 14 18:22:31 +0800 2011			3346357868003217	3346357868003217				3346357868003217	0		#	0	<a href=" rel="nofollow">iPhone客户端</a>	溜达着上飞机，你试过么？			1213679240	00	0	1397724389674
2319836-	0		9	Wed Sep 12 19:23:45 +0800 2012			3489516494560741	3489516494560741				3489516494560741	0		#	0	<a href=" rel="nofollow">iPhone客户端</a>	同样是香蕉苹果奶昔，为什么我打出来的是紫的[奥特曼][奥特曼][奥特曼]			1213679240	00	0	1397724389674
2319837-	0		12	Thu Nov 17 18:46:57 +0800 2011			3380790869908118	3380790869908118				3380790869908118	0		#	2	<a href=" rel="nofollow">微博 weibo.com</a>	最近,频频与Basil这货打照面,朋友与我辩论:Basil不是紫苏,紫苏不是罗勒。本来很笃定的我直接晕菜;后来,有国外回来的朋友问我,在北京去哪里买Basil?我反问他,你是想买罗勒还是紫苏?他顿时语噎,沉默良久回答说,我先想想.后来,我非常过意不去地发短信给他:无论你是买罗勒还是紫苏,去新源里菜市场就好了。			1213679240	00	0	1397724389674
2319838-	0		1	Thu Dec 15 18:46:14 +0800 2011			3390937544168184	3390937544168184				3390937544168184	0			1	<a href=" rel="nofollow">iPhone客户端</a>	重点@时格 10点之前又当美编又当图编的。 //@精品杨磊:各位辛苦了[抱抱][手套][礼物][鼓掌]			1213679240	00	3390935790925189	1397724389675
2319839-	0		6	Wed Mar 07 21:57:35 +0800 2012			3421063893609627	3421063893609627				3421063893609627	0			1	<a href=" rel="nofollow">iPhone客户端</a>	 @陈雨星-精品购物指南			1213679240	00	3420972323308556	1397724389675
2319840-	0		0	Sun Apr 08 14:34:35 +0800 2012			3432548820750424	3432548820750424				3432548820750424	0			0	<a href=" rel="nofollow">iPhone客户端</a>	大家耐心等待召唤哦 //@陈雨星-精品购物指南:槟城在招唤 谁将是幸运儿？[花心] //@屠无穷: 很期待与大家见面哦！[抱抱]			1213679240	00	3432535008292083	1397724389675
2319841-	0		4	Thu Oct 04 14:31:52 +0800 2012			3497415564769692	3497415564769692				3497415564769692	0			0	<a href=" rel="nofollow">iPad客户端</a>	@iloulive 你的攻略我们直接copy了，六盘水羊肉吃了，这个也吃了，可惜只点对了一个黄焖鸡@何小晨 //@LonelyPlanet:大理，益恒饭店，作者的选择。搬过家之后是否美味依然？			1213679240	00	3497392555262506	1397724389675
2319842-	0		0	Wed Aug 31 12:46:11 +0800 2011			3352433820953790	3352433820953790				3352433820953790	0			0	<a href=" rel="nofollow">iPhone客户端</a>	好有市井霸气的老师！ //@ouyangjuanpin:好喜感...// @马杰Jeffrey :不评论			1213679240	00	3348491195787174	1397724389676
2319843-	0		5	Mon Sep 17 00:16:04 +0800 2012			3491039618587944	3491039618587944				3491039618587944	0			0	<a href=" rel="nofollow">iPhone客户端</a>	西西里！我来了！			1213679240	00	0	1397724389676
2319844-	0		1	Tue Mar 29 20:14:27 +0800 2011			8288159409	8288159409				201110329430873833	0		#	2	<a href=" rel="nofollow">微博 weibo.com</a>	卡桑卓拉在一个小黑盒子里发现了一件跟我们的生命全然相反的东西，这东西是一个梦境、一个幻影、无限虚假，只要看上一眼，你的生命―你的努力、挣扎和忧虑，一切都会变得毫无意义―《肠子》 卡桑卓拉就是我们自己，这小黑盒子，就是我们偶尔会真切面对的孤独感，小黑子以外，是我们的嬉笑打闹和聚会。			1213679240	00	0	1397724389676
2319845-	0		2	Fri Oct 05 15:01:00 +0800 2012			3497785284782712	3497785284782712				3497785284782712	0		#	0	<a href=" rel="nofollow">iPhone客户端</a>	分享图片			1213679240	00	0	1397724389677
2319846-	0		1	Wed Mar 16 00:44:06 +0800 2011			7565500133	7565500133				201110316139553441	0			0	<a href=" rel="nofollow">iPhone客户端</a>	我本来也想买这件呢，但是我不够瘦 //@李小喃喃:回复 @wu洋 :我有点印象，是个神秘的女银啊~ // @wu洋 :玛琳黛德丽，蓝天使的主演啊，[花心]就是凤毛麟角呀 // @李小喃喃 :回复 @Joe果儿 :现在都是复制人~ // @Joe果儿 :一千个里也没有二三			1213679240	00	7556143267	1397724389677
2319847-	0		0	Thu Jun 21 23:23:09 +0800 2012			3459498549616226	3459498549616226				3459498549616226	0		#	0	<a href=" rel="nofollow">Instagram</a>	刚刚用 Instagram 发布了一张照片 			1213679240	00	0	1397724389677
2319848-	0		6	Mon Jan 14 13:38:02 +0800 2013			3534365579805852	3534365579805852				3534365579805852	0			0	<a href=" rel="nofollow">专业版微博</a>	@潘闻涛Technicolor @吉信信 想去看不，看评论不错			1213679240	00	3534344100457254	1397724389678
2319849-	0		1	Wed Jan 25 00:52:40 +0800 2012			3405525276599179	3405525276599179				3405525276599179	0		#	1	<a href=" rel="nofollow">iPhone客户端</a>	著名的Le reflet，伍迪艾伦和特吕佛最爱的咖啡馆。。。推荐苹果派。。。			1213679240	00	0	1397724389678
2319850-	0		0	Wed May 11 11:39:38 +0800 2011			10457654967	10457654967				2111105111475371	0			0	<a href=" rel="nofollow">iPad客户端</a>	很实用地说			1213679240	00	10402486801	1397724389678
2319851-	0		1	Wed Aug 08 23:04:19 +0800 2012			3476888418456216	3476888418456216				3476888418456216	0			2	<a href=" rel="nofollow">iPhone客户端</a>	骂刘翔的人那么多，顶刘翔的也不少，吵来吵去，没劲到62% //@艾理客ALEX:晚上没啥好节目，无聊到62% //@吴必虎:到了宾馆，台风雨过了62% //@行走的廖晓华:刚喝了一碗绿豆汤，饱了62%。			1213679240	00	3475649832102948	1397724389679
2319852-	0		1	Sun Jul 24 16:09:55 +0800 2011			15188594830	15188594830				3338714352796692	0			0	<a href=" rel="nofollow">微博 weibo.com</a>	喵~~~~~//@环球时尚旅行：太可爱了，喵~~~			1213679240	00	15158514511	1397724389679
2319853-	0		0	Tue Oct 16 10:25:36 +0800 2012			3501702252566459	3501702252566459				3501702252566459	0			3	<a href=" rel="nofollow">iPhone客户端</a>	 @老燕子_YU 黄小鸭求比赛			1213679240	00	3501484522531411	1397724389679
2319854-	0		0	Tue Jul 05 23:33:52 +0800 2011			13721682166	13721682166				5625891899987157472	0			0	<a href=" rel="nofollow">微博 weibo.com</a>	转发微博。			1213679240	00	13720449102	1397724389680
2319855-	0		0	Tue Feb 21 22:59:38 +0800 2012			3415643703980536	3415643703980536				3415643703980536	0			0	<a href=" rel="nofollow">iPhone客户端</a>	赞！			1213679240	00	3407872388349049	1397724389680
2319856-	0		0	Fri Jun 10 00:19:51 +0800 2011			12052192580	12052192580				5616255535267271457	0		#	0	<a href=" rel="nofollow">微博 weibo.com</a>	毛姆的短篇这么好看呢，在小说里看到很多曾经看过的黑色电影的故事，非常忠于原著，一看见小说，电影画面就活生生在眼前，刚刚发现原来《剃刀边缘》也是毛姆写的。			1213679240	00	0	1397724389680
2319857-	0		0	Fri Mar 11 19:45:19 +0800 2011			7371311639	7371311639				22111031145428657	0			0	<a href=" rel="nofollow">iPhone客户端</a>	刚刚打开BBC新闻就看到一艘载有百人的大船被海浪越卷越远的画面，还有爆炸跟大火，真是末日，不敢看了，胃直抽抽...			1213679240	00	0	1397724389681
2319858-	0		0	Mon Sep 19 21:50:59 +0800 2011			3359456294119735	3359456294119735				3359456294119735	0			0	<a href=" rel="nofollow">iPhone客户端</a>	柯基猫？ //@韩娅娟HanYajuan:[心] [冒个泡]  //@JamieCao：转发微博			1213679240	00	3359315258241178	1397724389681
2319859-	0		0	Mon Jul 18 14:19:47 +0800 2011			14701661752	14701661752				3336512310380964	0			3	<a href=" rel="nofollow">微博 weibo.com</a>	真会玩//@永远萝莉的迪迪：这明明是俩女儿。。。。//@Tina小精灵：有一双儿女还真幸福嘿！//@火柴棍儿-乔乔：有意思哈@冲锋RYU			1213679240	00	14654666869	1397724389681
2319860-	0		0	Fri Mar 30 15:09:55 +0800 2012			3429296221742752	3429296221742752				3429296221742752	0			0	<a href=" rel="nofollow">iPhone客户端</a>	不转都对不起我这名字			1213679240	00	3429294812605156	1397724389681
2319861-	0		0	Thu Jul 28 09:04:59 +0800 2011			15486754329	15486754329				3340056968464286	0			0	<a href=" rel="nofollow">iPad客户端</a>	//@德尔芬娜: //@rachel0426:我愿意用我的生命让那些畜生“被死亡”！苟延残喘对不起已经死去的亲人，我无颜面对他们。 如果真相需要无数的勇士前赴后继地牺牲，我愿意做其中的一个。// @孙哲GRAZIA : 转发微博。			1213679240	00	15446071993	1397724389682
2319862-	0		0	Tue Jan 31 11:20:03 +0800 2012			3407857489998318	3407857489998318				3407857489998318	0			0	<a href=" rel="nofollow">微博 weibo.com</a>	原来这首歌叫Emmanuel，一直认为Emmanuel是最法国名字里最好听的			1213679240	00	3402660013291994	1397724389682
2319863-	0		4	Fri Nov 23 14:29:54 +0800 2012			3515534463590582	3515534463590582				3515534463590582	0			4	<a href=" rel="nofollow">专业版微博</a>	@HeyTanya @francois-aime-charlotte			1213679240	00	3515484143858905	1397724389682
2319864-	0		7	Sat Oct 15 20:52:50 +0800 2011			3368863743997775	3368863743997775				3368863743997775	0		#	5	<a href=" rel="nofollow">iPhone客户端</a>	家里来了位小客人，@急信信 @胖潘 爹娘你们看我乐得好看么[太阳]			1213679240	00	0	1397724389683
2319865-	0		6	Thu Oct 25 14:40:17 +0800 2012			3505027827755796	3505027827755796				3505027827755796	0		#	1	<a href=" rel="nofollow">iPhone客户端</a>	偶像做得意大利面酱			1213679240	00	0	1397724389683
2319866-	0		0	Tue Feb 14 15:45:20 +0800 2012			3412997681012276	3412997681012276				3412997681012276	0			1	<a href=" rel="nofollow">微博 weibo.com</a>	走起来！//@何小晨: @红伶 改天去吃！ //@头小侠: @yucca13			1213679240	00	3412927908412962	1397724389683
2319867-	0		2	Mon Jun 20 13:16:42 +0800 2011			12670278196	12670278196				5620166579559897444	0			3	<a href=" rel="nofollow">微博 weibo.com</a>	萌呆了			1213679240	00	12667480670	1397724389683
2319868-	0		0	Wed May 04 22:51:35 +0800 2011			10105871145	10105871145				5602873722680653115	0			1	<a href=" rel="nofollow">微博 weibo.com</a>	转发微博。			1213679240	00	10105751163	1397724389684
2319869-	0		1	Wed Mar 07 22:19:43 +0800 2012			3421069463720027	3421069463720027				3421069463720027	0			0	<a href=" rel="nofollow">iPhone客户端</a>	mark //@郭小懒:好棒！再去！[太开心]			1213679240	00	3421067047338140	1397724389684
2319870-	0		5	Sat Jan 21 01:42:55 +0800 2012			3404088371061386	3404088371061386				3404088371061386	0		#	1	<a href=" rel="nofollow">iPhone客户端</a>	推荐一个二手奢侈品店，checheminippes，地址是140 rue否cheche midi 75006，4、6、12、13号线的Montpanasse站。下图是偶今天的收获，吼吼！			1213679240	00	0	1397724389684
2319871-	0		4	Wed Oct 03 13:20:07 +0800 2012			3497035121007861	3497035121007861				3497035121007861	0		#	0	<a href=" rel="nofollow">iPhone客户端</a>	分享图片			1213679240	00	0	1397724389685
2319872-	0		1	Wed Jul 27 03:14:21 +0800 2011			15418923905	15418923905				3339606340997090	0			1	<a href=" rel="nofollow">iPad客户端</a>	发现大家都在不约而同地看自救或自我保护的东西，真是安全感空前缺失啊 //@Cosmo毕婧: Mark 回去立刻买！//@Cosmo易燕:买了，没正经看，速度翻出来~			1213679240	00	15320866418	1397724389685
2319873-	0		0	Fri Mar 30 14:46:36 +0800 2012			3429290354159568	3429290354159568				3429290354159568	0			0	<a href=" rel="nofollow">iPhone客户端</a>	大哥的银@玩家老黄 //@阿仝木:的确是有大哥照着呀[哈哈]			1213679240	00	3429274059230833	1397724389685
2319874-	0		8	Mon Jan 23 07:00:53 +0800 2012			3404893169813759	3404893169813759				3404893169813759	0			0	<a href=" rel="nofollow">iPhone客户端</a>	正看一个短片，1984年法国人自己拍的，讲巴黎人各种地铁逃票，地铁门各种改进。虽然逃票不是什么光荣的事，但是似乎没逃过票就不算来过巴黎，我早已娴熟，见到售票阿姨等工作人员也表情自然地穿过，因为他们是不管逃票的。搞笑的是，这次落地巴黎第一天出行，遇到风衣领带有型大叔搭我车顺风逃。			1213679240	00	0	1397724389685
2319875-	0		0	Thu Feb 23 22:12:58 +0800 2012			3416356723087566	3416356723087566				3416356723087566	0			0	<a href=" rel="nofollow">iPhone客户端</a>	你的书我看完了，现在我妈在看：） //@乔小刀:《好的生活没那么贵》新的讲座即将开始。 //@陈大地1015: 这是一本有乐趣有温度的书，超赞的呦			1213679240	00	3415934469339210	1397724389686
2319876-	0		3	Sun Jul 24 23:29:38 +0800 2011			15224202592	15224202592				3338825011461763	0			1	<a href=" rel="nofollow">微博 weibo.com</a>	下午已经有记者说想要杀人了//@精品杨磊：打死他！ //@陈朝华: //@张志安：转。这个是现场记者对事故发布会的微博直播，提供了电视直播看不到的一些细节。			1213679240	00	15222123294	1397724389686
2319877-	0		0	Mon Dec 19 10:47:09 +0800 2011			3392266531802305	3392266531802305				3392266531802305	0			0	<a href=" rel="nofollow">微博 weibo.com</a>	#牛肉汉堡# 我相信，如果牛肉汉堡有生命，烤架上做出来的牛肉汉堡还没等上桌就早已灵魂出窍，那些包容了一切的汁液顺着烤架流下，滴在炉火上，哧溜一声就化作一股烟气，叹息着离开了人世。			1213679240	00	0	1397724389686
2319878-	0		1	Wed May 25 01:04:00 +0800 2011			11164864744	11164864744				5610329549848365529	0			2	<a href=" rel="nofollow">iPhone客户端</a>	@杨磊leiy 推荐给你的不二店版 //@Ritchie_Triple-Major:恩恩！Depression的部分产品在店内已经有售了！亲民的价钱真的很吸引！			1213679240	00	11163968678	1397724389687
2319879-	0		1	Mon Aug 20 11:33:01 +0800 2012			3481063102194181	3481063102194181				3481063102194181	0			1	<a href=" rel="nofollow">iPhone客户端</a>	偶记得酒庄途中遇见的草泥马[飞机][飞机] //@李潇Shawn:不得不提起 那次醉人的南澳自驾之旅，边喝边穿梭在各大酒庄之间 一路被酒香 田园美景所包围 时而还会因发现神兽而兴奋，同学们 还记得你们自调的美酒的味道么？@红伶 @走进新西兰 @苏丹NO1 @�珲  //@迟蕾bettychi:@李潇Shawn			1213679240	00	3478595647376102	1397724389687
2319880-	0		2	Fri Sep 16 08:50:23 +0800 2011			3358172691708882	3358172691708882				3358172691708882	0		#	0	<a href=" rel="nofollow">iPad客户端</a>	#夜跑族#夜跑day7,因为肠胃炎停跑了几天,期间一直被组织们的跑步贴鞭策着,有组织真好!单位竟然要搞运动会,我准备参加个拔河@小涛 @高宝贵 @胡笳继续 @舞之猫 @flydutch @胡奕 @绽放_M @浅染小凉 @雨天娃娃Rain @闲人小皓 @莲子的帘子 @杨小P @sunfish @小新朵朵 @唐小鳄 @祝小青 @西瓜妹kk @海堂熊二了			1213679240	00	0	1397724389687
2319881-	0		4	Tue May 24 12:38:54 +0800 2011			11126066868	11126066868				5610137538866861121	0			1	<a href=" rel="nofollow">iPhone客户端</a>	有朋友推荐了一个马拉松自训练网站，I am in！！//@北京马拉松:回复 @红伶 :支持! // @红伶 :忽然想去参加马拉松，有没有人支持？但是跑全程我会死在马路上的，来个半程如何。			1213679240	00	8211852723	1397724389687
2319882-	0		5	Thu Apr 12 15:08:53 +0800 2012			3434007003599513	3434007003599513				3434007003599513	0			0	<a href=" rel="nofollow">微博 weibo.com</a>	春天不是读书天！有木有！			1213679240	00	0	1397724389688
2319883-	0		0	Thu Nov 03 17:56:52 +0800 2011			3375704832025187	3375704832025187				3375704832025187	0			0	<a href=" rel="nofollow">微博 weibo.com</a>	回复@程�:都来泣一把多热闹！ //@程�:回复@桃格尼尼:也不都是老柴如歌的行板，也有圣桑和海顿的抒情曲。你不用诉，直接泣，时间有限。 //@桃格尼尼:哈哈，支持周一刊，支持精品乐活志~			1213679240	00	3375678770963584	1397724389688
2319884-	0		0	Mon Sep 17 13:44:19 +0800 2012			3491243013594756	3491243013594756				3491243013594756	0			0	<a href=" rel="nofollow">微博 weibo.com</a>	大叔好欢乐，肚子笑疼了都//@李波波哥: //@亨神: 韩国再有live 一定要去！			1213679240	00	3491141250984057	1397724389689
2319885-	0		1	Wed Aug 31 12:47:53 +0800 2011			3352434248970699	3352434248970699				3352434248970699	0			2	<a href=" rel="nofollow">iPhone客户端</a>	各种不适合 //@ouyangjuanpin:教孩子报警，他们会想当然地以为警察是好人；参观消防局，万一有火灾孩子们会去走那被堵死的消防通道；参观市政府，他们还真以为有个市长天天在那里办公；坐有轨电车去超市，会害他们被人贩子拐走...西方国家的那一套，不适合我们这样的先进国家...			1213679240	00	3352341254673811	1397724389689
2319886-	0		0	Sat Apr 21 10:50:14 +0800 2012			3437203403107041	3437203403107041				3437203403107041	0			0	<a href=" rel="nofollow">微博 weibo.com</a>	看起来非常好读呀！			1213679240	00	3437198446127615	1397724389689
2319887-	0		3	Sat Jun 11 00:56:45 +0800 2011			12099456716	12099456716				5616636129495499911	0			0	<a href=" rel="nofollow">iPhone客户端</a>	Mark			1213679240	00	12097970109	1397724389690
2319888-	0		0	Sun Jul 24 23:42:09 +0800 2011			15225367472	15225367472				3338828161237768	0			2	<a href=" rel="nofollow">微博 weibo.com</a>	好样的//@LesleyFang：//@樱桃和细毛:// @徐累63 ：// @湖州老费 ：// @邹峰日记V ：// @景凯旋的blog ：以前知道有个柴静，现在知道还有个胡紫微。[good] // @法律人王建勋 ：// @楚暮微雨 ：亮了// @杭州王成律师 ：胡MM在cctv能当场发飙看来是不一般啊[good]			1213679240	00	15204973682	1397724389690
2319889-	0		5	Thu Oct 04 15:38:46 +0800 2012			3497432400948442	3497432400948442				3497432400948442	0		#	4	<a href=" rel="nofollow">iPhone客户端</a>	亲爱的们也表错过这家，有可以看见苍山的窗口，有帅哥摄影师主人，有想娶媳妇的拉布拉多叫莱卡，卷尾巴黑丁丁苏格兰梗叫哈雷?戴维森[兔子][兔子][兔子]@何小晨 @大理胡同咖啡 @iloulive @NANA小短发			1213679240	00	0	1397724389690
2319890-	0		0	Thu Mar 22 15:17:05 +0800 2012			3426398922672492	3426398922672492				3426398922672492	0			0	<a href=" rel="nofollow">iPhone客户端</a>	四个姑娘一水金发 //@崔兰兰Lorraine:美丽可爱的加拿大女孩！			1213679240	00	3426380752873744	1397724389691
2319891-	0		3	Sat Mar 31 00:36:47 +0800 2012			3429438878398783	3429438878398783				3429438878398783	0		#	2	<a href=" rel="nofollow">iPhone客户端</a>	在百般调戏之后满足一下@吕岩哲 的小小心愿 全脸照来也~~@文盲柚子@主持人汪洋@方方猪的幸福生活@杀死明天@刘震MAX@雷雷的第五空间			1213679240	00	0	1397724389691
2319892-	0		0	Tue Sep 20 22:06:41 +0800 2011			3359822647227358	3359822647227358				3359822647227358	0			0	<a href=" rel="nofollow">iPad客户端</a>	还是觉得Fred neil这首好			1213679240	00	3359820038205716	1397724389692
2319893-	0		0	Fri Oct 14 21:12:22 +0800 2011			3368506278441917	3368506278441917				3368506278441917	0			0	<a href=" rel="nofollow">iPad客户端</a>	回复@佳境: ?杀手没有假期? 布鲁日//@佳境:回复@桃格尼尼:《练习曲》，台北			1213679240	00	3368499299023441	1397724389692
2319894-	0		5	Sat Jun 30 02:45:22 +0800 2012			3462448533573802	3462448533573802				3462448533573802	0		#	3	<a href=" rel="nofollow">iPhone客户端</a>	bata shoe museum多伦多，第一次参观鞋的博物馆。。各种不淡定。。。。@李黎黎LT @AIKI大�姐 @陈小怪 @独臂老宋 @大菜微博			1213679240	00	0	1397724389692
2319895-	0		0	Tue Feb 26 10:20:42 +0800 2013			3549898597438183	3549898597438183				3549898597438183	0			1	<a href=" rel="nofollow">微博 weibo.com</a>	奥斯卡不管饭			1213679240	00	3549884604836942	1397724389692
2319896-	0		3	Tue Jan 15 00:38:41 +0800 2013			3534531833142799	3534531833142799				3534531833142799	0		#	0	<a href=" rel="nofollow">微博 weibo.com</a>	发张剧照，解个馋。。。			1213679240	00	0	1397724389693
2319897-	0		0	Wed Jul 20 12:04:14 +0800 2011			14849591121	14849591121				3337202973728836	0			0	<a href=" rel="nofollow">iPhone客户端</a>	曾经在国家地理上看到一组曼哈顿岛的古今对比大片，相当震撼啊 //@纽约旅游局中国代表处:看看八十年前帝国大厦第一天开放时纽约的城景，有机会可以去现场对比一下，现在的纽约有何变化			1213679240	00	14846006993	1397724389693
2319898-	0		2	Sat Jun 16 15:00:35 +0800 2012			3457560130167557	3457560130167557				3457560130167557	0			0	<a href=" rel="nofollow">微博 weibo.com</a>	汗，横条纹加竖条纹，要多堕落有多堕落			1213679240	00	3457557710998285	1397724389693
2319899-	0		3	Fri Apr 20 19:02:10 +0800 2012			3436964827553524	3436964827553524				3436964827553524	0		#	0	<a href=" rel="nofollow">iPhone客户端</a>	谨以此相片儿献给堵在路上的人们[沙尘暴][汽车]			1213679240	00	0	1397724389694
2319900-	0		0	Mon Jun 27 19:31:45 +0800 2011			13124726568	13124726568				5622860825426554948	0			1	<a href=" rel="nofollow">iPhone客户端</a>	Mark			1213679240	00	13124217322	1397724389694
2319901-	0		9	Fri Oct 05 14:44:20 +0800 2012			3497781090487518	3497781090487518				3497781090487518	0		#	1	<a href=" rel="nofollow">iPhone客户端</a>	这样的café器皿蛮喜人的，用了多少心思昭然若揭，得，本来要去爬山的，又不想动换了。。。。			1213679240	00	0	1397724389694
2319902-	0		6	Wed May 11 15:47:27 +0800 2011			10470436798	10470436798				5605362020740921066	0		#	11	<a href=" rel="nofollow">iPhone客户端</a>	幸福的北北[good][心][花心]			1213679240	00	0	1397724389695
2319903-	0		0	Mon Jul 25 12:51:26 +0800 2011			15260971284	15260971284				3339026790724936	0			2	<a href=" rel="nofollow">微博 weibo.com</a>	//@张达张达：//@连岳:转发微博。			1213679240	00	15259634694	1397724389695
2319904-	0		21	Tue Nov 20 13:16:28 +0800 2012			3514428819509400	3514428819509400				3514428819509400	0		#	0	<a href=" rel="nofollow">iPhone客户端</a>	口号一下：我要将带午餐这件事进行到底！			1213679240	00	0	1397724389695
2319905-	0		0	Wed Feb 22 21:24:55 +0800 2012			3415982242608132	3415982242608132				3415982242608132	0			1	<a href=" rel="nofollow">微博 weibo.com</a>	好文//@王宏玲: 好文！说出了中国家长的心理话，顶！ //@anotherRene:各种制度，各种寻租，各种不公。。。各种恶行的延续。。。//@MrsRobinson: 好文。万恶的教育制度、万恶的。。//@歪酷宝妈: //@介太:[泪]非常好！//@康庭baba:@康庭小记 //@在路上-大陆: 可怜天下父母心			1213679240	00	3413288258230157	1397724389695
2319906-	0		0	Sun Jul 24 14:32:56 +0800 2011			15181774608	15181774608				3338689946218171	0			0	<a href=" rel="nofollow">微博 weibo.com</a>	//@matthew3000：转发微博。			1213679240	00	15178962664	1397724389696
2319907-	0		0	Tue Apr 03 20:03:32 +0800 2012			3430819664510799	3430819664510799				3430819664510799	0			2	<a href=" rel="nofollow">iPhone客户端</a>	唉呀妈呀，肚子笑痛了呀 //@胖潘: @红伶 @眉不扬  //@胖潘: @吉信信 [哈哈]我家宝还没达到这境界呢			1213679240	00	3427806518575478	1397724389696
2319908-	0		0	Mon Oct 17 20:58:00 +0800 2011			3369589819892608	3369589819892608				3369589819892608	0			1	<a href=" rel="nofollow">微博 weibo.com</a>	回复@精品杨磊:这个版很好看呀！ //@精品杨磊:哈哈，谢谢啦～这也@红伶 极力推荐，我就说她是个爱生活的人～～感谢的好同事 //@译亦生辉:眼光还真是独到，钱粮美术馆也是我常去之处呢~			1213679240	00	3369548156016713	1397724389697
2319909-	0		1	Fri Feb 03 10:04:58 +0800 2012			3408925758333911	3408925758333911				3408925758333911	0			1	<a href=" rel="nofollow">iPhone客户端</a>	娘哎，早上头发没干就出来了，结了一头冰茬子。。。			1213679240	00	0	1397724389697
2319910-	0		1	Sat Jan 28 08:43:24 +0800 2012			3406730904352544	3406730904352544				3406730904352544	0			0	<a href=" rel="nofollow">iPhone客户端</a>	[酷][赞] //@马明-回归大海:太刺激了。 //@江海中1971:给台湾人民春节的大礼			1213679240	00	3406715716069879	1397724389697
2319911-	0		1	Wed Nov 02 22:44:21 +0800 2011			3375414792057990	3375414792057990				3375414792057990	0			0	<a href=" rel="nofollow">iPad客户端</a>	@胖潘			1213679240	00	3375407046969012	1397724389697
2319912-	0		13	Sun Dec 18 20:48:44 +0800 2011			3392055535987187	3392055535987187				3392055535987187	0			0	<a href=" rel="nofollow">iPhone客户端</a>	看十三钗了，片子让我难受，旁边一对父母更让我出离愤怒，竟然带自己七八岁的小孩来看这片，脑子有shi吧！！！			1213679240	00	0	1397724389698
2319913-	0		1	Fri Sep 02 17:36:17 +0800 2011			3353231603076008	3353231603076008				3353231603076008	0		#	1	<a href=" rel="nofollow">豆瓣的分享</a>	挺想读读这本的，看书评还不错，写得好的游记真不多呀 书籍《到英国的理由――滨海王国之旅》 (来自豆瓣)  			1213679240	00	0	1397724389698
2319914-	0		7	Wed May 04 23:14:52 +0800 2011			10106722080	10106722080				5602879722750350147	0			1	<a href=" rel="nofollow">微博 weibo.com</a>	好开心请来@Audrey在北京 做我的“台湾游”专题台北市“代表”，还有她的朋友也是《东西》杂志的撰稿人嘉珍小姐为高雄代言人，然后去台北玩耍过的@iloulive 来一段台北城市印象，另有出生南投的阿强同学回忆家乡。哇，幸福的我！恨不能马上申请台湾自由行！！！			1213679240	00	0	1397724389699
2319915-	0		3	Tue Dec 06 00:31:58 +0800 2011			3387400670017313	3387400670017313				3387400670017313	0		#	1	<a href=" rel="nofollow">豆瓣的分享</a>	大概8年前看了布莱恩・德・帕尔玛这部悬疑片，但是没看到结尾，漏了10分钟，没想到8年后再看直接被结尾电到了，曾经没啥感觉的，被我讥讽为屁股下巴的约翰・特拉沃塔在结尾简直要命了，汗水泪水混杂的脸，暗自独白：这个尖叫声很好…… /电影《凶线 Blow Out》 (来自豆瓣)  			1213679240	00	0	1397724389699
2319916-	0		0	Sat Apr 21 10:56:42 +0800 2012			3437205035092042	3437205035092042				3437205035092042	0			0	<a href=" rel="nofollow">微博 weibo.com</a>	赞！//@Allen沃: [泪] //@veggieg://@一白张: 简单至美！ //@赵薇:[赞]			1213679240	00	3436558419775100	1397724389699
2319917-	0		8	Tue Dec 06 00:09:58 +0800 2011			3387395132884889	3387395132884889				3387395132884889	0		#	1	<a href=" rel="nofollow">微博 weibo.com</a>	把穆赫兰道搬进了现实,大卫林奇开了个夜总会叫:Club Silencio,蒙马特大街142号地下六层,“我感觉从自己的电影甚至音乐中榨出了部分氛围和一些角色.我很宝贝Silencio.我一直希望创造一个允许各种艺术交汇的亲密空间.这里不会有一个沃霍尔式的精神领袖,但它会向各行各业中声名卓著的艺术家敞开大门……"			1213679240	00	0	1397724389699
2319918-	0		0	Mon Jul 18 11:19:02 +0800 2011			14688192344	14688192344				3336466822703454	0			0	<a href=" rel="nofollow">微博 weibo.com</a>	勾起无尽的痒痒//@世界美景：雨后的巴黎			1213679240	00	14680987042	1397724389700
2319919-	0		0	Sat Apr 02 13:14:35 +0800 2011			8503674185	8503674185				20111040229829359	0			0	<a href=" rel="nofollow">iPhone客户端</a>	新宠呀，我爱这个！			1213679240	00	8503383263	1397724389700
2319920-	0		0	Thu Aug 25 11:37:24 +0800 2011			3350242183597870	3350242183597870				3350242183597870	0			0	<a href=" rel="nofollow">微博 weibo.com</a>	苹果的未来根本不需要我等来担心，乔布斯缔造了苹果神话不假，但是这强大的体系早已成型，有没有巨人高举旗帜没有那么关键吧//@欧阳梦帆：虽然电脑是HP，手机是HTC～～但我是多么崇拜这位穿衣服习惯跟我一样的老先生啊。[咖啡]			1213679240	00	3350213071271958	1397724389700
2319921-	0		0	Mon Nov 07 12:23:10 +0800 2011			3377070403598973	3377070403598973				3377070403598973	0			0	<a href=" rel="nofollow">iPhone客户端</a>	//@颦颦有礼:// @杨2婕娜姆 : //  @陈雨星-精品购物指南  :等你！ //  @黑云都  ://  @精品乐活志  :  @张书新   @黄庄老王   @黑云都   @陈雨星-精品购物指南   @红伶   @精品杨磊   @李潇Shawn   @桃格尼尼   @颦颦有礼			1213679240	00	3377051056784341	1397724389701
2319922-	0		0	Wed Jul 27 03:06:31 +0800 2011			15418833881	15418833881				3339604373275872	0			0	<a href=" rel="nofollow">iPad客户端</a>	站住！ //@精品乐活志: 外劳你站住 //@火星人的小窝: 刚刚悲愤完，我又笑抽过去了！好吧我承认我人格分裂[汗] 还是要转发，希望更多看到的人在这个黑色季节里开心[心] //@牙碜妞儿：太欢乐了			1213679240	00	15299463528	1397724389701
2319923-	0		1	Tue Nov 12 11:59:24 +0800 2013			3643781897337434	3643781897337434				3643781897337434	0			1	<a href=" rel="nofollow">iPhone客户端</a>	转发微博			1213679240	00	3643780396038729	1397724389701
2319924-	0		0	Sun Apr 17 19:52:28 +0800 2011			9266632708	9266632708				221110417382867089	0			0	<a href=" rel="nofollow">iPhone客户端</a>	期待//@曹宇JamieCao:// @littlebite :// @irisy岑倩衡 :��微博。			1213679240	00	7801881011	1397724389702
2319925-	0		0	Sat Aug 20 13:09:40 +0800 2011			3348453466046829	3348453466046829				3348453466046829	0			0	<a href=" rel="nofollow">iPad客户端</a>	一直说要买个自行车，夏天都过去了还没买 //@精品乐活志: 走，旅行去~~~~@潇洒如飞			1213679240	00	3348410280754437	1397724389702
2319926-	2		3	Fri Apr 12 11:10:14 +0800 2013			3566218520827890	3566218520827890				3566218520827890	0			2	<a href=" rel="nofollow">iPhone客户端</a>	千呼万唤始出来！@deedeepoon @�琦 @精修礼仪专家Sara			1213679240	00	3566207338346931	1397724389702
2319927-	0		8	Tue Sep 06 21:52:26 +0800 2011			3354745616212423	3354745616212423				3354745616212423	0		#	3	<a href=" rel="nofollow">iPhone客户端</a>	#夜跑族# 夜跑day3，今天在小区里跑得，小声问一句，在健身房跑算不算夜跑咧？@小涛 @高宝贵 @胡笳继续 @舞之猫 @行走的声音 @flydutch @胡奕 @绽放_M @浅染小凉 @雨天娃娃Rain @闲人小皓 @莲子的帘子 @杨小P @sunfish @小新朵朵 @禾和蓝子 @美伢姐姐烤红薯 @唐小鳄 @祝小青 @西瓜妹kk			1213679240	00	0	1397724389702
2319928-	0		0	Mon Jun 27 19:59:15 +0800 2011			13126377258	13126377258				5622867912294152890	0			0	<a href=" rel="nofollow">微博 weibo.com</a>	馋，好久没去望京觅食了//@谷月：望京好吃的 //@趴屋顶的猫:必须得去看看了再难停车都得去！// @精品购物指南 ：唷!有机会得去尝尝。// @郭小懒 : #我爱拉面# 太！致！命！啦！啦啦啦啦！！！！			1213679240	00	13119254166	1397724389703
2319929-	0		0	Thu Aug 02 18:15:12 +0800 2012			3474641333511438	3474641333511438				3474641333511438	0			0	<a href=" rel="nofollow">微博 weibo.com</a>	口水你那些餐具~~~			1213679240	00	3474636303551265	1397724389703
2319930-	0		1	Mon Jan 30 13:48:47 +0800 2012			3407532531474198	3407532531474198				3407532531474198	0			0	<a href=" rel="nofollow">微博 weibo.com</a>	学起来 //@西班牙瓦伦西亚海外交流中心:操练起来！ //@耀扬的Recipes: 是今天晚上做海鲜饭，关注的朋友们可以看一下			1213679240	00	3406809882368578	1397724389703
2319931-	0		2	Tue Mar 13 16:19:31 +0800 2012			3423153143902744	3423153143902744				3423153143902744	0		#	8	<a href=" rel="nofollow">iPhone客户端</a>	又见洋蓟心！来自Sureno的主厨Marino的春季菜单，king fish配洋蓟心~~			1213679240	00	0	1397724389704
2319932-	0		0	Tue Nov 27 10:27:28 +0800 2012			3516923004546671	3516923004546671				3516923004546671	0			0	<a href=" rel="nofollow">iPhone客户端</a>	女神终于又出现了！ //@朱芸avis:女神苏菲玛索的《邂逅幸福》今日上映！邂逅浪漫爱情，演绎幸福人生，值得一看！			1213679240	00	3516568900206701	1397724389704
2319933-	0		6	Sun Jul 22 21:44:47 +0800 2012			3470707809505095	3470707809505095				3470707809505095	0		#	0	<a href=" rel="nofollow">iPhone客户端</a>	院儿里的大肥猫呀，抱不动地说。。。			1213679240	00	0	1397724389704
2319934-	0		3	Wed Jul 13 22:03:42 +0800 2011			14354954578	14354954578				5628837345441441632	0			0	<a href=" rel="nofollow">iPhone客户端</a>	大叔您嘴太甜了 //@上海天马大叔:貌似多数美女都是肉食类，呵呵。 // @spiceuncle : 评价很中肯// @邵爷小七 ：这顿牛肉真不是开玩笑的赞！！！店里的那位欧巴桑也很可爱～对了！！打包的烤土豆也很好吃！！			1213679240	00	14198174866	1397724389704
2319935-	0		3	Mon Feb 06 11:24:54 +0800 2012			3410033042186250	3410033042186250				3410033042186250	0			0	<a href=" rel="nofollow">微博 weibo.com</a>	汤圆节快乐！//@nimo家的金小夕: 快乐[兔子] //@郭小懒:[玫瑰] 快乐！// @梁梁__梁小白 : @郭小懒 @铃木兔子 这个适合兔子控们，元宵节快乐~[兔子][兔子]			1213679240	00	3410017518275144	1397724389705
2319936-	0		5	Fri Sep 23 23:58:17 +0800 2011			3360937880992882	3360937880992882				3360937880992882	0			1	<a href=" rel="nofollow">微博 weibo.com</a>	我老叫@GungHoPizza ，刚知道他家有if果汁			1213679240	00	3360919426066341	1397724389705
2319937-	0		0	Wed Oct 24 12:00:35 +0800 2012			3504625250611073	3504625250611073				3504625250611073	0		#	0	<a href=" rel="nofollow">密友</a>	有木有觉得在微博上不敢吐槽工作，不能宣泄情感，就连关心朋友都力不从心，本以为通过微博连接了世界，没想到却与最亲密的人愈发疏远……如果你真的关心我，就加我为密友。我正在使用由新浪微博官方推出的密友手机客户端，赶快来一起玩吧！			1213679240	00	0	1397724389705
2319938-	0		0	Sun Mar 11 20:34:57 +0800 2012			3422492649675618	3422492649675618				3422492649675618	0			0	<a href=" rel="nofollow">iPhone客户端</a>	美背！敢转过来么？			1213679240	00	3422489902508310	1397724389706
2319939-	0		0	Wed Apr 06 01:13:57 +0800 2011			8723118119	8723118119				201110406109790848	0			0	<a href=" rel="nofollow">iPhone客户端</a>	我最近在读的一本，非常nb，80元值的！推荐！ //@张书新:<失控＞！必须读的一本书。不过太厚，太贵，600多页，80多元。至少翻一翻吧！			1213679240	00	8693598471	1397724389706
2319940-	0		10	Mon Jun 18 00:17:43 +0800 2012			3458062721454922	3458062721454922				3458062721454922	0		#	1	<a href=" rel="nofollow">iPhone客户端</a>	老爸我爱你			1213679240	00	0	1397724389706
2319941-	0		1	Sun Jul 17 19:56:56 +0800 2011			14647994501	14647994501				2111107175645805	0			1	<a href=" rel="nofollow">iPad客户端</a>	借个城堡过周末，不错的选题！			1213679240	00	14647274078	1397724389706
2319942-	0		4	Tue Feb 21 21:42:10 +0800 2012			3415624196240900	3415624196240900				3415624196240900	0			1	<a href=" rel="nofollow">iPhone客户端</a>	追ing			1213679240	00	3415621527961612	1397724389707
2319943-	0		0	Thu Aug 25 10:12:46 +0800 2011			3350220886917674	3350220886917674				3350220886917674	0			0	<a href=" rel="nofollow">iPad客户端</a>	不买没天理啊没天理 //@北京有机农夫市集: 不要忘记买今天上市的《精品购物指南》哦！//@北京有机农夫市集：这周的《精品购物指南》不买没天理啊。上镜有：@添添的亲爸爸 @急信信 @某岚的天空 @齐大福 @王骞SHSH @夏夏201111 @纳兰哲仁 还有几个不知道微博...//@棉袜子：@齐大福			1213679240	00	3349562282794984	1397724389707
2319944-	0		1	Tue Feb 14 01:03:47 +0800 2012			3412775835905959	3412775835905959				3412775835905959	0			0	<a href=" rel="nofollow">微博 weibo.com</a>	我去，真没认出来，你呢 ？@牙碜妞儿 两个都很喜欢呀！			1213679240	00	3412361127917715	1397724389707
2319945-	0		0	Thu Aug 11 13:56:31 +0800 2011			3345203763445276	3345203763445276				3345203763445276	0			0	<a href=" rel="nofollow">微博 weibo.com</a>	mark//@玩家传播老张：真好 周末就去刷[鼓掌]			1213679240	00	3345175515400434	1397724389708
2319946-	0		2	Tue Jul 10 21:28:09 +0800 2012			3466354969849833	3466354969849833				3466354969849833	0			0	<a href=" rel="nofollow">iPhone客户端</a>	一个号称孩子从来没做过公交车的妈，在车从积水里开过时，带着孩子喊：挖，海浪来啦！  我。。汗。。。			1213679240	00	0	1397724389708
2319947-	0		9	Wed Sep 26 12:46:14 +0800 2012			3494489878890890	3494489878890890				3494489878890890	0		#	3	<a href=" rel="nofollow">iPhone客户端</a>	一本很神奇的小书，怪才导演提姆伯顿写的。。。			1213679240	00	0	1397724389708
2319948-	0		1	Mon Sep 03 16:12:20 +0800 2012			3486206833188340	3486206833188340				3486206833188340	0		#	0	<a href=" rel="nofollow">微博 weibo.com</a>	“Are you waiting for someone important?”当我拎着我的照相机站在Yorkville街头时,有N个人经过我时都这么问,搞得我一头雾水,我长得很像狗仔队么?还是今天是什么重要日子?直到我把这条街区都转透了之后,我才明白过来,原来,这片高尚街区是名流们的热衷地,尤其是多伦多电影节期间,处处可见大明星的身影			1213679240	00	0	1397724389709
2319949-	0		0	Wed Jun 29 22:57:03 +0800 2011			13279904224	13279904224				5623655901193804675	0			1	<a href=" rel="nofollow">iPhone客户端</a>	Mark //@洛杉矶旅游局:凭着洛杉矶第一咖啡馆的名头，也要去尝尝。补充下地址：8565 Melrose Avenue West Hollywood, CA 90069  #洛杉矶美食指南#			1213679240	00	9270298872	1397724389709
2319950-	0		4	Fri Sep 30 19:29:49 +0800 2011			3363407034149759	3363407034149759				3363407034149759	0		#	0	<a href=" rel="nofollow">iPhone客户端</a>	今天的晚餐，老爸的小菜和我蒸的螃蟹[威武]			1213679240	00	0	1397724389709
2319951-	0		0	Sun Apr 15 17:35:19 +0800 2012			3435131018643995	3435131018643995				3435131018643995	0			0	<a href=" rel="nofollow">iPad客户端</a>	Mark先			1213679240	00	3435124316194647	1397724389710
2319952-	0		0	Mon Dec 26 23:27:13 +0800 2011			3394994519502673	3394994519502673				3394994519502673	0			0	<a href=" rel="nofollow">微博 weibo.com</a>	我也有朋友收到骗人中奖信息，提醒大家小心			1213679240	00	3394993419630798	1397724389710
2319953-	0		5	Fri Sep 23 13:18:25 +0800 2011			3360776855125547	3360776855125547				3360776855125547	0			1	<a href=" rel="nofollow">iPad客户端</a>	回复@棉袜子: 跟我走，我回家顺道南京吃喝//@棉袜子:是，南京的吃货们也很幸福啊~我要走遍它们~			1213679240	00	3360756997965396	1397724389710
2319954-	0		0	Fri Sep 23 11:15:18 +0800 2011			3360745869881636	3360745869881636				3360745869881636	0			3	<a href=" rel="nofollow">微博 weibo.com</a>	看来国人要当妈妈得先练点儿什么，比如空手道之类的//@陈雨星-精品购物指南：恐怖！已经发展到抢孩子！！更恐怖！！路人的冷漠！！！上海人都是这样事不关已吗 //@谷月:// @刘朔硕 :这么可爱的孩子~~赶快找到家// @凌凌怡 ：转。。。揪心的父母// @Jessiejiajia : 帮忙转！太可怜楼！[可怜]			1213679240	00	3360718062563236	1397724389710
2319955-	0		5	Thu Apr 28 23:23:49 +0800 2011			9800281915	9800281915				5600655518093634892	0		#	0	<a href=" rel="nofollow">iPhone客户端</a>	见缝插针地回了趟老家，我家11岁的京吧活得像娃娃，吃饭不怎么用牙，走路连滚带爬...这就叫童心无限...			1213679240	00	0	1397724389711
2319956-	0		0	Wed Oct 24 12:00:35 +0800 2012			3504625250611073	3504625250611073				3504625250611073	0		#	0	<a href=" rel="nofollow">密友</a>	有木有觉得在微博上不敢吐槽工作，不能宣泄情感，就连关心朋友都力不从心，本以为通过微博连接了世界，没想到却与最亲密的人愈发疏远……如果你真的关心我，就加我为密友。我正在使用由新浪微博官方推出的密友手机客户端，赶快来一起玩吧！			1213679240	00	0	1397724389711
2319957-	0		0	Sat Jul 30 14:49:38 +0800 2011			15672311695	15672311695				3340868477955785	0		#	0	<a href=" rel="nofollow">豆瓣电影</a>	看过《我走我路》 ★★★★  --发自豆瓣电影			1213679240	00	0	1397724389711
2319958-	0		1	Tue Mar 20 12:38:19 +0800 2012			3425634196039770	3425634196039770				3425634196039770	0			0	<a href=" rel="nofollow">iPhone客户端</a>	mark，有人说这里的盐水鸭不错@老燕子_YU			1213679240	00	3421060764566539	1397724389712
2319959-	0		0	Tue Nov 15 23:35:58 +0800 2011			3380138822195671	3380138822195671				3380138822195671	0			0	<a href=" rel="nofollow">iPhone客户端</a>	走起来！ //@Cecily的美丽传说第二季:真的很好吃！Mughal 莫卧尔印度餐厅 地址：三里屯北街81号那里花园4楼(近三里屯VILLAGE)走起来！			1213679240	00	3380093343464407	1397724389712
2319960-	0		1	Tue Oct 18 12:41:14 +0800 2011			3369827192479554	3369827192479554				3369827192479554	0			0	<a href=" rel="nofollow">iPhone客户端</a>	哇，这双太好看了！			1213679240	00	3369823612045359	1397724389712
2319961-	0		1	Fri Feb 24 11:27:01 +0800 2012			3416556556021407	3416556556021407				3416556556021407	0			0	<a href=" rel="nofollow">微博 weibo.com</a>	有这样的路段，火车最好暂停一下，让我们谋杀一堆胶卷//@大蒙特利尔旅游天地: 绝对地火车情节，绝对地想有一个陪坐地银。			1213679240	00	3416553637161173	1397724389713
2319962-	0		5	Sun Jul 10 09:19:33 +0800 2011			14057574028	14057574028				5627527170130880265	0		#	0	<a href=" rel="nofollow">iPhone客户端</a>	终于在榻榻米上睡了一个饱觉，现在在淫雨霏霏的层云峡游荡。			1213679240	00	0	1397724389713
2319963-	0		1	Thu Dec 29 21:37:01 +0800 2011			3396053954972565	3396053954972565				3396053954972565	0			1	<a href=" rel="nofollow">微博 weibo.com</a>	重点以及非常以及十分推荐[嘻嘻] //@flydutch:推荐土耳其式茶舍,体验穿越欧亚的感觉~ 这在北京还是独一份儿的!!			1213679240	00	3395902326416832	1397724389713
2319964-	0		1	Sat Jul 30 20:16:28 +0800 2011			15692629536	15692629536				3340950727032960	0			1	<a href=" rel="nofollow">土豆网推视频</a>	史上最尴尬富婆，砸琴女炫富未遂遭围观（字幕）   （分享自 @土豆网搞笑）			1213679240	00	0	1397724389714
2319965-	0		18	Tue Oct 23 12:59:23 +0800 2012			3504277660321281	3504277660321281				3504277660321281	0		#	12	<a href=" rel="nofollow">微博 weibo.com</a>	#北京领养# 在@潘闻涛Technicolor 的提醒下，才想起来应该放个狗妈妈的照片才对，不然人家怎么知道小狗狗将来是个啥样子，流浪狗妈妈其实长得很可爱啦，除了天然萌以外还是个吃货，这张是刚吃完没擦嘴的样子。六个宝宝，都很肥实，有三个有妈妈的吃货基因。@小米表姐 @北京小瘦兔 @吉信信 @艾理客ALEX			1213679240	00	0	1397724389714
2319966-	0		1	Fri Jul 06 04:56:41 +0800 2012			3464655907061029	3464655907061029				3464655907061029	0			0	<a href=" rel="nofollow">iPhone客户端</a>	收之 //@吕岩哲:@红伶 貌似就是为你的选题准备的。//@阿仝木: 我肯定会吓死[吃惊]			1213679240	00	3464544385049569	1397724389714
2319967-	0		2	Wed Sep 12 15:06:35 +0800 2012			3489451768630091	3489451768630091				3489451768630091	0			1	<a href=" rel="nofollow">微博 weibo.com</a>	真丢人！			1213679240	00	3489450648785317	1397724389714
2319968-	0		11	Fri Dec 30 15:35:42 +0800 2011			3396325413366641	3396325413366641				3396325413366641	0			0	<a href=" rel="nofollow">iPhone客户端</a>	最近严重焦虑，电梯上不靠右站立的人，地铁里磕瓜子的声音，以及msn收文件的速度，都可以把我激怒，肿么办？			1213679240	00	0	1397724389715
2319969-	0		5	Mon Dec 17 16:29:31 +0800 2012			3524261870673741	3524261870673741				3524261870673741	0			0	<a href=" rel="nofollow">微博 weibo.com</a>	相当末日啊！			1213679240	00	3524254806965352	1397724389715
2319970-	0		1	Sat Sep 24 11:54:44 +0800 2011			3361118181447381	3361118181447381				3361118181447381	0			1	<a href=" rel="nofollow">iPhone客户端</a>	[泪][泪][泪] //@棉袜子:回复@玩家传播老张:[泪]  //@玩家传播老张:各种特刊 各种清版日 伤不起[泪]			1213679240	00	3361113691673146	1397724389715
2319971-	0		4	Mon Jan 02 23:26:40 +0800 2012			3397531099316020	3397531099316020				3397531099316020	0		#	1	<a href=" rel="nofollow">iPhone客户端</a>	疯起来严重走形，乖狗不敢上沙发，让上都不敢：）@急信信 @胖潘			1213679240	00	0	1397724389716
2319972-	0		1	Tue May 15 15:12:18 +0800 2012			3445966663098914	3445966663098914				3445966663098914	0			1	<a href=" rel="nofollow">iPhone客户端</a>	 @精品乐活志 @陈雨星-精品购物指南			1213679240	00	3445887172787761	1397724389716
2319973-	0		4	Fri Nov 23 14:29:54 +0800 2012			3515534463590582	3515534463590582				3515534463590582	0			4	<a href=" rel="nofollow">专业版微博</a>	@HeyTanya @francois-aime-charlotte			1213679240	00	3515484143858905	1397724389716
2319974-	0		0	Wed Oct 24 16:34:49 +0800 2012			3504694263643105	3504694263643105				3504694263643105	0			1	<a href=" rel="nofollow">微博 weibo.com</a>	我记得你，《桃色交易》里除黛米摩尔外的另一大亮点。 //@廖敏Maggie:好注解			1213679240	00	3504637346915174	1397724389717
2319975-	0		0	Sun Nov 20 00:59:11 +0800 2011			3381609315581764	3381609315581764				3381609315581764	0			0	<a href=" rel="nofollow">iPhone客户端</a>	赞！餐具也不错！			1213679240	00	3381532204540804	1397724389717
2319976-	0		7	Mon Jan 30 09:41:02 +0800 2012			3407470187854060	3407470187854060				3407470187854060	0		#	4	<a href=" rel="nofollow">iPhone客户端</a>	上班第一天，外面飘雪了，我给大家带好吃的了，可惜路途遥远，压碎了好些个，不过碎碎平安对吧。@牙碜妞儿 @精品杨磊			1213679240	00	0	1397724389717
2319977-	0		0	Sat Aug 20 22:03:59 +0800 2011			3348587929531200	3348587929531200				3348587929531200	0			2	<a href=" rel="nofollow">iPhone客户端</a>	笑劈了 //@精品乐活志:哈哈~~  真搞 @潇洒如飞			1213679240	00	3348587024491368	1397724389717
2319978-	0		0	Sat Nov 05 20:33:20 +0800 2011			3376468979778912	3376468979778912				3376468979778912	0		#	0	<a href=" rel="nofollow">新浪博客</a>	发表了博文 《青春本来就苦》 - 一张偶然出现的CD勾起了一整段青春的记忆。没错，就是这一张，破旧的录音机，破旧的磁带，在湿热的暗夜里被一遍又一遍地播放。音乐的底子下，是铅笔在纸上发出的沙沙声，或是跟 			1213679240	00	0	1397724389718
2319979-	0		1	Tue Sep 20 13:27:49 +0800 2011			3359692055693922	3359692055693922				3359692055693922	0			1	<a href=" rel="nofollow">iPhone客户端</a>	支持！// @骑着象溜 ：时尚家居杂志支持这样的生活方式， // @北京有机农夫市集 :城市农夫既低碳、又环保，还很花逊，烦请各位NGO届、媒体届的朋友多多转发、支持，多谢啦。 @达尔问自然求知社   @李波fon   @孙姗2010   @绿色和平   @乐施会Oxfam   @吕植   @新浪环保   @吕彦妮lvyanni   @棉袜子			1213679240	00	3359523507545166	1397724389718
2319980-	0		12	Thu Aug 04 14:19:24 +0800 2011			3342672806880322	3342672806880322				3342672806880322	0		#	7	<a href=" rel="nofollow">微博 weibo.com</a>	@精品乐活志 @精品购物指南 @张书新 @日本国家旅游局JNTO  @妙喳喳 @spiceuncle “在和煦的夏日阳光和恰到好处的湿度之下，所有味道被温柔展开，从你进入北海道的第一天起，你就会初初尝到第一种味道，在接下来的旅途里，一层接一层地，扑面而来。直到你闭着眼睛都能识别北海道” ―8月8日LIFE TRAVEL			1213679240	00	0	1397724389718
2319981-	0		0	Tue Feb 21 16:35:15 +0800 2012			3415546957370351	3415546957370351				3415546957370351	0			0	<a href=" rel="nofollow">新浪博客</a>	发表了博文 《神的孩子都跳舞》 -  不在喝咖啡，就在去跳舞的路上，这就是维也纳人了，如果你迷上眼睛，远远地看维也纳，就是一间可以跳舞的咖啡馆。连日子殷实妥帖的德国人都嫉妒地说：世界上有快乐的人，也有 			1213679240	00	0	1397724389719
2319982-	0		7	Sun Mar 18 19:00:21 +0800 2012			3425005553671444	3425005553671444				3425005553671444	0			1	<a href=" rel="nofollow">iPhone客户端</a>	今天头一次将一个人的名字彻底从电话簿里删掉，这感觉太惊悚了。。。			1213679240	00	0	1397724389719
2319983-	0		1	Thu May 12 20:47:34 +0800 2011			10544336756	10544336756				5605810445391778962	0			0	<a href=" rel="nofollow">微博 weibo.com</a>	我一款我大爱呀！ //@曹宇JamieCao:晚饭不能省			1213679240	00	10541256494	1397724389719
2319984-	0		1	Thu Aug 16 21:40:39 +0800 2012			3479766482659814	3479766482659814				3479766482659814	0			0	<a href=" rel="nofollow">iPhone客户端</a>	2+2=自杀 //@吕岩哲:拒绝一切不美好的事物。拒绝2+2=4。@红伶 @张零件儿 @喜羊阳之慈悲喜舍			1213679240	00	3479755901221280	1397724389719
2319985-	0		7	Tue Dec 27 00:17:49 +0800 2011			3395007253324102	3395007253324102				3395007253324102	0		#	0	<a href=" rel="nofollow">微博 weibo.com</a>	推荐好书，写过《幽灵之家》的伊莎贝尔 阿连德写的情色美食《阿佛罗狄特：感官回忆录》：女人像只有靠手揉搓才肯释出香味的果实。又好比罗勒：只有经过手指捏碎搓热，才有香味出来……女人也一样：如果你不用嬉戏与亲吻引逗她……与她共枕不会有乐趣，她对你也没有情爱。 我有电子书，想要的呼我。			1213679240	00	0	1397724389720
2319986-	0		0	Mon Apr 04 19:03:34 +0800 2011			8643081857	8643081857				22111040480608803	0		#	0	<a href=" rel="nofollow">iPhone客户端</a>	本来说要去平谷看夕阳的，结果月亮要上来了，我们还没到呢，不过没关系，已经开始high了...			1213679240	00	0	1397724389720
2319987-	0		1	Fri Mar 30 14:49:45 +0800 2012			3429291142588214	3429291142588214				3429291142588214	0			1	<a href=" rel="nofollow">iPhone客户端</a>	应该把我手机里这张拼上，大家来找茬 //@阿仝木:你们速度太快了~ //@吕岩哲: 我都还没还魂呢，你手也忒快了。全脸的在谁手机上？			1213679240	00	3429273690039116	1397724389720
2319988-	0		1	Fri Sep 30 13:53:58 +0800 2011			3363322514952868	3363322514952868				3363322514952868	0			0	<a href=" rel="nofollow">iPhone客户端</a>	我打电话通知了，下手是挺快的！ //@棉袜子:还是@红伶 精挑细选地照片呢~你下手好快啊~			1213679240	00	3363089177181531	1397724389721
2319989-	0		1	Tue Aug 16 13:42:48 +0800 2011			3347012250993617	3347012250993617				3347012250993617	0		#	0	<a href=" rel="nofollow">iPhone客户端</a>	特伦苏和伊利哥俩吃午饭呢。。。			1213679240	00	0	1397724389721
2319990-	0		0	Tue Aug 30 12:47:27 +0800 2011			3352071752267763	3352071752267763				3352071752267763	0			1	<a href=" rel="nofollow">iPhone客户端</a>	期待好心人出现！//@陈雨星-精品购物指南:转			1213679240	00	3351707174808518	1397724389721
2319991-	0		2	Thu Apr 14 11:02:57 +0800 2011			9114756773	9114756773				201110414298230445	0			0	<a href=" rel="nofollow">微博 weibo.com</a>	松果太萌了 //@错乱王:矮油爆发了			1213679240	00	9111760149	1397724389721
2319992-	0		4	Sun Nov 20 01:08:00 +0800 2011			3381611534727253	3381611534727253				3381611534727253	0			0	<a href=" rel="nofollow">iPhone客户端</a>	嗲的，又蠢蠢了！ //@欧阳梦帆:这叶子嗲啊！又想去日本了[嘻嘻]…… @快乐的徐臻   @上海天马大叔   @诗人阿斐   @红伶			1213679240	00	3381571346303284	1397724389722
2319993-	0		0	Tue Mar 20 14:21:21 +0800 2012			3425660121170512	3425660121170512				3425660121170512	0			0	<a href=" rel="nofollow">iPhone客户端</a>	关注以及mark！			1213679240	00	3425605582162755	1397724389722
2319994-	0		1	Sat Apr 21 09:52:57 +0800 2012			3437188987518114	3437188987518114				3437188987518114	0			0	<a href=" rel="nofollow">iPhone客户端</a>	gay蜜看过来！			1213679240	00	3435549483982375	1397724389722
2319995-	0		5	Fri Jan 27 19:33:19 +0800 2012			3406532077646261	3406532077646261				3406532077646261	0		#	0	<a href=" rel="nofollow">微博 weibo.com</a>	穿上裙子，走一遭我从来没进去过的Opera，看一个我从没看过的歌剧，契科夫的樱桃园首演，这次的巴黎大句号划起来有点长，得2小时呢。回吧，回去现实里吧，2012要再靠谱一点。			1213679240	00	0	1397724389722
2319996-	0		2	Thu Apr 11 21:16:17 +0800 2013			3566008645775985	3566008645775985				3566008645775985	0			0	<a href=" rel="nofollow">iPhone客户端</a>	哈哈气，我预测收回去咔嚓一刀再放出来			1213679240	00	3566006712262374	1397724389723
2319997-	0		1	Mon Jul 02 23:42:27 +0800 2012			3463489660445863	3463489660445863				3463489660445863	0		#	1	<a href=" rel="nofollow">iPhone客户端</a>	多伦多倒数第二日，赶上国庆加同志大游行，这一趟行程一下子就亮了，多伦多同志游行是全球最大最有名的一场，世界各地的基友们都奔赴这里，来争取他们的权利，游行队伍中有一辆白色婚车，写着大大的just married！			1213679240	00	0	1397724389723
2319998-	0		0	Tue Sep 06 10:22:55 +0800 2011			3354572093482030	3354572093482030				3354572093482030	0			0	<a href=" rel="nofollow">iPhone客户端</a>	有话题的姑娘，同关注//@Maple江_VISION:关注一下 @张丹VISION   // @顾晨曦Echo :好厉害 //  @lovekeico  ：拍照时手一定不会抖。。。。。			1213679240	00	3354317084725187	1397724389724
2319999-	0		15	Thu Sep 29 13:43:00 +0800 2011			3362957367252889	3362957367252889				3362957367252889	0		#	4	<a href=" rel="nofollow">iPhone客户端</a>	我在狮子桥的阿春家，鲍鱼蟹黄生煎和荠菜馄饨非常赞，送的小食香辣螺蛳特抢手@棉袜子 @老夏逛菜场			1213679240	00	0	1397724389724
2320000-	0		11	Sat Sep 10 13:13:57 +0800 2011			3356064685033074	3356064685033074				3356064685033074	0			4	<a href=" rel="nofollow">iPad客户端</a>	本来要去胡吃一顿吉祥鸟湘菜的,胃突然疼起来,不吃饭改吃药了,真尼玛悲催.现在躺着口水他们家干锅手撕鸡还有鸭下巴,简直了.被人说吃饭像饿狗抢食,都是某段日子只有半小时吃饭时间闹的,我要改成细嚼慢咽型的,想起某本书里某个神经兮兮的人物,从某地修行回来,宣布每一口饭都要嚼100下,书叫微物之神,强推！			1213679240	00	0	1397724389724
2320001-	0		3	Thu Nov 17 22:57:56 +0800 2011			3380854028243316	3380854028243316				3380854028243316	0			0	<a href=" rel="nofollow">微博 weibo.com</a>	支持，日本迫切需要被辟谣//@妲小妲: 矮油[手套]弛总您真美！！[爱你]今儿没聊尽兴吧？我还木有发挥呢！哈哈，找天继续！@凉夏Sunny //@世界-王建梅:敬请关注//@世界-王建梅:敬请关注			1213679240	00	3378584104149928	1397724389725
2320002-	0		0	Sat Jun 11 12:11:00 +0800 2011			12110202688	12110202688				5616809882401932886	0			0	<a href=" rel="nofollow">微博 weibo.com</a>	今天起床不顺，连咖啡带杯子cei，可以沾点儿喜气地说//@Allen沃：今天是个好日子！[鼓掌][鼓掌][鼓掌]			1213679240	00	12100269669	1397724389725
2320003-	0		0	Fri Mar 30 15:04:56 +0800 2012			3429294972030793	3429294972030793				3429294972030793	0			1	<a href=" rel="nofollow">iPhone客户端</a>	摄影师受惊了 @杀死明天			1213679240	00	3429293218869561	1397724389726
2320004-	0		2	Tue Aug 23 17:23:20 +0800 2011			3349604464632946	3349604464632946				3349604464632946	0			0	<a href=" rel="nofollow">微博 weibo.com</a>	国外市集的咧？也可以艾特给我的五湖四海的作者们喏。。。			1213679240	00	3349573993209670	1397724389726
2320005-	0		3	Sun Apr 15 20:44:12 +0800 2012			3435178544131260	3435178544131260				3435178544131260	0		#	2	<a href=" rel="nofollow">美图秀秀iPhone版</a>	紫苏面again，第一次尝试@何小晨 推荐的sweet chilli配法棍，减肥意志利马决堤[晕] @眉不扬			1213679240	00	0	1397724389726
2320006-	0		1	Thu Nov 17 23:48:18 +0800 2011			3380866698470308	3380866698470308				3380866698470308	0			0	<a href=" rel="nofollow">微博 weibo.com</a>	英文也一样啊，pussy //@陈晶洁:突然想起一本书。《屠猫记》 //@玉司机: //@冥王星牧人: 法国俚语里就把女人下体叫La chatte，母猫~			1213679240	00	3380392105413347	1397724389727
2320007-	0		0	Wed Jun 13 13:35:06 +0800 2012			3456451450612755	3456451450612755				3456451450612755	0			1	<a href=" rel="nofollow">微博 weibo.com</a>	罗拉快跑，在波茨坦广场有一组奔跑镜头//@柏林旅游局: 我知道！			1213679240	00	3456445510906786	1397724389727
2320008-	0		0	Mon Jun 06 22:41:39 +0800 2011			11863672086	11863672086				5615116973627203341	0			2	<a href=" rel="nofollow">iPhone客户端</a>	想看！			1213679240	00	11857585358	1397724389727
2320009-	0		3	Fri Dec 23 20:56:30 +0800 2011			3393869430265508	3393869430265508				3393869430265508	0		#	0	<a href=" rel="nofollow">iPhone客户端</a>	偶对这个比较好奇。。。			1213679240	00	0	1397724389727
2320010-	0		2	Sun Dec 18 22:25:30 +0800 2011			3392079893850134	3392079893850134				3392079893850134	0			0	<a href=" rel="nofollow">微博 weibo.com</a>	我生生憋回去了，我就是想让她知道下次别干这种事了，对小孩子的成长太不好了。			1213679240	00	3392079327312038	1397724389728
2320011-	0		2	Sun Feb 19 23:53:34 +0800 2012			3414932488392582	3414932488392582				3414932488392582	0			0	<a href=" rel="nofollow">微博 weibo.com</a>	@牙碜妞儿 @佳境 //@探照灯的小灯泡: 转发微博			1213679240	00	3412392400235999	1397724389728
2320012-	0		0	Mon Jul 30 10:44:42 +0800 2012			3473440797801630	3473440797801630				3473440797801630	0			3	<a href=" rel="nofollow">微博 weibo.com</a>	这货肯定不是狗//@我们爱讲冷笑话: 飞檐走壁啊~[哈哈]			1213679240	00	3473112723055712	1397724389728
2320013-	0		2	Wed Jun 08 18:04:39 +0800 2011			11971777632	11971777632				5615787761788402908	0		#	1	<a href=" rel="nofollow">iPhone客户端</a>	意大利航空以北京-罗马直航宣告归来，他们是首航空乘人员；另外，乐活志将在7月推出直航大专题，更多精彩和实用，敬请期待！			1213679240	00	0	1397724389729
2320014-	0		0	Tue Dec 06 20:08:58 +0800 2011			3387696887956751	3387696887956751				3387696887956751	0			0	<a href=" rel="nofollow">微博 weibo.com</a>	关注关注，必须的！ //@主持人汪洋:必须转，新的旅途，新的出发 //@绝对二儿:坚决转！ // @BTV冷眼看世界 ://  @盛大圣  :重装上阵			1213679240	00	3387574993242679	1397724389729
2320015-	0		0	Mon Jul 25 12:30:53 +0800 2011			15258876410	15258876410				3339021619786835	0			2	<a href=" rel="nofollow">微博 weibo.com</a>	不可思议			1213679240	00	15258562218	1397724389729
2320016-	0		11	Sat Jul 07 05:42:38 +0800 2012			3465029858676928	3465029858676928				3465029858676928	0		#	3	<a href=" rel="nofollow">iPhone客户端</a>	还能醒得再早点么，大周六的[泪][泪]			1213679240	00	0	1397724389729
2320017-	0		0	Thu Feb 16 17:28:20 +0800 2012			3413748376804305	3413748376804305				3413748376804305	0		#	0	<a href=" rel="nofollow">豆瓣电影</a>	想看《吾栖之肤》 			1213679240	00	0	1397724389730
2320018-	0		10	Thu Dec 01 17:22:51 +0800 2011			3385843129825476	3385843129825476				3385843129825476	0			0	<a href=" rel="nofollow">iPhone客户端</a>	能够跑着就是一种幸福。。。			1213679240	00	0	1397724389730
2320019-	0		1	Thu Nov 03 18:23:20 +0800 2011			3375711488352366	3375711488352366				3375711488352366	0			1	<a href=" rel="nofollow">微博 weibo.com</a>	我打算喝两口去做... //@精品杨磊:上面有几道测试题呢~~对智商绝对自信的就过来试试吧！			1213679240	00	3375709288958920	1397724389730
2320020-	0		6	Mon Sep 05 11:34:54 +0800 2011			3354227821037619	3354227821037619				3354227821037619	0			2	<a href=" rel="nofollow">微博 weibo.com</a>	@北京库布里克 @李琳的耳朵 //@红伶：@YIKO3344 @Vintage1968古董包店 @牙碜妞儿 @佳境			1213679240	00	3354219331672954	1397724389731
2320021-	0		2	Sun Nov 13 16:18:15 +0800 2011			3379303890959599	3379303890959599				3379303890959599	0		#	6	<a href=" rel="nofollow">iPhone客户端</a>	推荐一本书,纽约客编辑混迹厨房的心得,用语幽默极了,大庭广众之下，我肆无忌惮地格格直乐:我有位朋友,顺道到那儿的吧台喝杯小酒，结果由马利欧亲自喂食六个钟头,后来节食三天只喝水吃水果,"这家伙根本不管什么中庸之道,暴饮暴食的程度我前所未见,就一直吃啊喝的吃啊喝的,吃到后来你会觉得自己在嗑药."			1213679240	00	0	1397724389731
2320022-	0		0	Mon Jul 04 13:32:43 +0800 2011			13601436072	13601436072				5625365899630100996	0			1	<a href=" rel="nofollow">微博 weibo.com</a>	力荐			1213679240	00	13567335392	1397724389731
2320023-	0		3	Fri Sep 23 13:23:43 +0800 2011			3360778193116471	3360778193116471				3360778193116471	0			0	<a href=" rel="nofollow">iPad客户端</a>	我觉得自驾哈雷游欧州都可以有，参考电影Easy rider，结局忽略不计。			1213679240	00	3360773389169971	1397724389731
2320024-	0		0	Sat Oct 22 14:08:47 +0800 2011			3371298778578947	3371298778578947				3371298778578947	0			0	<a href=" rel="nofollow">iPad客户端</a>	mark			1213679240	00	3371257162784308	1397724389732
2320025-	0		2	Tue Jun 21 15:05:32 +0800 2011			12723621872	12723621872				5620565711047781287	0			2	<a href=" rel="nofollow">微博 weibo.com</a>	可爱，到手应该会咬一口地说//@张小米饭：太美了！我的线买了有一段时间了，至今没有开始！//@文洁：谁小的时候也喜欢钩针来着？！我们缺的不是细胞，是坚持！好喜欢！[鼓掌]			1213679240	00	11962532304	1397724389732
2320026-	0		1	Wed Aug 08 12:58:23 +0800 2012			3476735930284327	3476735930284327				3476735930284327	0			0	<a href=" rel="nofollow">iPhone客户端</a>	好故事 //@LENS杂志:是枝裕和最喜欢的导演是侯孝贤，《童年往事》曾经狠狠地激起他的乡愁，他在侯的电影里看到台湾，父亲口中带着晦明而温柔的光晕的台南，以及逝去的时光，像一首古老的歌曲，一下子被唤了起来。他的眼睛里带上了一抹前尘旧梦，看什么都习惯于隔开一定距离、居于幽暗而独自体味。			1213679240	00	3475988690339058	1397724389732
2320027-	0		0	Tue Feb 26 10:20:42 +0800 2013			3549898597438183	3549898597438183				3549898597438183	0			1	<a href=" rel="nofollow">微博 weibo.com</a>	奥斯卡不管饭			1213679240	00	3549884604836942	1397724389733
2320028-	0		0	Mon Nov 19 19:32:24 +0800 2012			3514161038172799	3514161038172799				3514161038172799	0			0	<a href=" rel="nofollow">iPhone客户端</a>	多性感的声音			1213679240	00	3514149961137712	1397724389733
2320029-	0		0	Thu Aug 25 00:04:27 +0800 2011			3350067798412231	3350067798412231				3350067798412231	0			0	<a href=" rel="nofollow">iPad客户端</a>	你的八卦料真足			1213679240	00	3350066224928189	1397724389733
2320030-	0		10	Mon Jul 11 23:18:38 +0800 2011			14198174866	14198174866				5628114485427668319	0		#	9	<a href=" rel="nofollow">微博 weibo.com</a>	这是富良野的一家叫做Yamadori的烤肉店，选料都来自正宗的和牛，传说中有出生证明、吃牧草、听音乐长大的牛，就是它了，果然名不虚传。入口即化有末有！！@邵爷小七 @spiceuncle @上海天马大叔			1213679240	00	0	1397724389733
2320031-	0		1	Tue Dec 25 00:20:19 +0800 2012			3526917082745182	3526917082745182				3526917082745182	0			0	<a href=" rel="nofollow">微博 weibo.com</a>	剩蛋快乐，各位，突然很想吃碗酸辣的面。。。			1213679240	00	0	1397724389734
2320032-	0		1	Sat Dec 17 15:57:59 +0800 2011			3391619978930949	3391619978930949				3391619978930949	0			0	<a href=" rel="nofollow">iPhone客户端</a>	偶在丧班，晚上来我家看片片。。。			1213679240	00	3391548417169867	1397724389734
2320033-	0		0	Mon Jul 25 22:19:00 +0800 2011			15308725182	15308725182				3339169624411297	0			1	<a href=" rel="nofollow">iPhone客户端</a>	//@剑气追风:兄弟，你要挺住。// @周轶君 ：看过港台播的，结尾他说要自己出钱开记者会。他说自己还很冷静，了不起的公民。// @连鹏 ：转发微博。			1213679240	00	15289475386	1397724389734
2320034-	0		1	Tue Jun 19 22:26:10 +0800 2012			3458759424482268	3458759424482268				3458759424482268	0			0	<a href=" rel="nofollow">iPhone客户端</a>	我去，太好喝了，喝完了去抢你的 //@邹拉波娃:我还没舍得喝呢[馋嘴]			1213679240	00	3458756668654555	1397724389735
2320035-	0		3	Tue Apr 17 13:42:44 +0800 2012			3435797263291542	3435797263291542				3435797263291542	0			0	<a href=" rel="nofollow">iPhone客户端</a>	原来Paul ROLL先生是摄影迷呢			1213679240	00	3435747032113865	1397724389735
2320036-	0		0	Thu Sep 01 14:45:13 +0800 2011			3352826164400689	3352826164400689				3352826164400689	0			3	<a href=" rel="nofollow">iPhone客户端</a>	转给养大狗的童鞋 //@领养小铺:【北京养犬人注意！！】// @动物中国ACA ：这次抄走的基本上是捞不出来的, 换新班子了, 正严, 尽量少出门, 别到时候后悔来不及			1213679240	00	3351433236112513	1397724389735
2320037-	0		8	Tue Dec 25 15:01:48 +0800 2012			3527138898828832	3527138898828832				3527138898828832	0		#	7	<a href=" rel="nofollow">微博 weibo.com</a>	发现一张大表哥的帅照，没HOLD住，分享之。			1213679240	00	0	1397724389736
2320038-	0		18	Thu Apr 12 10:09:48 +0800 2012			3433931736986887	3433931736986887				3433931736986887	0			2	<a href=" rel="nofollow">微博 weibo.com</a>	亲爱的们@何小晨 @NANA妞 @吕岩哲 @Maple江_VISION @AJ莘莘 @戴小蛮 @ELLE中文网Mok @米亚2012 @HeyTanya @flydutch @小涛 @YIKO3344 @JamieCao @坤啊坤 @刘震MAX @matthew3000 @眉不扬 @邵爷小七 @天津悦榕庄 @TravelStory @桃格尼尼 @佳境 @牙碜妞儿 呼唤你们来关注@海德堡旅游局 @老燕子_YU			1213679240	00	0	1397724389736
2320039-	0		1	Fri Nov 30 23:53:08 +0800 2012			3518212937206420	3518212937206420				3518212937206420	0		#	2	<a href=" rel="nofollow">iPad客户端</a>	好片要掰成两瓣看，满足了两个晚上，sodesleeeee。。。			1213679240	00	0	1397724389737
2320040-	0		2	Sat Aug 20 12:47:41 +0800 2011			3348447933875626	3348447933875626				3348447933875626	0			0	<a href=" rel="nofollow">iPad客户端</a>	又瘦又大才是正经事！			1213679240	00	3347884549207178	1397724389737
2320041-	0		4	Thu Oct 04 14:31:52 +0800 2012			3497415564769692	3497415564769692				3497415564769692	0			0	<a href=" rel="nofollow">iPad客户端</a>	@iloulive 你的攻略我们直接copy了，六盘水羊肉吃了，这个也吃了，可惜只点对了一个黄焖鸡@何小晨 //@LonelyPlanet:大理，益恒饭店，作者的选择。搬过家之后是否美味依然？			1213679240	00	3497392555262506	1397724389737
2320042-	0		0	Sun Jan 08 16:25:05 +0800 2012			3399599328915895	3399599328915895				3399599328915895	0		#	0	<a href=" rel="nofollow">豆瓣电影</a>	在看《饮食大革命》 ★★★★ 			1213679240	00	0	1397724389738
2320043-	0		1	Fri Sep 09 21:29:18 +0800 2011			3355826958115105	3355826958115105				3355826958115105	0			1	<a href=" rel="nofollow">iPhone客户端</a>	Mark！ //@殳俏:spice factory，三里屯内个机电院里头			1213679240	00	3355824572050341	1397724389738
2320044-	0		0	Sun Nov 25 17:55:28 +0800 2012			3516310971843987	3516310971843987				3516310971843987	0			0	<a href=" rel="nofollow">微博 weibo.com</a>	@米亚1900			1213679240	00	3516304315070001	1397724389738
2320045-	0		1	Thu Jun 30 13:01:43 +0800 2011			13312011054	13312011054				5623873570301194642	0			2	<a href=" rel="nofollow">微博 weibo.com</a>	太幽默了，尤其是结尾//@闪闪发亮的猪：笑死我了。。- - 这比马可波罗啥啥好玩多了//@木木小亭：今儿最高兴的事 这音乐配得忒牛了[给力] //@芭蕾杂志：这出戏一直是芭蕾界的一朵奇葩，芭蕾题材很少这么直接表达群体人性。			1213679240	00	12689511708	1397724389738
2320046-	0		0	Thu Mar 17 20:42:11 +0800 2011			7647984839	7647984839				231110317179485784	0			1	<a href=" rel="nofollow">iPhone客户端</a>	我没房没车，但是我有盐！ //@Riso迷路的猫:夫人爱吃卤煮吗[挖鼻屎] // @何小晨 :居里夫人的家里估计一直存着相当数量的碘盐 //  @她杨姐  :相信科学 相信居里夫人！哈哈哈哈			1213679240	00	7639752867	1397724389739
2320047-	0		0	Mon Jul 23 00:50:29 +0800 2012			3470754546892174	3470754546892174				3470754546892174	0			0	<a href=" rel="nofollow">微博搜索</a>	This song has grown older and bitter			1213679240	00	3372474710033671	1397724389739
2320048-	0		0	Mon Sep 19 23:06:34 +0800 2011			3359475320397161	3359475320397161				3359475320397161	0			0	<a href=" rel="nofollow">iPad客户端</a>	我也赞成让你去做美食杂志//@Neomie喃喃:为了让你们意志更刚强，我必须努力啊[嘻嘻] //@老板娘一枚：哎、每次上床前都能看到你的介绍，要不你转去做美食杂志吧~~~~			1213679240	00	3359075178201396	1397724389739
2320049-	0		0	Tue May 29 19:31:02 +0800 2012			3451105205553630	3451105205553630				3451105205553630	0			0	<a href=" rel="nofollow">投票</a>	我参与了@郭子禅 发起的投票【文颐事件投票】，我投给了"文颐必须马上道歉，不道歉就找上你家去。"等2个选项。你也快来表态吧： 			1213679240	00	0	1397724389740
2320050-	0		0	Mon Jun 25 23:21:10 +0800 2012			3460947592705906	3460947592705906				3460947592705906	0			0	<a href=" rel="nofollow">微博 weibo.com</a>	夜色下的教堂绝对是梦幻之作！			1213679240	00	3460943197296356	1397724389740
2320051-	0		1	Mon Jul 16 13:41:14 +0800 2012			3468411801917736	3468411801917736				3468411801917736	0			1	<a href=" rel="nofollow">微博 weibo.com</a>	吕导好亲切！ //@李黎黎LT:@陈小怪 @独臂老宋 @大菜微博 @��小�� @AIKI大�姐 @红伶 @一面湖水在南方 @高小茗 惊见吕导 //@我是何宣诺: 吕老师好！！			1213679240	00	3468342306439283	1397724389740
2320052-	0		10	Sat Oct 22 10:42:32 +0800 2011			3371246872485196	3371246872485196				3371246872485196	0			1	<a href=" rel="nofollow">iPhone客户端</a>	这张第二喜欢！			1213679240	00	3371099071206740	1397724389740
2320053-	0		7	Sat Oct 27 11:40:38 +0800 2012			3505707393251642	3505707393251642				3505707393251642	0		#	2	<a href=" rel="nofollow">微博 weibo.com</a>	碰见酒保就想要拍个黑白的，想象自己是在看吉姆贾木许的片儿。。。			1213679240	00	0	1397724389741
2320054-	0		2	Tue Nov 15 23:42:21 +0800 2011			3380140428650346	3380140428650346				3380140428650346	0			0	<a href=" rel="nofollow">iPhone客户端</a>	给你留一勺[嘻嘻] //@精品杨磊:我也在熬夜，没有紫薯银耳粥……[左哼哼]			1213679240	00	3380138172291221	1397724389741
2320055-	0		0	Mon Nov 19 19:32:24 +0800 2012			3514161038172799	3514161038172799				3514161038172799	0			0	<a href=" rel="nofollow">iPhone客户端</a>	多性感的声音			1213679240	00	3514149961137712	1397724389741
2320056-	0		7	Tue Jan 24 03:00:35 +0800 2012			3405195080012433	3405195080012433				3405195080012433	0		#	27	<a href=" rel="nofollow">iPhone客户端</a>	吃洋蓟有点像嗑瓜子，需要不少耐心，吃着吃着就满地狼藉，不过与瓜子不同的是，洋蓟可以渐入佳境，坚持到最后才能尝到甜头，吃到一半放弃见不到洋蓟心的有不少，不肯自己动手，专等别人的洋蓟心的也不少，在我看来，都是属于不道德的吃客。			1213679240	00	0	1397724389742
2320057-	0		26	Wed Sep 07 23:09:43 +0800 2011			3355127453126390	3355127453126390				3355127453126390	0		#	0	<a href=" rel="nofollow">iPhone客户端</a>	#夜跑族# 今天只跑了半小时,剩下的时间练打架去了,隔壁男生跟我下战书,要跟我打,我嘞个去,姐姐来打酱油的@小涛 @高宝贵 @胡笳继续 @舞之猫 @行走的声音 @flydutch @胡奕 @绽放_M @浅染小凉 @雨天娃娃Rain @闲人小皓 @莲子的帘子 @杨小P @sunfish @小新朵朵 @禾和蓝子 @美伢姐姐烤红薯 @唐小鳄 @祝小青			1213679240	00	0	1397724389742
2320058-	0		1	Thu Aug 23 08:07:51 +0800 2012			3482098633284926	3482098633284926				3482098633284926	0			0	<a href=" rel="nofollow">iPhone客户端</a>	我们！我们还有什么理由不瘦！ //@方方猪的幸福生活:励志贴 //@主持人汪洋: @绝对二儿 @mynameislittleclean @秋儿Summer 转个励志贴给你们看，我只转发，不评论，哈哈哈  //@庄雅婷:好励志  //@五月的下午茶:她的腿到底怎么减下来的？？？？			1213679240	00	3481467667743094	1397724389742
2320059-	0		0	Mon Jul 18 10:13:13 +0800 2011			14683375420	14683375420				3336450259452863	0			1	<a href=" rel="nofollow">微博 weibo.com</a>	爽翻了//@OOGAD：呀呀哇 //@老狼麦客: //@蛋壳里的默默：甜宝！ //@全球创意搜罗:哇，世上只有妈妈好[太开心]			1213679240	00	14593042134	1397724389743
2320060-	0		1	Tue Jun 19 13:21:48 +0800 2012			3458622434676981	3458622434676981				3458622434676981	0			0	<a href=" rel="nofollow">iPhone客户端</a>	所以要有发现美的眼和知足常乐的心			1213679240	00	3458600897096539	1397724389743
2320061-	0		6	Thu Jun 21 18:48:34 +0800 2012			3459429439143870	3459429439143870				3459429439143870	0		#	0	<a href=" rel="nofollow">微博 weibo.com</a>	粽子节礼物！先到先得，一不小心多买了一本，决定送给同样也喜欢他的人。 Leonard Cohen-A Thousand Kisses Deep-			1213679240	00	0	1397724389744
2320062-	0		1	Sun Jul 22 22:05:06 +0800 2012			3470712934810083	3470712934810083				3470712934810083	0			1	<a href=" rel="nofollow">微博 weibo.com</a>	Snow!!//@小鑫Yuchimon: [可怜]好想看			1213679240	00	3469586240506994	1397724389744
2320063-	0		0	Thu Sep 01 18:53:45 +0800 2011			3352888710272449	3352888710272449				3352888710272449	0			0	<a href=" rel="nofollow">iPhone客户端</a>	这姑娘可以的 //@JamieCao:刚在vogue上看到身着marni的她， @韩娅娟HanYajuan  和jason wu 合作的时尚环保袋也是亮点！作为漂亮女艺术家，这姑娘绝B要火上加火了！			1213679240	00	3352886635665075	1397724389744
2320064-	0		8	Tue Aug 23 17:11:43 +0800 2011			3349601541378091	3349601541378091				3349601541378091	0			1	<a href=" rel="nofollow">微博 weibo.com</a>	@急信信 你在第一个哦 @胖潘			1213679240	00	3349562282794984	1397724389745
2320065-	0		2	Fri Apr 29 08:59:10 +0800 2011			9809876271	9809876271				5600803784661885546	0			1	<a href=" rel="nofollow">iPhone客户端</a>	好看的说//@守望者青年客栈:// @MengDII :[心]			1213679240	00	9804954123	1397724389745
2320066-	0		0	Fri Jun 24 12:29:26 +0800 2011			12884294330	12884294330				5621638739899490500	0			1	<a href=" rel="nofollow">微博 weibo.com</a>	哇，太怀旧了，风衣依然很好看喏//@李李�RINO：竟然看哭了，@三只酷猫 这是我的灯绳了			1213679240	00	12832790466	1397724389745
2320067-	0		1	Tue Nov 12 11:59:24 +0800 2013			3643781897337434	3643781897337434				3643781897337434	0			1	<a href=" rel="nofollow">iPhone客户端</a>	转发微博			1213679240	00	3643780396038729	1397724389745
2320068-	0		1	Mon Jul 25 23:53:03 +0800 2011			15317669694	15317669694				3339193292559161	0			0	<a href=" rel="nofollow">iPhone客户端</a>	挪威举国默哀，正在参赛的运动员手臂上缠着黑丝带，咱们呢？			1213679240	00	15313674281	1397724389746
2320069-	0		0	Thu Oct 11 08:55:03 +0800 2012			3499867521084391	3499867521084391				3499867521084391	0			0	<a href=" rel="nofollow">iPhone客户端</a>	回复@红伶:[嘻嘻] //@红伶:同感除了最后一条，因为小红还有一个妹妹 //@稻糠:同感，除了最后一条：因为稻糠还有3个姐姐。 //@阿兹猫cecilia: 同感，除了最后一条：因为猫猫还有个姐姐[抱抱]			1213679240	00	3499618271067783	1397724389746
2320070-	0		0	Thu Oct 13 15:23:22 +0800 2011			3368056061206709	3368056061206709				3368056061206709	0			1	<a href=" rel="nofollow">iPad客户端</a>	想看我看见恶魔			1213679240	00	3368055078043535	1397724389746
2320071-	0		4	Thu Dec 01 11:48:21 +0800 2011			3385758951917635	3385758951917635				3385758951917635	0			0	<a href=" rel="nofollow">微博 weibo.com</a>	我想说我有同里情结,这一亩三分地保留了老三里屯的息壤和嘈杂,虽然脏脏的、乱乱的，有时候还臭臭的,但是挽留了我们的三里屯记忆,别看这小小一块地盘,小店小铺却多了去了,服饰、DVD、家居用品、成人情趣、洋酒专卖、服装订制、卖花的、买菜的、美甲的、捏脚的、剪头的……对了,还有这里的鸡蛋灌饼,绝了!			1213679240	00	0	1397724389747
2320072-	0		3	Sat Apr 23 09:54:07 +0800 2011			9534535180	9534535180				5598591434120548360	0			1	<a href=" rel="nofollow">iPhone客户端</a>	哈哈哈哈			1213679240	00	9531203368	1397724389747
2320073-	0		8	Tue Oct 04 15:24:50 +0800 2011			3364794939608930	3364794939608930				3364794939608930	0			0	<a href=" rel="nofollow">iPad客户端</a>	曾经那么喜欢一个人出发，自己在机场吃个饭，上个网，也许碰见个有趣的陌生人，点开他电脑里的相片看看他最新的旅行；但是现在不了，我希望在等飞机的时候说说笑笑搂搂抱抱地打发时间，甚至不需要憧憬前方有多么未知以及美好，只要一起出发就好。。。			1213679240	00	0	1397724389747
2320074-	0		5	Sun Jan 22 00:06:31 +0800 2012			3404426503339510	3404426503339510				3404426503339510	0		#	1	<a href=" rel="nofollow">iPhone客户端</a>	多么养眼以及甜蜜的一对儿。。。			1213679240	00	0	1397724389748
2320075-	0		2	Thu Sep 06 11:17:36 +0800 2012			3487219820047243	3487219820047243				3487219820047243	0			0	<a href=" rel="nofollow">iPhone客户端</a>	要开始做了，好鸡冻 //@卷心菜大姐大:���最后清补凉收场			1213679240	00	3487217253497959	1397724389748
2320076-	0		1	Sun Nov 25 18:16:57 +0800 2012			3516316378146126	3516316378146126				3516316378146126	0			0	<a href=" rel="nofollow">微博 weibo.com</a>	我去，顿时饿了！			1213679240	00	3516302884355243	1397724389749
2320077-	0		0	Fri Dec 07 16:13:12 +0800 2012			3520633889404611	3520633889404611				3520633889404611	0			0	<a href=" rel="nofollow">iPhone客户端</a>	挖挖挖！羡慕船里的人啊！			1213679240	00	3520631234677447	1397724389749
2320078-	0		4	Fri Jan 27 18:51:02 +0800 2012			3406521436564567	3406521436564567				3406521436564567	0			0	<a href=" rel="nofollow">iPhone客户端</a>	自从萨科齐说＂要勤奋工作，工作越多赚钱越多＂后，早晨7点的巴黎地铁里果然多了许多白人，搁以前，他们差不多在9点钟出现，早起的全是阿人和黑人。。。			1213679240	00	0	1397724389749
2320079-	0		5	Mon Sep 17 00:16:04 +0800 2012			3491039618587944	3491039618587944				3491039618587944	0			0	<a href=" rel="nofollow">iPhone客户端</a>	西西里！我来了！			1213679240	00	0	1397724389749
2320080-	0		3	Tue Jan 24 19:18:09 +0800 2012			3405441088754949	3405441088754949				3405441088754949	0			0	<a href=" rel="nofollow">iPhone客户端</a>	回复@魔王的巧克力保管人:煮熟了吃 //@魔王的巧克力保管人:在《昆虫记》里知道这玩意，从来没见过实物，直接生吃的？			1213679240	00	3405195080012433	1397724389750
2320081-	0		0	Tue Dec 13 15:19:46 +0800 2011			3390160810837078	3390160810837078				3390160810837078	0			0	<a href=" rel="nofollow">iPad客户端</a>	@眉不扬 			1213679240	00	3390158471070400	1397724389750
2320082-	0		7	Thu May 17 16:39:04 +0800 2012			3446713278744873	3446713278744873				3446713278744873	0			2	<a href=" rel="nofollow">微博 weibo.com</a>	13年前，高中生的我第一次来北京，BP机时代，满大街找电话打给朋友，找不到电话，于是瞄了一个面善男求助，陪我一起找电话打BP等电话，朋友不回电，只好去喝东西聊天杀时间，最后找到朋友，还一起玩了两天，然后说了再见。前两天跟朋友聊到此事，面善医生男的名字一下子蹦出来，竟然被我谷歌人肉出来。			1213679240	00	0	1397724389750
2320083-	0		1	Mon Jan 02 23:08:36 +0800 2012			3397526552595329	3397526552595329				3397526552595329	0			0	<a href=" rel="nofollow">iPhone客户端</a>	回复 @急信信:是谁说秋裤都汗湿了来着，哈哈！ //@急信信:真好哦，放心喽，话说晚上给它修毛发，把咱三折腾出一身汗，它还极不情愿[衰][白云]不过修剪完真是好看多了！			1213679240	00	3397521204436201	1397724389751
2320084-	0		2	Fri Jan 20 17:01:16 +0800 2012			3403957093276140	3403957093276140				3403957093276140	0			0	<a href=" rel="nofollow">iPhone客户端</a>	一条超诱惑路线！ //@老燕子_YU:@Hellen申慧 @ReneeZhang @旅行社资讯网万子婧 @一直奔跑的橙子 @红伶			1213679240	00	3403834946939857	1397724389751
2320085-	0		3	Sat Jul 14 10:49:53 +0800 2012			3467643900550140	3467643900550140				3467643900550140	0		#	0	<a href=" rel="nofollow">iPhone客户端</a>	Stone forest。。。			1213679240	00	0	1397724389751
2320086-	0		0	Mon Nov 14 16:17:55 +0800 2011			3379666197078733	3379666197078733				3379666197078733	0			0	<a href=" rel="nofollow">微博 weibo.com</a>	老咖啡，新凳子，等着你那			1213679240	00	3379630079404336	1397724389751
2320087-	0		0	Wed Aug 03 08:23:03 +0800 2011			15896416857	15896416857				3342220746767190	0		#	0	<a href=" rel="nofollow">豆瓣电影</a>	想看《好警察，坏警察》  --发自豆瓣电影			1213679240	00	0	1397724389752
2320088-	0		0	Wed Aug 31 02:42:18 +0800 2011			3352281848436347	3352281848436347				3352281848436347	0			0	<a href=" rel="nofollow">微博 weibo.com</a>	长发长发的那个！//@宣谣：最后一个个好好的BOY都被逼疯了，都变成贱男了~~~ //@赵一阳:这档节目的观众本来就没几个直的			1213679240	00	3351652604466852	1397724389752
2320089-	0		7	Mon Aug 01 11:44:08 +0800 2011			15793644507	15793644507				3341546569821628	0			1	<a href=" rel="nofollow">微博 weibo.com</a>	秒到了！简直温柔又妩媚呀！			1213679240	00	15769332662	1397724389752
2320090-	0		3	Tue Jun 05 04:44:20 +0800 2012			3453418775857281	3453418775857281				3453418775857281	0		#	0	<a href=" rel="nofollow">微博 weibo.com</a>	桥的表情。。。			1213679240	00	0	1397724389753
2320091-	0		5	Thu Oct 04 15:38:46 +0800 2012			3497432400948442	3497432400948442				3497432400948442	0		#	4	<a href=" rel="nofollow">iPhone客户端</a>	亲爱的们也表错过这家，有可以看见苍山的窗口，有帅哥摄影师主人，有想娶媳妇的拉布拉多叫莱卡，卷尾巴黑丁丁苏格兰梗叫哈雷?戴维森[兔子][兔子][兔子]@何小晨 @大理胡同咖啡 @iloulive @NANA小短发			1213679240	00	0	1397724389753
2320092-	0		0	Tue Jul 31 22:46:32 +0800 2012			3473984836222464	3473984836222464				3473984836222464	0			0	<a href=" rel="nofollow">iPad客户端</a>	记得记得！！ //@阿仝木: 这是在牛车水（China Town）的小书店，简直太棒了，当时我们几个在这逛的时候完全舍不得出来了 @文盲柚子 @吕岩哲 @红伶 @方方猪的幸福生活			1213679240	00	3473982571720348	1397724389753
2320093-	0		0	Thu Nov 17 23:20:44 +0800 2011			3380859761241201	3380859761241201				3380859761241201	0			0	<a href=" rel="nofollow">微博 weibo.com</a>	回复@Neomie喃喃:听八卦是一件多么开心的事，你怎么还怅惘 //@Neomie喃喃:回复@红伶:听到好几个熟人的八卦，怅惘啊……			1213679240	00	3380857576321469	1397724389753
2320094-	0		2	Fri Oct 05 21:14:14 +0800 2012			3497879211827788	3497879211827788				3497879211827788	0			3	<a href=" rel="nofollow">iPhone客户端</a>	在大理小酒馆遇见的摩羯姑娘说，摩羯女愿意真心结交各色的人，无论贫富，只要他是真实的。魔羯女的不随和其实也源自于此，这些年来，我尝试重新定义真实与不真实的界线，因为，有些人，安全感太少..太少...			1213679240	00	0	1397724389754
2320095-	0		4	Tue Jan 31 13:32:16 +0800 2012			3407890763544133	3407890763544133				3407890763544133	0			1	<a href=" rel="nofollow">iPhone客户端</a>	Sometimes，its just too late, too late...			1213679240	00	0	1397724389754
2320096-	0		14	Mon Aug 06 22:01:02 +0800 2012			3476147729376729	3476147729376729				3476147729376729	0		#	0	<a href=" rel="nofollow">iPhone客户端</a>	我真心悔过了。。。。			1213679240	00	0	1397724389754
2320097-	0		1	Fri Apr 29 14:35:52 +0800 2011			9825711314	9825711314				5600890551594971582	0			0	<a href=" rel="nofollow">iPhone客户端</a>	像血管 //@OOGAD:应该。。不好吧 @wait-for-u  // @wait-for-u :这个醒酒效果能好不？ // @OOGAD ：狠美丽！			1213679240	00	7039698979	1397724389755
2320098-	0		5	Thu Feb 23 07:19:53 +0800 2012			3416131970627066	3416131970627066				3416131970627066	0			1	<a href=" rel="nofollow">iPad客户端</a>	找到一个新方向，找回一个老朋友，都让这个早晨变得珍贵。			1213679240	00	0	1397724389755
2320099-	0		2	Mon Jun 13 23:34:35 +0800 2011			12273357962	12273357962				5617728210670037884	0			0	<a href=" rel="nofollow">iPhone客户端</a>	我这个三八红旗手急需这个，12点了还在单位呢			1213679240	00	12269663054	1397724389755
2320100-	0		0	Tue May 17 21:23:23 +0800 2011			10780696038	10780696038				5607675101146806213	0			1	<a href=" rel="nofollow">iPhone客户端</a>	有点飞屋的意思 //@小米表姐:哇，这个漂漂啊！我记得有两串的。呵呵??????			1213679240	00	10779422057	1397724389755
2320101-	0		0	Mon Aug 20 23:21:32 +0800 2012			3481241401485281	3481241401485281				3481241401485281	0			0	<a href=" rel="nofollow">iPhone客户端</a>	一边恨嫁一边扩散 //@何小晨:老王的婚纱视频，太美了，不适合恨嫁的姑娘们看！@红伶   //@alexwang王培沂:求扩散，哈哈！			1213679240	00	3481193775201639	1397724389756
2320102-	0		0	Wed Jul 13 12:08:51 +0800 2011			14311421798	14311421798				5628684053931301099	0		#	0	<a href=" rel="nofollow">iPhone客户端</a>	精致到极致的日料，也只有紧张兮兮、兢兢业业的日本人才做的出来。			1213679240	00	0	1397724389756
2320103-	0		0	Thu Oct 11 08:55:03 +0800 2012			3499867521084391	3499867521084391				3499867521084391	0			0	<a href=" rel="nofollow">iPhone客户端</a>	回复@红伶:[嘻嘻] //@红伶:同感除了最后一条，因为小红还有一个妹妹 //@稻糠:同感，除了最后一条：因为稻糠还有3个姐姐。 //@阿兹猫cecilia: 同感，除了最后一条：因为猫猫还有个姐姐[抱抱]			1213679240	00	3499618271067783	1397724389756
2320104-	0		11	Mon Jun 11 12:21:57 +0800 2012			3455708270097725	3455708270097725				3455708270097725	0		#	0	<a href=" rel="nofollow">微博 weibo.com</a>	要是去每个地方都能骑个自行车熟么的，该多好~~~			1213679240	00	0	1397724389757
2320105-	0		0	Wed May 23 11:11:43 +0800 2012			3448805221059295	3448805221059295				3448805221059295	0			0	<a href=" rel="nofollow">微博 weibo.com</a>	期待一试！//@老燕子_YU: @红伶 @ReneeZhang @yuan在欧洲 @畏果 @徐胜利_微博 @Sharon她爸 @太美聚乐部钱可敬			1213679240	00	3448775735731340	1397724389757
2320106-	0		1	Sun Aug 19 01:53:21 +0800 2012			3480554835613301	3480554835613301				3480554835613301	0			0	<a href=" rel="nofollow">iPhone客户端</a>	还有女猪脚我好爱，曾经出现在＜赛末点＞里 //@大头斯基:英腔是亮点之一，@非常邪恶的鱼 你懂的 ，还有那个暴躁又善良的大叔可以秒杀任何年龄段的女银，制片助理的小暗恋也灰常可爱，片中那些新闻价值观和每条新闻诞生过程我们看了简直就是要泪奔了，只是很多米国背景时事事件让人挠头。			1213679240	00	3480544555613326	1397724389757
2320107-	0		0	Sun Aug 14 22:25:59 +0800 2011			3346419139160913	3346419139160913				3346419139160913	0			0	<a href=" rel="nofollow">iPhone客户端</a>	//@周周:绝对的，早上，想想常委们一推开窗户就看见一排排大烟囱，多提神！ // @艾格吃饱了 :恩建设风景如画的社会主义新工厂！ //  @周周  :中南海附近居民少，绿化好，地盘大，适合这个项目... //   @叶三   :北京�迎你，康姆昂北鄙//			1213679240	00	3346358927163886	1397724389758
2320108-	0		4	Mon May 23 01:14:40 +0800 2011			11053603600	11053603600				5609590128103321364	0			0	<a href=" rel="nofollow">微博 weibo.com</a>	忽然想去参加马拉松，有没有人支持？但是跑全程我会死在马路上的，来个半程如何。			1213679240	00	8211852723	1397724389758
2320109-	0		7	Sun Jun 03 00:36:42 +0800 2012			3452631681114481	3452631681114481				3452631681114481	0		#	0	<a href=" rel="nofollow">iPhone客户端</a>	落地，抬头望个天。。。			1213679240	00	0	1397724389759
2320110-	0		10	Thu Oct 04 17:30:20 +0800 2012			3497460486017321	3497460486017321				3497460486017321	0		#	3	<a href=" rel="nofollow">iPhone客户端</a>	最后一刻大理一点都没有失望，每看到一条微薄上的拥堵消息，我们就暗爽一下：大理的人并不多啊（这样说出来会不会被拍砖），而且我们还住在这样好的院子里。。。 @何小晨 @大理古城榴园客栈-Alex 谢谢@大理鲸鱼镇 的推荐			1213679240	00	0	1397724389759
2320111-	0		4	Sun Aug 21 11:58:19 +0800 2011			3348797897609238	3348797897609238				3348797897609238	0		#	2	<a href=" rel="nofollow">iPad客户端</a>	@何小晨 昨天喝到high处好像听到某人要帮我搞定将来的NB的婚纱大折扣，不是醉话哦，此微博为证据！吼吼吼吼（非常Evil和心花怒放的笑声）。这么重大的事件要配个图才对，注：这只是一件白色的裙子[酷]			1213679240	00	0	1397724389760
2320112-	0		0	Tue May 17 16:28:29 +0800 2011			10772263867	10772263867				5607599105991886439	0			0	<a href=" rel="nofollow">iPhone客户端</a>	转发微博。			1213679240	00	10772173289	1397724389760
2320113-	0		1	Wed Feb 22 12:56:37 +0800 2012			3415854324837906	3415854324837906				3415854324837906	0			0	<a href=" rel="nofollow">微博 weibo.com</a>	@HeyTanya @棉袜子 @精品杨磊 //@迷死一只知更鸟: @who拿羊 @撑伞小蘑菇 @��他爸 //@汉莎航空:[花心]最后倒数第[3]天啦！			1213679240	00	3414123205864355	1397724389760
2320114-	0		0	Thu Dec 29 13:29:12 +0800 2011			3395931190103056	3395931190103056				3395931190103056	0			0	<a href=" rel="nofollow">iPhone客户端</a>	关注！			1213679240	00	3395930810670748	1397724389761
2320115-	0		1	Tue Jul 12 00:54:17 +0800 2011			14204072348	14204072348				5628139134246177398	0			0	<a href=" rel="nofollow">微博 weibo.com</a>	刊面效果如何，很想赶紧看到！			1213679240	00	14202192794	1397724389761
2320116-	0		0	Tue Jul 26 12:00:11 +0800 2011			15349085451	15349085451				3339376283562418	0			0	<a href=" rel="nofollow">iPad客户端</a>	普及			1213679240	00	15347078366	1397724389761
2320117-	0		5	Tue Jul 03 16:22:25 +0800 2012			3463741322792575	3463741322792575				3463741322792575	0			0	<a href=" rel="nofollow">iPhone客户端</a>	徒弟们都跟我这一排坐着呢			1213679240	00	3463528164010163	1397724389761
2320118-	0		0	Wed Jul 20 23:00:45 +0800 2011			14900467907	14900467907				3337368191135159	0		#	0	<a href=" rel="nofollow">iPhone客户端</a>	难得又到新居玩耍，这一位，完全是夜店范儿的，装了这样的灯帘当隔断！还让不让人走了啦，人家明天还要丧班捏[弱][生病]			1213679240	00	0	1397724389762
2320119-	0		4	Mon Aug 29 00:54:57 +0800 2011			3351530057250035	3351530057250035				3351530057250035	0			0	<a href=" rel="nofollow">iPhone客户端</a>	NND，卫生间灯坏了，一只不知道是什么的生物被困在塑料袋里稀里哗啦折腾，本来想早睡早起的，起床锁了两道门还是心有余悸，这日子真悲催[委屈]			1213679240	00	0	1397724389762
2320120-	0		0	Sat Sep 24 00:03:13 +0800 2011			3360939122536073	3360939122536073				3360939122536073	0			0	<a href=" rel="nofollow">微博 weibo.com</a>	严重同意！那时候不知道的事好多！			1213679240	00	3360932241863262	1397724389763
2320121-	0		0	Fri Jul 22 12:20:22 +0800 2011			15024571164	15024571164				3337931808887905	0			1	<a href=" rel="nofollow">微博 weibo.com</a>	勿忘初心是一件多么难的事//@Vogue服饰与美容：你也曾被他的娃娃打动吗？作为一个纯爷们，却如此懂得女孩子的心......勿忘初心[心] //@YichiZ：“无论身在哪里，都要永远地保持自我，勿忘初心”[泪]			1213679240	00	14951621737	1397724389763
2320122-	0		7	Sat Oct 06 18:37:09 +0800 2012			3498202064120556	3498202064120556				3498202064120556	0		#	0	<a href=" rel="nofollow">iPhone客户端</a>	卖名信片的阿B，一下午只卖出去三张。。不够买肉吃。。。			1213679240	00	0	1397724389763
2320123-	0		8	Wed May 04 22:38:20 +0800 2011			10105368419	10105368419				5602870308181425810	0		#	6	<a href=" rel="nofollow">微博 weibo.com</a>	@�欣惠 @艳艳阳光 @精品乐活志，新鲜出炉，艳艳你去买一本哈，5月8号，出刊的时候我不在北京，没发给你递。			1213679240	00	0	1397724389764
2320124-	0		0	Sat Jan 28 08:48:32 +0800 2012			3406732200457639	3406732200457639				3406732200457639	0			0	<a href=" rel="nofollow">iPhone客户端</a>	mark			1213679240	00	3406694040681976	1397724389764
2320125-	0		7	Mon Jul 16 23:30:24 +0800 2012			3468560061628900	3468560061628900				3468560061628900	0		#	0	<a href=" rel="nofollow">iPhone客户端</a>	 @spiceuncle 看看这是啥！			1213679240	00	0	1397724389764
2320126-	0		0	Wed Jun 13 16:34:05 +0800 2012			3456496493034576	3456496493034576				3456496493034576	0			1	<a href=" rel="nofollow">微博 weibo.com</a>	这个主意好！//@Neomie喃喃: [哈哈][哈哈][哈哈]//@charaw: [bed凌乱] @白冬雁			1213679240	00	3456467552273313	1397724389765
2320127-	0		1	Fri Jul 08 18:32:11 +0800 2011			13943563204	13943563204				5626927412301226487	0			0	<a href=" rel="nofollow">iPhone客户端</a>	男猪脚很像裘德洛 //@屠无穷:考拉很有镜头感哦// @陈雨星-精品购物指南 ：大家注意啦 目的地是南澳大利亚 一般团游很难到达的哟			1213679240	00	13925483488	1397724389765
2320128-	0		0	Fri Sep 23 09:50:35 +0800 2011			3360724550507411	3360724550507411				3360724550507411	0			2	<a href=" rel="nofollow">微博 weibo.com</a>	广告贴，鉴定完毕，不过最后很可爱啦//@OOGAD：[哈哈] //@秋静vivian: 作为腐女，第一个问题似乎和中国部分实际情况不符，ps，为啥要裸上身			1213679240	00	3358878496657262	1397724389765
2320129-	0		0	Sun Nov 25 17:55:28 +0800 2012			3516310971843987	3516310971843987				3516310971843987	0			0	<a href=" rel="nofollow">微博 weibo.com</a>	@米亚1900			1213679240	00	3516304315070001	1397724389766
2320130-	0		1	Fri Sep 23 11:07:27 +0800 2011			3360743894553008	3360743894553008				3360743894553008	0			1	<a href=" rel="nofollow">微博 weibo.com</a>	内个床不错，不过得喷个持效防蚊水再上床[嘻嘻]			1213679240	00	3360743000911509	1397724389766
2320131-	0		2	Tue Nov 15 23:33:23 +0800 2011			3380138172291221	3380138172291221				3380138172291221	0		#	2	<a href=" rel="nofollow">iPhone客户端</a>	宵夜来了，紫薯银耳粥，吃完才有力气熬夜呀。。。			1213679240	00	0	1397724389766
2320132-	0		0	Thu Jul 21 10:29:27 +0800 2011			14923765245	14923765245				3337541508498735	0			0	<a href=" rel="nofollow">iPhone客户端</a>	最爱扒梨露天电影时节，每个奔向草地的人都幸福地微笑着 //@上海译文:无			1213679240	00	14877546211	1397724389767
2320133-	0		3	Thu Jun 16 12:11:01 +0800 2011			12431958144	12431958144				5618665312570135352	0			0	<a href=" rel="nofollow">微博 weibo.com</a>	我已经报名啦，迷你哒~~~			1213679240	00	12431224556	1397724389767
2320134-	0		0	Thu Nov 03 18:07:39 +0800 2011			3375707546149300	3375707546149300				3375707546149300	0			0	<a href=" rel="nofollow">微博 weibo.com</a>	美女不谈钱了，男人是不是就更傻眼了[嘻嘻]//@玩家传播的黄磊: [赞]高!实在是高!//@黄庄老王:美女一谈钱男人立马傻[哈哈]			1213679240	00	3375705283783033	1397724389767
2320135-	0		1	Tue May 10 12:39:23 +0800 2011			10402054077	10402054077				5604942470978964877	0			2	<a href=" rel="nofollow">微博 weibo.com</a>	眼睛档住了，让人家肿么走路 //@小丸子她姐:绝色妖“鸡”			1213679240	00	10396638693	1397724389768
2320136-	0		0	Thu Apr 05 14:15:10 +0800 2012			3431456765990228	3431456765990228				3431456765990228	0			0	<a href=" rel="nofollow">微博 weibo.com</a>	主文真生动，好看！			1213679240	00	3431403880109616	1397724389768
2320137-	0		1	Fri Feb 22 11:49:25 +0800 2013			3548471376605689	3548471376605689				3548471376605689	0			0	<a href=" rel="nofollow">微博 weibo.com</a>	Mark备用@我是卡米拉			1213679240	00	3548433808025720	1397724389768
2320138-	0		3	Sun Apr 03 17:04:10 +0800 2011			8576463999	8576463999				20111040356464426	0		#	0	<a href=" rel="nofollow">iPhone客户端</a>	从老家新鲜落地的香椿，馋shi人啦，舍不得吃，只抓出来一小把炒鸡蛋，剩下的速冻，留着与人分享~~~			1213679240	00	0	1397724389769
2320139-	0		8	Fri Sep 23 12:58:39 +0800 2011			3360771879065156	3360771879065156				3360771879065156	0		#	2	<a href=" rel="nofollow">iPhone客户端</a>	每到写稿日就吃的乱七八糟的，比如这种，还硬说自己有创意：荷兰豆炒干掉的长棍面包[嘘]			1213679240	00	0	1397724389769
2320140-	0		3	Thu Nov 17 23:29:36 +0800 2011			3380861996936422	3380861996936422				3380861996936422	0			3	<a href=" rel="nofollow">微博 weibo.com</a>	在法国,许多香料都不是被齐刷刷割下或者连根拔出放在菜摊上出售的,而是连盆带土,像卖花一样供人挑选,比如细细长长的小香葱,纹理分明的薄荷,起初我不明白,以为这些是办公桌植物,后来去朋友家做客,发现他家窗台上有一溜这样的植物，做菜做到一半，哗一下拉开窗户，揪一把叶子，冲洗一下，丢进锅里盘里。			1213679240	00	0	1397724389769
2320141-	0		5	Fri Jun 10 00:08:31 +0800 2011			12051802360	12051802360				5616252614689405117	0		#	0	<a href=" rel="nofollow">微博 weibo.com</a>	在翻Leiboviz at work，随手送你@何小晨			1213679240	00	0	1397724389769
2320142-	0		0	Thu Nov 17 22:14:44 +0800 2011			3380843156526137	3380843156526137				3380843156526137	0			0	<a href=" rel="nofollow">iPad客户端</a>	回复@眉不扬: 万能的罗勒！//@眉不扬:转发此微博:喜欢罗勒的味道!!			1213679240	00	3380790869908118	1397724389770
2320143-	0		18	Thu Oct 04 14:01:52 +0800 2012			3497408019120760	3497408019120760				3497408019120760	0		#	4	<a href=" rel="nofollow">iPhone客户端</a>	读书好地方@何小晨 @猴小猴儿			1213679240	00	0	1397724389770
2320144-	2		6	Mon Jun 24 23:59:30 +0800 2013			3592866439459716	3592866439459716				3592866439459716	0		#	4	<a href=" rel="nofollow">iPhone客户端</a>	#Vogue对话Victoria# Angelica：＂你还唱歌吗？＂贝嫂：＂我冲澡时还唱。＂[嘻嘻][嘻嘻][嘻嘻]			1213679240	00	0	1397724389771
2320145-	0		1	Tue Jan 31 11:03:37 +0800 2012			3407853350263765	3407853350263765				3407853350263765	0			0	<a href=" rel="nofollow">专业版微博</a>	转之@HeyTanya @眉不扬 @胖潘  //@GungHoPizza: 100元代金券哦  //@GungHoPizza:叫板新闻微博活动送代金券第二波来袭！转发此视频并@3位好友，留下你的新年愿望，就有机会获得叫板比萨100元代金券一张。获奖名单公布时间:2月1日。			1213679240	00	3402590295455661	1397724389771
2320146-	0		0	Tue Mar 15 11:16:50 +0800 2011			7529787443	7529787443				221110315122016702	0		#	0	<a href=" rel="nofollow">iPhone客户端</a>	又爆炸了，冷却器里还剩不到一半的水！ 我榨了一杯胡萝卜百香果汁，定定神...			1213679240	00	0	1397724389771
2320147-	0		7	Tue Dec 25 15:05:21 +0800 2012			3527139805019099	3527139805019099				3527139805019099	0			1	<a href=" rel="nofollow">微博 weibo.com</a>	嗯，大表哥是学院派滴 //@暗地妖娆嚼舌:自打知道大表哥爱读书之后，我就爱上他啦！[威武]			1213679240	00	3527138898828832	1397724389772
2320148-	0		0	Fri Sep 23 14:09:40 +0800 2011			3360789750881113	3360789750881113				3360789750881113	0			0	<a href=" rel="nofollow">微博 weibo.com</a>	回复@社长的围脖_郭晨光:想吃炒月饼呀，去精品食堂吧，哈哈！ //@社长的围脖_郭晨光:还好没有炒月饼！			1213679240	00	3360771879065156	1397724389772
2320149-	0		0	Sun Mar 11 13:51:43 +0800 2012			3422391177295524	3422391177295524				3422391177295524	0			1	<a href=" rel="nofollow">iPhone客户端</a>	每个主人都有一只不靠谱的狗 //@韶辉:每条狗都会有一个不靠谱的主人！			1213679240	00	3422381446449811	1397724389772
2320150-	0		0	Wed Aug 22 01:19:12 +0800 2012			3481633405240255	3481633405240255				3481633405240255	0			2	<a href=" rel="nofollow">iPhone客户端</a>	这个。好感动。。。 //@玩家老黄:拍了30年，留了30年[赞]			1213679240	00	3481599117491214	1397724389773
2320151-	0		0	Sun Mar 04 15:21:07 +0800 2012			3419876964268801	3419876964268801				3419876964268801	0			0	<a href=" rel="nofollow">微博 weibo.com</a>	好看！//@Hellen申慧: 好棒的micro film			1213679240	00	3419676409732819	1397724389773
2320152-	0		0	Tue Feb 07 17:20:26 +0800 2012			3410484902916558	3410484902916558				3410484902916558	0			0	<a href=" rel="nofollow">微博 weibo.com</a>	转之 //@熊猫丹迪:@汉堡龟龟龟@Jun_行走			1213679240	00	3410481018650423	1397724389773
2320153-	0		0	Mon Aug 01 15:02:34 +0800 2011			15804132199	15804132199				3341596507144788	0			0	<a href=" rel="nofollow">微博 weibo.com</a>	8错//@Audrey在北京：继续继续[good] //@欢颜minmin：社交类排行第二，仅次于腾讯， 全部免费APP排行第九，爱美丽们，加油！！			1213679240	00	15783170482	1397724389773
2320154-	0		3	Wed Jan 25 16:31:09 +0800 2012			3405761462080316	3405761462080316				3405761462080316	0			1	<a href=" rel="nofollow">iPhone客户端</a>	悲。。安哲罗普洛斯被摩托车撞身亡。。。			1213679240	00	0	1397724389774
2320155-	0		0	Thu Jul 07 22:45:40 +0800 2011			13879466316	13879466316				5626621649287974244	0			2	<a href=" rel="nofollow">微博 weibo.com</a>	听第一句就泪奔了//@sankuanz：//@KIMKIMKIMKIM：@sankuanz 希望咋们老了的时候还有这种情怀。			1213679240	00	13714702530	1397724389774
2320156-	0		0	Tue Mar 20 08:17:23 +0800 2012			3425568526044560	3425568526044560				3425568526044560	0			0	<a href=" rel="nofollow">微博 weibo.com</a>	哇，印象深刻，我心目中的Top20//@李暮月: //@星星三叶草:依稀记得当年再版时我的欣喜若狂奔走相告四处赠书。前几日去珠海，还跟草籽们提及，有草籽还说要我送她这本书。 //@颜小鹂:是啊，这是我06年引进出版的，也是我最喜欢现代儿童文学作品之一。			1213679240	00	3425426758240775	1397724389774
2320157-	0		7	Sat Oct 27 11:40:38 +0800 2012			3505707393251642	3505707393251642				3505707393251642	0		#	2	<a href=" rel="nofollow">微博 weibo.com</a>	碰见酒保就想要拍个黑白的，想象自己是在看吉姆贾木许的片儿。。。			1213679240	00	0	1397724389775
2320158-	0		0	Thu Aug 04 15:32:23 +0800 2011			3342691174057987	3342691174057987				3342691174057987	0			0	<a href=" rel="nofollow">微博 weibo.com</a>	书收到啦，谢谢@德尔芬娜 一口气读完，泪水在心里堆成的诙谐[泪] @爸爸爱喜禾 //@德尔芬娜：狗子为支持老蔡和他太太，还有他们的儿子喜禾，买了一百本《爸爸爱喜禾》，分了五十本让我帮忙发放，想感动一把的朋友举手留言，下周来我座位上取或者我给你递过去。狗子评价：真的很感人，文笔真好！			1213679240	00	13933885938	1397724389775
2320159-	0		0	Wed May 04 11:03:56 +0800 2011			10073181620	10073181620				5602691362820573491	0			0	<a href=" rel="nofollow">微博 weibo.com</a>	美的！			1213679240	00	10072721678	1397724389775
2320160-	0		1	Sat Sep 08 19:02:01 +0800 2012			3488061465754467	3488061465754467				3488061465754467	0			0	<a href=" rel="nofollow">iPhone客户端</a>	回复@红伶:[偷笑] //@红伶:就假装我们过得很好。。。			1213679240	00	3488041501147421	1397724389776
2320161-	0		1	Thu Jul 21 14:46:12 +0800 2011			14944421855	14944421855				3337606121728068	0			1	<a href=" rel="nofollow">iPhone客户端</a>	美呀，拍得有创意！ //@法国旅游发展署:[爱你] 杯中塔影  #巴黎#  #艾菲尔#			1213679240	00	13959530026	1397724389776
2320162-	0		5	Wed Aug 21 22:14:34 +0800 2013			3613858511673090	3613858511673090				3613858511673090	0			3	<a href=" rel="nofollow">iPhone客户端</a>	赞！ //@曾焱冰:酷！！//@吉克隽逸: 我们走起来！vogue8周年快乐！[兔子][兔子][兔子] //@韩火火:Cool！@angelica张宇 //@Ming奚梦瑶:一起去逛街?			1213679240	00	3610532672107126	1397724389776
2320163-	0		0	Wed Dec 21 11:21:35 +0800 2011			3392999971308371	3392999971308371				3392999971308371	0			1	<a href=" rel="nofollow">iPhone客户端</a>	刚知道，同纪念[泪]			1213679240	00	3392998392074511	1397724389776
2320164-	0		4	Mon May 02 14:47:31 +0800 2011			9979149665	9979149665				2111105021846233	0		#	1	<a href=" rel="nofollow">iPad客户端</a>	对@�欣惠 说: @艳艳阳光 与游走狂人欣惠小姐聊到西班牙，顿时勾起我对巴塞罗那的狂爱，有谁能够不爱它！即将出发的@wendy234 要多多拍好片回来哦！（图为米拉之家不远处的一幢建筑）			1213679240	00	0	1397724389777
2320165-	0		0	Thu May 23 12:24:26 +0800 2013			3581095092078433	3581095092078433				3581095092078433	0		#	0	<a href=" rel="nofollow">iPad客户端</a>	我刚更新了微博HD V3.3.0！信息流全面改造，带来新鲜的阅读体验；全面支持赞，轻松表达态度！快来下载体验吧！			1213679240	00	0	1397724389777
2320166-	0		1	Sun Nov 25 18:16:57 +0800 2012			3516316378146126	3516316378146126				3516316378146126	0			0	<a href=" rel="nofollow">微博 weibo.com</a>	我去，顿时饿了！			1213679240	00	3516302884355243	1397724389777
2320167-	0		1	Wed Jul 13 22:13:03 +0800 2011			14355756702	14355756702				5628839755077677991	0			0	<a href=" rel="nofollow">iPhone客户端</a>	大叔的围脖织得太有节奏感和喜感了！ //@上海天马大叔:回复  @spiceuncle :主要是饿着肚子做的，所以饭团整大了� // @spiceuncle : 米饭忒多了，一个寿司二两饭...哈哈			1213679240	00	14287544323	1397724389778
2320168-	0		1	Mon Mar 12 22:38:22 +0800 2012			3422886096525758	3422886096525758				3422886096525758	0		#	1	<a href=" rel="nofollow">专业版微博</a>	想去三摩地尝尝这碗豆腐花儿。			1213679240	00	0	1397724389778
2320169-	0		0	Sat May 05 23:39:54 +0800 2012			3442470526750196	3442470526750196				3442470526750196	0			0	<a href=" rel="nofollow">微博 weibo.com</a>	mark//@陈雨星-精品购物指南: @小米表姐 @李信玲 @红伶 @棉袜子 //@宋豚豚: 一定去尝尝。@芳芳豌豆公主 @光影映像_宋涛 //@台�游王翎芳:注意附近有一�甜筒比�也很好吃，我��不及推�！ //@:这个我找到了，100台币吃了三根，确实超赞			1213679240	00	3431936309648618	1397724389778
2320170-	0		2	Mon Jun 20 13:18:34 +0800 2011			12670366664	12670366664				5620167060596269121	0			3	<a href=" rel="nofollow">微博 weibo.com</a>	好憨的企鹅			1213679240	00	12667143666	1397724389778
2320171-	0		0	Fri Apr 06 22:45:36 +0800 2012			3431947613662381	3431947613662381				3431947613662381	0		#	0	<a href=" rel="nofollow">iPhone客户端</a>	茶与琴 @真众			1213679240	00	0	1397724389779
2320172-	0		1	Fri Aug 10 11:49:56 +0800 2012			3477443480407612	3477443480407612				3477443480407612	0		#	0	<a href=" rel="nofollow">iPhone客户端</a>	这个人，竟然学会浪漫了。。。			1213679240	00	0	1397724389779
2320173-	0		4	Wed Jul 06 11:29:35 +0800 2011			13745878510	13745878510				5626076338772673764	0			0	<a href=" rel="nofollow">iPhone客户端</a>	@wendywang234 @何小晨 @秋静vivian @HeyTanya 求化妆师：）			1213679240	00	0	1397724389779
2320174-	0		4	Tue Jul 12 00:44:34 +0800 2011			14203658728	14203658728				5628136630280160023	0		#	1	<a href=" rel="nofollow">微博 weibo.com</a>	富良野的薰衣草虽然没有普罗旺斯的来得泼辣与浩瀚，却也小情小调，搭配着日式的小茶楼，不失为夏日北海道的休闲地之一：捧一杯煎茶，拥坐栏杆前??			1213679240	00	0	1397724389780
2320175-	0		0	Fri Jun 10 01:00:32 +0800 2011			12053277112	12053277112				5616266019282736375	0			0	<a href=" rel="nofollow">微博 weibo.com</a>	@棉袜子 //@米小�：mark!//@北京乌鸦嘴：他们怎么不来新城国际发小广告呢？这么些个带孩子的老外又不会上围脖的！ //@娜斯:希望能如扭腰那样形成固定的 //@anotherRene:这个视频提到了联合广场的集市，在扭腰的亲爱的可以去玩！ [视频]  [爱你]			1213679240	00	11898708326	1397724389780
2320176-	0		0	Sun Jun 10 18:22:07 +0800 2012			3455436516231180	3455436516231180				3455436516231180	0		#	0	<a href=" rel="nofollow">微博 weibo.com</a>	柏林墙下。。。			1213679240	00	0	1397724389780
2320177-	0		1	Tue Dec 04 16:28:59 +0800 2012			3519550693414615	3519550693414615				3519550693414615	0			0	<a href=" rel="nofollow">iPhone客户端</a>	美剧＜国土安全＞里提到这家酒店了，我错过的美岸呀，肝儿疼！			1213679240	00	3519548260986427	1397724389780
2320178-	0		3	Wed Jan 25 00:48:16 +0800 2012			3405524182212955	3405524182212955				3405524182212955	0		#	1	<a href=" rel="nofollow">iPhone客户端</a>	巴黎这鬼天气，除了看电影或在小酒馆里坐着，就没啥可干的了。			1213679240	00	0	1397724389781
2320179-	0		0	Mon Sep 05 11:27:50 +0800 2011			3354226042440223	3354226042440223				3354226042440223	0			0	<a href=" rel="nofollow">微博 weibo.com</a>	回复@flydutch:谢谢谢谢！有你们我非常有动力哇！ //@flydutch:回复@小涛: 明天开始加上在精品工作的美味@红伶 ~ 这次的文章就是她在负责~			1213679240	00	3354034794853503	1397724389781
2320180-	0		3	Thu May 26 12:20:08 +0800 2011			11224571058	11224571058				5610874873094942105	0			1	<a href=" rel="nofollow">iPhone客户端</a>	//@谷月:// @棉袜子 : // @精品购物指南 ：想去旅行，给自己一场心灵的放逐。本报 #2011环球乐活之旅# 活动正在招募，免费出游大溪地的机会哦！速速报名参加 			1213679240	00	11174943948	1397724389781
2320181-	0		9	Tue Feb 28 15:41:52 +0800 2012			3418070237864467	3418070237864467				3418070237864467	0			0	<a href=" rel="nofollow">微博 weibo.com</a>	那时候我初到巴黎，完全不懂一个人的空间有多么昂贵，更不懂饥渴的滋味……这个开头肿么样？			1213679240	00	0	1397724389782
2320182-	0		1	Wed Apr 20 19:07:59 +0800 2011			9409076910	9409076910				201110420454536236	0			0	<a href=" rel="nofollow">iPhone客户端</a>	忙叨叨一天回家，在路边草坪上看见一男人蹲那逗猫，好有爱，顿时不觉疲倦，想过去一起逗猫~~＜@小丸子她姐			1213679240	00	0	1397724389782
2320183-	0		5	Sun Oct 09 15:47:12 +0800 2011			3366612502050192	3366612502050192				3366612502050192	0		#	0	<a href=" rel="nofollow">iPhone客户端</a>	酒鬼从南澳回来会是什么后果，有库存了呗，谁要喝印有我名字的酒？在奔富酒庄自己勾兑的；谁要喝夜晚采摘的白葡萄？这一只是杰卡斯有趣的新产品，喝起来像微风吹过月下葡萄园，真风骚！			1213679240	00	0	1397724389782
2320184-	0		0	Tue Feb 14 12:28:38 +0800 2012			3412948179558260	3412948179558260				3412948179558260	0			0	<a href=" rel="nofollow">微博 weibo.com</a>	情人节前夜看了这么个故事：主打慈善事业的甜蜜公主被绑架，绑匪要求首相跟一头母猪搞一下，并且全国直播。英国人的黑色幽默简直了，膜拜啊！ By the way, 过不了情人节改过亲人节呗。			1213679240	00	3412690171224790	1397724389783
2320185-	0		1	Tue Dec 20 23:02:11 +0800 2011			3392813909338543	3392813909338543				3392813909338543	0			0	<a href=" rel="nofollow">微博 weibo.com</a>	好看，乍一眼还以为是外模的屁股。			1213679240	00	3392409716663880	1397724389784
2320186-	0		0	Sun Jul 24 22:56:00 +0800 2011			15220923578	15220923578				3338816546990841	0			3	<a href=" rel="nofollow">微博 weibo.com</a>	//@程�：记者都被召回？那在现场参加发布会这么多人都是干嘛的？ //@海淀翔哥:中国特色啊 //@王勤:脑子都用邪门歪道上了 //@连鹏: 不让报道，代表了不自信，欲盖弥彰。让人不免去猜测，去联想。			1213679240	00	15212516372	1397724389784
2320187-	0		1	Tue Feb 07 20:00:05 +0800 2012			3410525088621662	3410525088621662				3410525088621662	0			0	<a href=" rel="nofollow">iPhone客户端</a>	有呢有呢，早知道留着了 //@德尔芬娜:真的有，可是毛好短  //@封原:80后经典玩具之一 宠物意识的觉醒			1213679240	00	3410496072009049	1397724389784
2320188-	0		1	Wed May 11 23:50:34 +0800 2011			10498410421	10498410421				5605486518947744238	0			0	<a href=" rel="nofollow">iPhone客户端</a>	巴黎今晚全面上映，尼玛我想看呀！ //@角角Monica:伍迪艾伦，我真心热爱的导演啊！！ // @新浪娱乐 :《午夜巴黎》主创美图： 			1213679240	00	10491590732	1397724389785
2320189-	0		0	Wed Apr 18 12:37:03 +0800 2012			3436143116905052	3436143116905052				3436143116905052	0			0	<a href=" rel="nofollow">iPhone客户端</a>	要看要看，再登船一次			1213679240	00	3436133470287324	1397724389785
2320190-	0		10	Fri Oct 19 10:22:36 +0800 2012			3502788652984004	3502788652984004				3502788652984004	0		#	0	<a href=" rel="nofollow">iPhone客户端</a>	Im happy again。。。			1213679240	00	0	1397724389785
2320191-	0		4	Tue Jul 31 22:06:50 +0800 2012			3473974845466864	3473974845466864				3473974845466864	0		#	5	<a href=" rel="nofollow">iPhone客户端</a>	谢谢@张博乐 送的杂志，相当霸气呀。。。			1213679240	00	0	1397724389786
2320192-	0		1	Sun Nov 13 10:37:57 +0800 2011			3379218253689208	3379218253689208				3379218253689208	0			0	<a href=" rel="nofollow">iPad客户端</a>	僵尸必追！！			1213679240	00	3379086296203460	1397724389786
2320193-	0		7	Wed May 02 22:49:22 +0800 2012			3441370641677185	3441370641677185				3441370641677185	0			1	<a href=" rel="nofollow">iPhone客户端</a>	回复@怒怒小哥:冤，不是我画的 //@怒怒小哥:流氓[花心]			1213679240	00	3441357626636812	1397724389786
2320194-	0		0	Sun Aug 07 20:33:25 +0800 2011			3343854094964635	3343854094964635				3343854094964635	0			0	<a href=" rel="nofollow">iPhone客户端</a>	从everything will flow唱到generation，我靠，大家都坐不住了，全场站立，我鞋跟好高的挖！！！			1213679240	00	0	1397724389787
2320195-	0		0	Tue Feb 21 21:40:53 +0800 2012			3415623881264239	3415623881264239				3415623881264239	0			0	<a href=" rel="nofollow">iPhone客户端</a>	mark			1213679240	00	3365475083978926	1397724389787
2320196-	0		0	Wed Jan 30 23:39:18 +0800 2013			3540315094742624	3540315094742624				3540315094742624	0			0	<a href=" rel="nofollow">iPad客户端</a>	龙年最后一票战斗，也谢谢@齐溪 从怀柔片场赶来赶去//@我是卡米拉:谢谢大家?提了一天的心，终于顺下去了。[爱你][酷]			1213679240	00	3540312352016890	1397724389787
2320197-	0		10	Sun Sep 23 17:50:23 +0800 2012			3493479256315252	3493479256315252				3493479256315252	0		#	2	<a href=" rel="nofollow">iPhone客户端</a>	为了某件很俗气的事，第一次尝试这么复杂的，还挺喜欢的，哈哈哈@三里屯小小美甲-小小			1213679240	00	0	1397724389788
2320198-	0		3	Mon Dec 10 22:59:22 +0800 2012			3521823268546182	3521823268546182				3521823268546182	0		#	1	<a href=" rel="nofollow">豆瓣电影</a>	看过《美味绝飨》：片子拍得太闷了，像是在看一帮搞实验的科学家，就算为了表现Ferran Adria的科研疯劲也没必要把美食纪录片拍得食欲全无吧，看在餐厅已经倒闭的份上，勉强看看，就当是El bulli的最后纪念好了。 ★★★ 			1213679240	00	0	1397724389788
2320199-	0		10	Sun Sep 23 17:50:23 +0800 2012			3493479256315252	3493479256315252				3493479256315252	0		#	2	<a href=" rel="nofollow">iPhone客户端</a>	为了某件很俗气的事，第一次尝试这么复杂的，还挺喜欢的，哈哈哈@三里屯小小美甲-小小			1213679240	00	0	1397724389789
2320200-	0		0	Thu Jan 26 22:42:12 +0800 2012			3406217219403318	3406217219403318				3406217219403318	0			0	<a href=" rel="nofollow">iPhone客户端</a>	今天太神奇了，走哪都有无线网，人品啊。。昨天去二手店碰见一朵奇葩，二分头男，一边把门口模特身上一件长款皮草大衣扒下来往自己身上披，一边说，我觉得我可以驾驭这件。。。。			1213679240	00	0	1397724389789
2320201-	0		0	Tue Jul 31 16:27:50 +0800 2012			3473889541349291	3473889541349291				3473889541349291	0			0	<a href=" rel="nofollow">微博 weibo.com</a>	Un Café sil vous plait//@Neomie喃喃: 这种基本礼貌在中国更需要普及//@俄勒冈七姐: 值得学习。[鼓掌]//@拿铁二姐: 礼貌不但让人愉悦还可打九折 [可爱]			1213679240	00	3473545433164987	1397724389789
2320202-	0		1	Wed Aug 31 01:48:47 +0800 2011			3352268382315227	3352268382315227				3352268382315227	0		#	0	<a href=" rel="nofollow">豆瓣电影</a>	看过《垃圾街》 ★★★ 			1213679240	00	0	1397724389790
2320203-	0		0	Tue Jun 14 18:49:11 +0800 2011			12320095480	12320095480				5618025748983619792	0			1	<a href=" rel="nofollow">iPhone客户端</a>	为什么扒梨一下雨就连累到wifi？法国气象局跟电信局是有多大的仇？			1213679240	00	0	1397724389790
2320204-	0		2	Tue Apr 19 15:18:27 +0800 2011			9350511292	9350511292				201110419423010082	0		#	0	<a href=" rel="nofollow">iPhone客户端</a>	连轴转，好累，想去买花，偶尔看到它们很治愈 @秋静vivian 如果你要为新家添植物一定叫我~~			1213679240	00	0	1397724389790
2320205-	0		0	Mon May 16 14:21:42 +0800 2011			10735526682	10735526682				5607195349003346071	0			0	<a href=" rel="nofollow">iPhone客户端</a>	//@李潇Shawn:期待~~~			1213679240	00	10534641972	1397724389790
2320206-	0		0	Fri Dec 07 16:13:12 +0800 2012			3520633889404611	3520633889404611				3520633889404611	0			0	<a href=" rel="nofollow">iPhone客户端</a>	挖挖挖！羡慕船里的人啊！			1213679240	00	3520631234677447	1397724389791
2320207-	0		2	Mon Jul 25 13:05:37 +0800 2011			15262445302	15262445302				3339030361010360	0			4	<a href=" rel="nofollow">微博 weibo.com</a>	转发微博。			1213679240	00	15261993662	1397724389791
2320208-	0		0	Fri Nov 18 01:16:32 +0800 2011			3380888907518957	3380888907518957				3380888907518957	0		#	0	<a href=" rel="nofollow">育儿网_汉语等级考试</a>	你觉得你的汉语够牛逼么？你确定你会说汉语么？红伶刚刚获得专业汉语神级的成绩，你敢不敢挑战传说中的超级牛逼的汉语等级考试？			1213679240	00	0	1397724389791
2320209-	0		2	Thu Jan 26 02:43:26 +0800 2012			3405915539990694	3405915539990694				3405915539990694	0		#	0	<a href=" rel="nofollow">iPhone客户端</a>	 @何小晨 记得这里吗：）			1213679240	00	0	1397724389792
2320210-	0		1	Mon Jul 25 12:57:00 +0800 2011			15261548508	15261548508				3339028192136644	0			1	<a href=" rel="nofollow">微博 weibo.com</a>	//@闪闪发亮的猪：好插画 现在看 非常沉重//@令狐磊的杂志发现室：这么好的图，当时应该用来做封面。 //@木西muxi: //@少年脑DN： //@��的小火柴：死神�了…… //@烟囱yancong：犀利			1213679240	00	15258108856	1397724389792
2320211-	0		0	Mon Nov 04 15:45:21 +0800 2013			3640939652231043	3640939652231043				3640939652231043	0		#	0	<a href=" rel="nofollow">iPad客户端</a>	我更新了微博iPad客户端3.4.0版本啦！3.4.0版新增互相关注、悄悄关注分组，可筛选查看微博内容；支持浪小花、emoji表情，评论发博更有趣。立即更新，更多新功能抢先体验！下载地址：			1213679240	00	0	1397724389792
2320212-	0		0	Wed Dec 07 14:16:16 +0800 2011			3387970502498656	3387970502498656				3387970502498656	0		#	0	<a href=" rel="nofollow">iPhone客户端</a>	＂乐活在路上＂期待非常有动感非常有生命力的2012！ @陈雨星-精品购物指南			1213679240	00	0	1397724389793
2320213-	0		3	Wed May 02 21:57:38 +0800 2012			3441357626636812	3441357626636812				3441357626636812	0		#	2	<a href=" rel="nofollow">iPhone客户端</a>	简笔画			1213679240	00	0	1397724389793
2320214-	0		12	Fri Apr 20 18:32:57 +0800 2012			3436957470717322	3436957470717322				3436957470717322	0			0	<a href=" rel="nofollow">iPhone客户端</a>	人品啊，这个点儿，这个天气，在三里屯竟然打到了车。。。			1213679240	00	0	1397724389793
2320215-	0		0	Sun Aug 21 11:34:48 +0800 2011			3348791977732024	3348791977732024				3348791977732024	0			0	<a href=" rel="nofollow">微博 weibo.com</a>	忒狠了点儿，哈哈，在中国就不会这么愤怒了			1213679240	00	3348781202936613	1397724389793
2320216-	0		1	Sat Jan 21 18:48:36 +0800 2012			3404346496985757	3404346496985757				3404346496985757	0		#	1	<a href=" rel="nofollow">iPhone客户端</a>	 @YIKO3344 心照不宣地奔向中餐去，说实话，快抗不住啦，嘴里淡出鸟来了。。这家是许多人心目中的巴黎中餐top3，有需要的私信我。。。			1213679240	00	0	1397724389794
2320217-	0		3	Wed May 11 15:56:23 +0800 2011			10470872770	10470872770				5605364322843495554	0		#	4	<a href=" rel="nofollow">iPhone客户端</a>	北北幸福地快晕倒[花心]			1213679240	00	0	1397724389794
2320218-	1		2	Tue Aug 07 23:26:09 +0800 2012			3476531525108176	3476531525108176				3476531525108176	0		#	3	<a href=" rel="nofollow">iPhone客户端</a>	发奖了，来回味下乱飞哥的笑容[偷笑]			1213679240	00	0	1397724389794
2320219-	0		5	Thu Nov 17 23:34:59 +0800 2011			3380863351626745	3380863351626745				3380863351626745	0			0	<a href=" rel="nofollow">微博 weibo.com</a>	回复@王宏玲:是的，其实国内也可以实现呀！ //@王宏玲:很原生态哦[嘻嘻]			1213679240	00	3380861996936422	1397724389795
2320220-	0		1	Thu May 17 15:56:53 +0800 2012			3446702658621792	3446702658621792				3446702658621792	0			2	<a href=" rel="nofollow">微博 weibo.com</a>	多合适的价格，童鞋们看过来//@精品乐活志: @精品购物指南 @陈雨星-精品购物指南 @小米表姐 @屠无穷 @棉袜子 @精品杨磊 @颦颦有礼 @牙碜妞儿 @李潇Shawn @红伶 @程� @m的明白 @桃格尼尼 @李信玲 @佳境 @黑眼圈小孩 @可爱箫 @�是山� @Rainbow_0709 大家快来转发呦~~大力扩散~~好机会不能放过~~！			1213679240	00	3446686456689690	1397724389795
2320221-	0		0	Tue Feb 14 15:54:32 +0800 2012			3412999995904370	3412999995904370				3412999995904370	0			0	<a href=" rel="nofollow">微博 weibo.com</a>	回复@谷月:应该是这周日下午2点 //@谷月:啥时候重播？ //@红伶:欢迎大家围观重播 //@傲然王: 围观！[奥特曼] //@BTV-时尚装苑:主持人 @傲然王  时尚观察员： @精品购物指南   @精品乐活志  资深旅游编辑 @红伶  时尚传媒集团、 @男人装  杂志主编 @瘦马  ，			1213679240	00	3412182035057810	1397724389796
2320222-	0		2	Fri Sep 23 13:10:31 +0800 2011			3360774867568971	3360774867568971				3360774867568971	0			0	<a href=" rel="nofollow">iPad客户端</a>	@眉不扬 你爱的比格			1213679240	00	3360774165148712	1397724389796
2320223-	0		0	Thu Jan 12 00:00:36 +0800 2012			3400801129730395	3400801129730395				3400801129730395	0			0	<a href=" rel="nofollow">iPhone客户端</a>	越来越好滴工种 //@Kitty小豆:地铁上听到两位women对话：老板每年提供四张免费机票，两个大假期不扣工资，大屋随便住！亲，向前看，我也干这行好了！保姆是个好工种！			1213679240	00	3400765960196179	1397724389796
2320224-	0		0	Fri Aug 10 20:32:16 +0800 2012			3477574925290078	3477574925290078				3477574925290078	0			0	<a href=" rel="nofollow">iPhone客户端</a>	你懂得太多了啦！			1213679240	00	3477574250307829	1397724389797
2320225-	0		0	Mon Apr 04 11:56:03 +0800 2011			8621726821	8621726821				20111040472444260	0		#	1	<a href=" rel="nofollow">iPhone客户端</a>	一直很想在窗台放点什么花，可是没有什么花能够经受住我这个懒人和风吹日晒的双重折磨，经友人提示想到遍布法国的天竺葵，于是我们两人把莱太所有的天竺葵都搜罗一空，因为这花实在太贱了，灭油人要！我买了三棵并在一盆里丢到窗外，仔细看看竟然是三个品种@@于是我家的窗台自认为很扒梨，有木有？			1213679240	00	0	1397724389797
2320226-	0		0	Sun Jul 31 13:32:53 +0800 2011			15740904848	15740904848				3341211549069998	0			8	<a href=" rel="nofollow">微博 weibo.com</a>	这个。。很强大。。。//@德尔芬娜：ohlalalalalala……//@Missjustine：转发微博。			1213679240	00	15668478252	1397724389797
2320227-	0		0	Tue May 17 20:19:02 +0800 2011			10778682769	10778682769				5607658518106351647	0		#	0	<a href=" rel="nofollow">iPhone客户端</a>	乐活之旅启动！			1213679240	00	0	1397724389797
2320228-	0		4	Tue Sep 25 01:12:43 +0800 2012			3493952961017287	3493952961017287				3493952961017287	0			1	<a href=" rel="nofollow">iPhone客户端</a>	 @何小晨 这里来过N多名人哦，歌德、王尔德、英格丽褒曼。。。			1213679240	00	3493332460565086	1397724389798
2320229-	0		0	Thu Jul 28 15:10:34 +0800 2011			15512767598	15512767598				3340148968317962	0			1	<a href=" rel="nofollow">iPhone客户端</a>	我信了，包埋 //@wendywang234:我信了// @artoo和花子 ：// @redsole :真的！ //  @iamANNA  :转发微博			1213679240	00	15485642742	1397724389798
2320230-	0		0	Mon Nov 04 15:45:21 +0800 2013			3640939652231043	3640939652231043				3640939652231043	0		#	0	<a href=" rel="nofollow">iPad客户端</a>	我更新了微博iPad客户端3.4.0版本啦！3.4.0版新增互相关注、悄悄关注分组，可筛选查看微博内容；支持浪小花、emoji表情，评论发博更有趣。立即更新，更多新功能抢先体验！下载地址：			1213679240	00	0	1397724389799
2320231-	0		0	Wed Jul 06 11:12:13 +0800 2011			13744557848	13744557848				5626071863416490788	0			0	<a href=" rel="nofollow">iPhone客户端</a>	支持！我还剩一颗小花就可以来个免费pizza啦			1213679240	00	13744168120	1397724389799
2320232-	0		5	Sat Aug 20 01:42:27 +0800 2011			3348280520319873	3348280520319873				3348280520319873	0		#	0	<a href=" rel="nofollow">iPhone客户端</a>	半夜翻手机照片，翻到这个很是不堪[衰]			1213679240	00	0	1397724389799
2320233-	0		9	Wed Sep 26 12:46:14 +0800 2012			3494489878890890	3494489878890890				3494489878890890	0		#	3	<a href=" rel="nofollow">iPhone客户端</a>	一本很神奇的小书，怪才导演提姆伯顿写的。。。			1213679240	00	0	1397724389800
2320234-	0		0	Wed Aug 31 00:41:32 +0800 2011			3352251456670362	3352251456670362				3352251456670362	0			0	<a href=" rel="nofollow">微博 weibo.com</a>	我会去看《名扬四海 Fame》			1213679240	00	3352249619375771	1397724389800
2320235-	0		5	Mon Oct 31 22:52:54 +0800 2011			3374692165994070	3374692165994070				3374692165994070	0			0	<a href=" rel="nofollow">微博 weibo.com</a>	捞不着，饿！//@精品杨磊：等着海底捞我吧……//@潇洒如飞: 无语了，简直~~//@牙碜妞儿：会还没开 地铁肯定是赶不上了 谁想吃海底捞啊 i mean right now@红伶 @潇洒如飞 @精品杨磊 @程� @李信玲			1213679240	00	3374530946876718	1397724389800
2320236-	0		6	Tue Dec 06 09:24:42 +0800 2011			3387534739013989	3387534739013989				3387534739013989	0			1	<a href=" rel="nofollow">iPhone客户端</a>	万恶啊！！ //@Hellen申慧:万恶的资本主义啊！			1213679240	00	3387530990992539	1397724389800
2320237-	0		0	Sat Jul 30 19:52:11 +0800 2011			15691054903	15691054903				3340944621285223	0		#	0	<a href=" rel="nofollow">豆瓣电影</a>	看过《蒲公英的灰尘》 ★★★★  --发自豆瓣电影			1213679240	00	0	1397724389801
2320238-	0		5	Wed Sep 14 01:11:22 +0800 2011			3357332394928955	3357332394928955				3357332394928955	0			1	<a href=" rel="nofollow">iPhone客户端</a>	说实话，最后那词我第一眼误读成后腚续开，在读还是，不知有同感否？[蜡烛][蜡烛]			1213679240	00	3357322311862003	1397724389801
2320239-	0		15	Sun Sep 04 21:28:16 +0800 2011			3354014758818469	3354014758818469				3354014758818469	0		#	2	<a href=" rel="nofollow">iPhone客户端</a>	正式加入#夜跑族#跑前吃了新到的左旋肉碱，看看效果怎么样。@小涛 @flydutch @高宝贵 @莲子的帘子 @兔兔蕾 @杨小P @行走的声音 @禾和蓝子 @舞之猫 @sunfish @雨天娃娃Rain @小新朵朵 @唐小鳄@胡奕@闲人小皓			1213679240	00	0	1397724389801
2320240-	0		0	Tue May 10 12:54:09 +0800 2011			10403021557	10403021557				2111105102032303	0			3	<a href=" rel="nofollow">iPad客户端</a>	下1跟下5			1213679240	00	10355140589	1397724389802
2320241-	0		6	Fri Sep 07 22:38:21 +0800 2012			3487753532446453	3487753532446453				3487753532446453	0			0	<a href=" rel="nofollow">iPhone客户端</a>	妈呀，我的吃相一点镜头感都没有 //@谷月:@红伶 这里面好像有你 //@台客丹: Im back。让工作来的更猛烈些吧，im ready~			1213679240	00	3487282965530580	1397724389802
2320242-	0		5	Sat Oct 01 17:42:07 +0800 2011			3363742318704093	3363742318704093				3363742318704093	0		#	1	<a href=" rel="nofollow">iPhone客户端</a>	家有馋狗非常仰慕偶的刀功，也顺便等着天上掉肉肉[嘻嘻]			1213679240	00	0	1397724389802
2320243-	0		0	Sat Aug 27 14:30:33 +0800 2011			3351010533883519	3351010533883519				3351010533883519	0			0	<a href=" rel="nofollow">iPhone客户端</a>	可爱 //@realeyes:[可怜]			1213679240	00	3351007426630409	1397724389802
2320244-	0		1	Wed Aug 01 12:51:31 +0800 2012			3474197487165168	3474197487165168				3474197487165168	0			0	<a href=" rel="nofollow">iPhone客户端</a>	扒衣快乐！！ //@��小��:[挖鼻屎]  //@野火八一:[哈哈]			1213679240	00	3474148196226087	1397724389803
2320245-	0		3	Mon Nov 19 19:49:26 +0800 2012			3514165320666326	3514165320666326				3514165320666326	0			2	<a href=" rel="nofollow">iPhone客户端</a>	哦吼吼吼吼 //@苏打露:原来回锅肉真是她啊→_→			1213679240	00	3514046995668038	1397724389803
2320246-	0		1	Thu Aug 23 08:07:51 +0800 2012			3482098633284926	3482098633284926				3482098633284926	0			0	<a href=" rel="nofollow">iPhone客户端</a>	我们！我们还有什么理由不瘦！ //@方方猪的幸福生活:励志贴 //@主持人汪洋: @绝对二儿 @mynameislittleclean @秋儿Summer 转个励志贴给你们看，我只转发，不评论，哈哈哈  //@庄雅婷:好励志  //@五月的下午茶:她的腿到底怎么减下来的？？？？			1213679240	00	3481467667743094	1397724389803
2320247-	0		0	Tue Feb 14 16:24:38 +0800 2012			3413007570687811	3413007570687811				3413007570687811	0			0	<a href=" rel="nofollow">微博 weibo.com</a>	回复@棉袜子:嗯，消失到四面八方去鸟 //@棉袜子:因为你不是他们的唯一，这天会瞬间消失[哈哈]			1213679240	00	3413005385216614	1397724389804
2320248-	0		5	Tue Feb 14 16:11:55 +0800 2012			3413004378764351	3413004378764351				3413004378764351	0			0	<a href=" rel="nofollow">微博 weibo.com</a>	情人节去跑步会不会被人鄙视？			1213679240	00	0	1397724389804
2320249-	0		1	Tue Aug 07 23:12:32 +0800 2012			3476528094099207	3476528094099207				3476528094099207	0			2	<a href=" rel="nofollow">iPhone客户端</a>	骂也没用，荷兰让人利马闭嘴 //@小涛:裁判傻逼，国安是冠军！			1213679240	00	3476526861156986	1397724389804
2320250-	0		0	Mon Sep 10 08:19:44 +0800 2012			3488624605142939	3488624605142939				3488624605142939	0			1	<a href=" rel="nofollow">iPhone客户端</a>	Mark //@肖丹: //@COSMO-BRIDE佟昕:转发微博			1213679240	00	3488456338662941	1397724389805
2320251-	0		9	Sun Aug 19 01:12:30 +0800 2012			3480544555613326	3480544555613326				3480544555613326	0			3	<a href=" rel="nofollow">微博 weibo.com</a>	@大头斯基 推荐的新闻编辑室太好看了！这周末就靠它了。。。@吕岩哲			1213679240	00	0	1397724389805
2320252-	0		5	Mon Jan 02 22:47:21 +0800 2012			3397521204436201	3397521204436201				3397521204436201	0		#	4	<a href=" rel="nofollow">iPhone客户端</a>	虎子真是个小甜心！偶们看电视呢@胖潘 @急信信			1213679240	00	0	1397724389805
2320253-	0		3	Wed Oct 24 12:14:47 +0800 2012			3504628824241825	3504628824241825				3504628824241825	0			0	<a href=" rel="nofollow">专业版微博</a>	@米亚1900 @卡米CAMILLE 好想看!			1213679240	00	3493762561017034	1397724389805
2320254-	0		0	Thu May 26 13:14:31 +0800 2011			11227924616	11227924616				5610888887733598582	0			0	<a href=" rel="nofollow">微博 weibo.com</a>	哇，这个好想试，曾经在巴黎迪斯尼一口气坐了4种过山车			1213679240	00	11227673386	1397724389806
2320255-	0		0	Sat Nov 12 14:05:44 +0800 2011			3378908154329541	3378908154329541				3378908154329541	0		#	0	<a href=" rel="nofollow">iPhone客户端</a>	5号选手很有心地准备了大马蛋糕 @张书新   @黄庄老王   @黑云都   @陈雨星-精品购物指南  @红伶   @精品杨磊   @李潇Shawn   @桃格尼尼   @颦颦有礼   @佳境 @屠无穷   @美伢姐姐烤红薯   @小米表姐   @程�  @牙碜妞儿  @棉袜子 @精品购物指南   @马来西亚旅游局   @王�Tracy  @潇洒如飞			1213679240	00	0	1397724389806
2320256-	0		1	Sun Jul 24 11:41:36 +0800 2011			15168213740	15168213740				3338646828703853	0			2	<a href=" rel="nofollow">iPhone客户端</a>	真TM自由啊，想怎么干怎么干 //@剑气追风:MB的 // @扎西拉姆多多 :想干嘛！ //  @新周刊  :《铁路交通事故应急救援和调查处理条例》第四章“事故应急救援”第二十四条：“任何单位和个人不得破坏事故现场，不得伪造、隐匿或者毁灭相关证据。”			1213679240	00	15159577620	1397724389807
2320257-	0		16	Tue Sep 27 01:45:55 +0800 2011			3362052132295486	3362052132295486				3362052132295486	0		#	9	<a href=" rel="nofollow">豆瓣的分享</a>	这片绝了：故事好、氛围好、音乐好、床戏也好得不得了，有阴谋、有谋杀还有死去活来的爱情。有位姑娘说，看电影是为了逃避现实，我不赞同，我说看电影是为了与现实做个斗争。 电影《再看我一眼 Against All Odds》 (来自豆瓣)  			1213679240	00	0	1397724389807
2320258-	0		0	Sun Aug 21 21:03:09 +0800 2011			3348935008034115	3348935008034115				3348935008034115	0			0	<a href=" rel="nofollow">微博 weibo.com</a>	写得不错//@迷死一只知更鸟：[泪]原来你是这么想的，亲爱的，你这个臭流浪汉。。。 //@spacey：转发微博。			1213679240	00	3348926942391947	1397724389807
2320259-	0		4	Wed Jun 29 21:34:29 +0800 2011			13273608836	13273608836				5623634623923956641	0			1	<a href=" rel="nofollow">iPhone客户端</a>	女酒鬼之夜，哦也！			1213679240	00	13273333398	1397724389808
2320260-	0		0	Tue Jul 31 22:42:29 +0800 2012			3473983825322278	3473983825322278				3473983825322278	0			1	<a href=" rel="nofollow">iPad客户端</a>	mark			1213679240	00	3473897699996763	1397724389808
2320261-	0		0	Tue Nov 20 13:16:17 +0800 2012			3514428782156426	3514428782156426				3514428782156426	0			0	<a href=" rel="nofollow">微博 weibo.com</a>	@老燕子_YU			1213679240	00	3514428491884188	1397724389808
2320262-	0		1	Sat Dec 17 11:31:37 +0800 2011			3391552947086025	3391552947086025				3391552947086025	0			0	<a href=" rel="nofollow">微博 weibo.com</a>	凑过来看看没图//@姜欣Crystal_JX: 软瘾ing...			1213679240	00	3391552023918840	1397724389809
2320263-	0		7	Sat Jun 30 10:11:40 +0800 2012			3462560848348125	3462560848348125				3462560848348125	0		#	2	<a href=" rel="nofollow">iPhone客户端</a>	我的箱子回来啦，看见那大字么，Rush！还是rush过来的，说实话其实我已经不怎么需要它了@李黎黎LT @AIKI大�姐 @陈小怪 @大菜微博 @独臂老宋 @高小茗 @��小��			1213679240	00	0	1397724389809
2320264-	0		1	Sun Jul 24 13:40:26 +0800 2011			15177734706	15177734706				3338676734012755	0			0	<a href=" rel="nofollow">微博 weibo.com</a>	稀饭这门//@大蒙特利尔旅游局：这样的访客真给力			1213679240	00	15176356268	1397724389809
2320265-	0		6	Sun Mar 18 19:23:29 +0800 2012			3425011379814473	3425011379814473				3425011379814473	0		#	1	<a href=" rel="nofollow">iPhone客户端</a>	Risotto（藏红花蘑菇意大利烩饭）教程：1、意大利米 2、炒米呀炒米 3、放蘑菇呀放蘑菇 4、放藏红花粉，很贵的，别在一旁打喷嚏  5、煮米呀煮米 6、磨起司呀磨起司 7、继续磨，要磨得像下雨一样 8、开吃！废话少说，第一次做，做成啥样你都得说好吃！			1213679240	00	0	1397724389810
2320266-	0		0	Tue Mar 20 08:20:36 +0800 2012			3425569335638040	3425569335638040				3425569335638040	0			1	<a href=" rel="nofollow">iPhone客户端</a>	狠好 //@陶婶儿:@马良 看的时候总想发给你~ //@白田whitesweet: 牛逼			1213679240	00	3401558437655022	1397724389810
2320267-	0		1	Tue Oct 11 15:09:45 +0800 2011			3367327853158070	3367327853158070				3367327853158070	0			0	<a href=" rel="nofollow">微博 weibo.com</a>	@牙碜妞儿  转给你看//@宣谣：太牛了			1213679240	00	3367316817677332	1397724389810
2320268-	0		1	Mon Mar 12 21:19:55 +0800 2012			3422866354074721	3422866354074721				3422866354074721	0			0	<a href=" rel="nofollow">微博 weibo.com</a>	美的，而且很贴切//@spiceuncle: //@lv大哥:�美!//@谢鸣晓:[哈哈]//@云的南方是雨: //@邵晓黎: //@王潇2012: @甜妞niuniu @洪小闷墩儿 //@七里香的微笑: @李元胜 @书拉东莉 过着自然的生活，是当下是多麽奢侈的事情[微风]			1213679240	00	3419539607937148	1397724389810
2320269-	0		1	Mon May 23 08:28:43 +0800 2011			11058100768	11058100768				5609701982105418527	0			1	<a href=" rel="nofollow">微博 weibo.com</a>	关注中			1213679240	00	11057880046	1397724389811
2320270-	0		0	Sun Jan 08 12:41:07 +0800 2012			3399542968399640	3399542968399640				3399542968399640	0			0	<a href=" rel="nofollow">iPhone客户端</a>	挖，美的，等你回来			1213679240	00	3399315291019553	1397724389811
2320271-	0		0	Fri Apr 15 18:11:52 +0800 2011			9177556334	9177556334				201110415331029883	0			1	<a href=" rel="nofollow">iPhone客户端</a>	这一只！太会卖萌了...			1213679240	00	9174228075	1397724389811
2320272-	0		0	Tue May 10 12:51:26 +0800 2011			10402843313	10402843313				2111105102019689	0			2	<a href=" rel="nofollow">iPad客户端</a>	我爱迷宫，低矮一点最好了			1213679240	00	10400794913	1397724389811
2320273-	0		0	Tue Jun 14 10:38:56 +0800 2011			12290757836	12290757836				5617899412531453100	0			0	<a href=" rel="nofollow">iPhone客户端</a>	Mark //@上海译文:你看书就知道了，假警察，呵呵			1213679240	00	12287302634	1397724389812
2320274-	0		7	Thu Sep 01 12:45:07 +0800 2011			3352795940536250	3352795940536250				3352795940536250	0			2	<a href=" rel="nofollow">iPhone客户端</a>	绝对的！高跟鞋到老！ //@HeyTanya:老了也还要穿高跟鞋 // @谷_多 :还要一样时尚、不落伍！ // @谷月 ： @谷_多   @HeyTanya   @自由的胖头鱼			1213679240	00	3352457277526072	1397724389812
2320275-	0		0	Mon Sep 17 13:44:19 +0800 2012			3491243013594756	3491243013594756				3491243013594756	0			0	<a href=" rel="nofollow">微博 weibo.com</a>	大叔好欢乐，肚子笑疼了都//@李波波哥: //@亨神: 韩国再有live 一定要去！			1213679240	00	3491141250984057	1397724389812
2320276-	0		1	Fri Nov 30 23:53:08 +0800 2012			3518212937206420	3518212937206420				3518212937206420	0		#	2	<a href=" rel="nofollow">iPad客户端</a>	好片要掰成两瓣看，满足了两个晚上，sodesleeeee。。。			1213679240	00	0	1397724389813
2320277-	0		1	Sat Nov 05 10:22:31 +0800 2011			3376315267024703	3376315267024703				3376315267024703	0			0	<a href=" rel="nofollow">iPad客户端</a>	我还是不试了			1213679240	00	3376305404235509	1397724389813
2320278-	0		3	Wed May 18 23:39:22 +0800 2011			10829516277	10829516277				5608081228958268971	0			0	<a href=" rel="nofollow">iPhone客户端</a>	@何小晨 talkbox太好玩了！亲爱的们，快来一起玩耍吧@米小� @小丸子她姐 @谷月 @秋静vivian 下了app加我吧：charlottehong			1213679240	00	0	1397724389813
2320279-	0		2	Fri Dec 07 09:08:39 +0800 2012			3520527047731076	3520527047731076				3520527047731076	0			1	<a href=" rel="nofollow">iPhone客户端</a>	 @ATV二娃 看我们像那么回事么			1213679240	00	3520205672107104	1397724389814
2320280-	0		6	Tue Nov 08 17:14:15 +0800 2011			3377506046444981	3377506046444981				3377506046444981	0		#	3	<a href=" rel="nofollow">微博 weibo.com</a>	今天遇到骗子了，贴出来给大家提个醒儿。我一说我要打电话，骗子立刻跑掉了。			1213679240	00	0	1397724389814
2320281-	0		0	Sun May 29 19:42:40 +0800 2011			11381954590	11381954590				5612102168756807271	0			1	<a href=" rel="nofollow">微博 weibo.com</a>	推荐这部，内地译名叫《另一个女人》			1213679240	00	11338611466	1397724389814
2320282-	0		1	Fri Mar 02 18:29:05 +0800 2012			3419199483016180	3419199483016180				3419199483016180	0			2	<a href=" rel="nofollow">微博 weibo.com</a>	住在巴黎的时候，我有一个来自纽约城中的Cam Body，他对我说的第一句话是：年轻、漂亮、并且身在巴黎，这大概是世界上最美好的事了吧！但是我却向往着纽约，我最喜欢的标题是：纽约 纽约，并且无休止地运用着它。			1213679240	00	0	1397724389815
2320283-	0		3	Thu Apr 05 16:01:41 +0800 2012			3431483576730447	3431483576730447				3431483576730447	0			0	<a href=" rel="nofollow">微博 weibo.com</a>	No.4 No.6!//@Vintage1968古董包店: 准确率99%! @马啦啦 no.33			1213679240	00	3431475649197634	1397724389815
2320284-	0		3	Mon Dec 05 21:50:16 +0800 2011			3387359978943087	3387359978943087				3387359978943087	0			0	<a href=" rel="nofollow">iPhone客户端</a>	观摩学习之 //@realeyes: @膜拜熊  很点亮心灵的选题			1213679240	00	3387270742907991	1397724389815
2320285-	0		0	Wed Nov 16 16:32:52 +0800 2011			3380394734442755	3380394734442755				3380394734442755	0			0	<a href=" rel="nofollow">iPad客户端</a>	太会玩儿了			1213679240	00	3377446374510555	1397724389815
2320286-	0		0	Mon Jul 25 22:44:24 +0800 2011			15311276370	15311276370				3339176015641595	0			2	<a href=" rel="nofollow">iPhone客户端</a>	这事还没完！ //@Riso迷路的猫:也许这轻轻泛起几点浪花的口水已经改变了许多。。。			1213679240	00	15291158804	1397724389816
2320287-	0		1	Tue Dec 25 00:20:19 +0800 2012			3526917082745182	3526917082745182				3526917082745182	0			0	<a href=" rel="nofollow">微博 weibo.com</a>	剩蛋快乐，各位，突然很想吃碗酸辣的面。。。			1213679240	00	0	1397724389816
2320288-	0		1	Mon Aug 01 11:46:55 +0800 2011			15793792789	15793792789				3341547270341021	0			1	<a href=" rel="nofollow">微博 weibo.com</a>	我靠，海报地说			1213679240	00	15777498390	1397724389816
2320289-	0		10	Wed Jul 11 20:31:07 +0800 2012			3466703008516369	3466703008516369				3466703008516369	0			0	<a href=" rel="nofollow">iPhone客户端</a>	我想看电影！我想吃垃圾零食！我想边看电影边吃垃圾零食！！			1213679240	00	0	1397724389816
2320290-	0		1	Thu Dec 01 12:34:16 +0800 2011			3385770507327840	3385770507327840				3385770507327840	0			0	<a href=" rel="nofollow">微博 weibo.com</a>	被MACARON诱惑到了！！			1213679240	00	3385770197310025	1397724389817
2320291-	0		6	Wed Nov 09 11:23:53 +0800 2011			3377780259572566	3377780259572566				3377780259572566	0		#	0	<a href=" rel="nofollow">iPhone客户端</a>	在@老燕子_YU 的强烈推荐下抽出 两个钟头看了明孝陵的石像路，美呀，有摄影师在雨中抓景，在要求下打着伞当了个点缀。总觉得国内景点收费太高，这里门票70元。@Traveler-			1213679240	00	0	1397724389817
2320292-	0		0	Fri May 06 10:06:35 +0800 2011			10167843576	10167843576				5603418754195776723	0			1	<a href=" rel="nofollow">iPhone客户端</a>	蜥蜴将来回忆到这段日子该是有多么不堪			1213679240	00	10167459292	1397724389817
2320293-	0		3	Mon Jun 18 01:14:57 +0800 2012			3458077124673744	3458077124673744				3458077124673744	0		#	1	<a href=" rel="nofollow">微博 weibo.com</a>	抓拍火车司机工作照，起名儿：“小镇硬汉"，下次回家的时候一定把相机带回家，给老爸整一张，不像《不可饶恕》里的克林特・伊斯特伍德，也必须得像《卡萨布兰卡》的亨弗莱・鲍嘉，嘿嘿，就这么定了！			1213679240	00	0	1397724389818
2320294-	0		11	Sun Mar 13 03:25:37 +0800 2011			7434915259	7434915259				20111031376659883	0			1	<a href=" rel="nofollow">iPhone客户端</a>	有老同学来北京出差，要带点冰糖葫芦回家给刚食零食的小儿，发愁飞机带不上去，于是坏阿姨支招，把冰糖葫芦挨个拆下来，放乐扣里带回去吧...同学欣然赞同，但是，坏阿姨有点担忧，对同学说：从此你儿子以为冰糖葫芦是没有竹签的，岂不是我的罪过！老同学暴扁坏阿姨一顿...			1213679240	00	0	1397724389818
2320295-	0		0	Wed Jan 30 23:39:18 +0800 2013			3540315094742624	3540315094742624				3540315094742624	0			0	<a href=" rel="nofollow">iPad客户端</a>	龙年最后一票战斗，也谢谢@齐溪 从怀柔片场赶来赶去//@我是卡米拉:谢谢大家?提了一天的心，终于顺下去了。[爱你][酷]			1213679240	00	3540312352016890	1397724389818
2320296-	0		0	Thu Jul 07 23:00:43 +0800 2011			13880748448	13880748448				5626625527643703976	0			1	<a href=" rel="nofollow">微博 weibo.com</a>	笑shi了			1213679240	00	13870981614	1397724389819
2320297-	0		1	Mon Jul 25 22:22:20 +0800 2011			15309068962	15309068962				3339170463034958	0			3	<a href=" rel="nofollow">iPhone客户端</a>	请大家聚到他身边来吧 //@剑气追风:请在他身边的朋友多多关心他			1213679240	00	15308216854	1397724389819
2320298-	0		2	Sun Feb 19 21:26:13 +0800 2012			3414895418836863	3414895418836863				3414895418836863	0			1	<a href=" rel="nofollow">微博 weibo.com</a>	好期待呀！//@伊甸园论坛: Chandler又出山了			1213679240	00	3414361731070967	1397724389819
2320299-	0		0	Thu Dec 08 09:38:38 +0800 2011			3388263022513271	3388263022513271				3388263022513271	0			0	<a href=" rel="nofollow">iPad客户端</a>	嗲的！ //@老燕子_YU: @Angela卞卞 @广之旅 @胜利_微博 @红伶 @Hellen申慧 @ReneeZhang			1213679240	00	3388240923344947	1397724389820
2320300-	0		0	Sun Jul 24 23:40:54 +0800 2011			15225254152	15225254152				3338827846653816	0			2	<a href=" rel="nofollow">微博 weibo.com</a>	希望我们的人民再愤怒一点//@小涛：钱云会的事情没下文后，抚州爆炸的事情又没下文，红十字的事情还是没下文，火车撞击事故迟早也会淡漠出大家的视野。更别说动物园地铁电梯事故也没有问责下文.....这...			1213679240	00	15223303900	1397724389820
2320301-	2		3	Fri Apr 12 11:10:14 +0800 2013			3566218520827890	3566218520827890				3566218520827890	0			2	<a href=" rel="nofollow">iPhone客户端</a>	千呼万唤始出来！@deedeepoon @�琦 @精修礼仪专家Sara			1213679240	00	3566207338346931	1397724389820
2320302-	0		2	Mon Jul 25 09:39:38 +0800 2011			15243692620	15243692620				3338978523474532	0			2	<a href=" rel="nofollow">iPhone客户端</a>	//@陈倩冰:// @中国茶悟空毅 ：升个毛！！！// @胡宇 ：// @北京晨报邴美俏 :央视的工作者言语竟然如此犀利，赞一个[good]			1213679240	00	15230738510	1397724389821
2320303-	0		0	Tue Jul 05 20:25:05 +0800 2011			13706616192	13706616192				5625843250889566316	0		#	1	<a href=" rel="nofollow">iPhone客户端</a>	@西班牙国家旅游局 我拖着老狗一般的身躯来到三里屯Olas tapas, 倦意全消，很美味的西班牙小吃，沙拉里可以随意加料，男女皆益呀！			1213679240	00	0	1397724389821
2320304-	0		0	Sat Nov 03 10:55:51 +0800 2012			3508232838413453	3508232838413453				3508232838413453	0			1	<a href=" rel="nofollow">iPhone客户端</a>	帮转！行侠们看过来！ //@马明_行天下:帮我转转各位大侠和美女！@阿栋视界 @艾理客ALEX @��凡 @BG2RHY @bluedd @陈岩ChenYan @达西 @王东驰 @Ren_Lily @夏游寻寻 @飞行的维克 @北方的大篷车 @红伶 @郭兴欣 @果冻吉祥 @汪靓芬-Shine 			1213679240	00	3508191138238658	1397724389821
2320305-	0		0	Thu Jul 21 10:27:13 +0800 2011			14923593379	14923593379				3337540945881220	0			2	<a href=" rel="nofollow">iPhone客户端</a>	我要是男人会解囊哒 //@Mazz:挺好的~ 多美亚。 //@songzhen76： //@冷秋：要是加一条：“无以为报，奴家愿以身相许”估计宅们要抢疯了吧？ //@李英明律师：钱财是个诱惑力极强的东西，连古时的“奴家”也穿越来当今之世了。			1213679240	00	14918828179	1397724389821
2320306-	0		3	Sun Aug 19 01:31:09 +0800 2012			3480549249213514	3480549249213514				3480549249213514	0			3	<a href=" rel="nofollow">iPhone客户端</a>	我相反捏。。 //@何小晨:我更喜欢她是女人时候的模样。 //@MioMinMio: 好man啊[花心]  //@Jezika:超[帅][帅][帅]  //@annie4508:也很帅[嘻嘻]			1213679240	00	3479733671065641	1397724389822
2320307-	0		11	Fri Oct 05 18:42:15 +0800 2012			3497840963998494	3497840963998494				3497840963998494	0		#	4	<a href=" rel="nofollow">iPhone客户端</a>	灰常代表这几天的心情，以及这个月、下个月的心情。。。			1213679240	00	0	1397724389822
2320308-	0		0	Tue Oct 18 17:29:31 +0800 2011			3369899743016338	3369899743016338				3369899743016338	0		#	0	<a href=" rel="nofollow">poco相机</a>	绣球花真的很适合装饰圣诞餐桌，没有扰乱菜品的香气，又足够热闹。			1213679240	00	0	1397724389822
2320309-	0		0	Thu Sep 01 14:47:45 +0800 2011			3352826801782672	3352826801782672				3352826801782672	0			0	<a href=" rel="nofollow">iPhone客户端</a>	用过的人站出来证明！！ //@陈雨星-精品购物指南:补充一句 来自法国的精油 纯天然 绝对乐活的产品哦// @棉袜子 ：哄抢中~// @陈雨星-精品购物指南 ：只需一两滴加进面霜或基底油中 提升/收紧/美白，爱美的你快来抢啊// @精品乐活志 ：小小静油，功效大，加油抢啊~~~[耶]			1213679240	00	3351729928446029	1397724389823
2320310-	0		0	Fri Apr 06 15:02:10 +0800 2012			3431830994880344	3431830994880344				3431830994880344	0			1	<a href=" rel="nofollow">微博 weibo.com</a>	我去，死神来了号，哈哈哈//@Mazz: [给力] //@GundogJohnny:哈哈哈～！			1213679240	00	3431794513003381	1397724389823
2320311-	0		1	Mon Jan 02 18:00:53 +0800 2012			3397449114717808	3397449114717808				3397449114717808	0			0	<a href=" rel="nofollow">微博 weibo.com</a>	哈哈，有阳光的午饭，如果没有阴天该有多好!			1213679240	00	3397446778359780	1397724389823
2320312-	0		0	Wed Jun 15 17:06:34 +0800 2011			12379285076	12379285076				5618370390056646824	0			0	<a href=" rel="nofollow">iPhone客户端</a>	这个....望尘莫及 //@千津Marina:这个・・・・很神 @崔Chui   @孙甲甲   @Miss_Bon  // @何小晨 ：这是真功夫啊！ @红伶  // @巨大的饶子 ：我就耳~~~~~~~~~~~			1213679240	00	12359344970	1397724389823
2320313-	0		0	Thu Jul 28 16:01:22 +0800 2011			15516468994	15516468994				3340161752660607	0			0	<a href=" rel="nofollow">iPhone客户端</a>	哈哈			1213679240	00	15516322276	1397724389824
2320314-	0		0	Sat Jan 28 08:25:35 +0800 2012			3406726424599822	3406726424599822				3406726424599822	0		#	1	<a href=" rel="nofollow">iPhone客户端</a>	巴黎表面上看起来多么光鲜,其实底子里却寂寞地很,白天的铁塔下,卢浮金字塔前你总能看见成双成对的男女,然而夜晚的各类公共场所里,是形单影只、眼神落寞的人,年轻人为了便利凑活在一起,错过早婚早育那班车的人四处寻觅,总是发现两人过比一人过复杂得多,所以法国四十几的光棍特别多,连他们自己都死心了。			1213679240	00	0	1397724389824
2320315-	0		6	Mon Sep 12 23:01:31 +0800 2011			3356937329474336	3356937329474336				3356937329474336	0			1	<a href=" rel="nofollow">新浪新闻中心</a>	乱性成风 南极研究站被爆极度淫乱    （分享自 @头条新闻）这个剧集蛮想看一下。。。话说我还曾经幻想去南极研究站种个蔬菜什么的。。。			1213679240	00	0	1397724389824
2320316-	0		3	Fri Aug 19 11:42:27 +0800 2011			3348069127096387	3348069127096387				3348069127096387	0			4	<a href=" rel="nofollow">微博 weibo.com</a>	终于离我近了一次！			1213679240	00	3348020234517432	1397724389827
2320317-	0		0	Fri Apr 13 11:43:49 +0800 2012			3434317793661909	3434317793661909				3434317793661909	0			1	<a href=" rel="nofollow">专业版微博</a>	继酒店试睡员后最惬意工作！扩散扩散！			1213679240	00	3433630816875298	1397724389828
2320318-	0		7	Tue Jul 31 17:52:25 +0800 2012			3473910823352629	3473910823352629				3473910823352629	0			0	<a href=" rel="nofollow">微博 weibo.com</a>	写稿要蛮横地写。催稿要谦卑地催。。。。			1213679240	00	0	1397724389828
2320319-	0		2	Sat May 07 02:57:04 +0800 2011			10215756468	10215756468				5603679153599004518	0			2	<a href=" rel="nofollow">iPhone客户端</a>	在看这个，欲罢不能~~＜			1213679240	00	10148300718	1397724389829
2320320-	0		0	Mon Oct 10 15:29:31 +0800 2011			3366970440191280	3366970440191280				3366970440191280	0			0	<a href=" rel="nofollow">微博 weibo.com</a>	大家快来报名吧！//@屠无穷：[鼓掌] //@李潇Shawn：//@精品乐活志:@陈雨星-精品购物指南 @黄庄老王 @张书新 @精品杨磊 @红伶 @小米表姐 @颦颦有礼 @棉袜子 @佳境 @屠无穷 @李潇Shawn @李信玲			1213679240	00	3366952823887933	1397724389829
2320321-	0		3	Mon Sep 19 22:52:31 +0800 2011			3359471781012092	3359471781012092				3359471781012092	0			0	<a href=" rel="nofollow">iPad客户端</a>	挖，这身灰调绿太赞了！			1213679240	00	3359470038308769	1397724389830
2320322-	0		3	Thu Jun 09 23:46:56 +0800 2011			12050799155	12050799155				5616247052706484183	0			0	<a href=" rel="nofollow">微博 weibo.com</a>	秒到！//@戴小蛮：//@lucky娜娜的泡芙：转发微博。			1213679240	00	12013221684	1397724389830
2320323-	0		12	Tue Aug 28 10:35:32 +0800 2012			3483947738781642	3483947738781642				3483947738781642	0		#	1	<a href=" rel="nofollow">iPhone客户端</a>	分享图片			1213679240	00	0	1397724389830
2320324-	0		1	Tue May 31 18:22:42 +0800 2011			11489749810	11489749810				5612823731841665843	0			2	<a href=" rel="nofollow">iPhone客户端</a>	这是用屁股想出来的政策么//@小丸子她姐:出此下策，难道是参与摇号的人不够积极吗？			1213679240	00	11485681902	1397724389831
2320325-	0		8	Wed Oct 03 17:10:08 +0800 2012			3497093014905986	3497093014905986				3497093014905986	0		#	0	<a href=" rel="nofollow">iPhone客户端</a>	 @iloulive @NANA小短发 你们看这是哪@何小晨			1213679240	00	0	1397724389831
2320326-	0		2	Tue Jul 19 11:33:49 +0800 2011			14767406022	14767406022				3336832930756601	0			0	<a href=" rel="nofollow">微博 weibo.com</a>	超级面瓜和被动的巨蟹男，我们的黑名单@妙喳喳  @邵爷小七 //@小丸子她姐：@hailiyou @北京了啦 @凌凌怡 准吗准吗？[抓狂]			1213679240	00	14719056579	1397724389831
2320327-	0		7	Tue Dec 25 15:05:21 +0800 2012			3527139805019099	3527139805019099				3527139805019099	0			1	<a href=" rel="nofollow">微博 weibo.com</a>	嗯，大表哥是学院派滴 //@暗地妖娆嚼舌:自打知道大表哥爱读书之后，我就爱上他啦！[威武]			1213679240	00	3527138898828832	1397724389831
2320328-	0		3	Mon Dec 12 21:02:28 +0800 2011			3389884666196111	3389884666196111				3389884666196111	0			0	<a href=" rel="nofollow">微博 weibo.com</a>	我有一任房东常买，最土的吃法，拿高压锅闷一锅，沾醋吃			1213679240	00	3389878332874564	1397724389832
2320329-	0		0	Sat Dec 17 22:41:18 +0800 2011			3391721478492282	3391721478492282				3391721478492282	0			0	<a href=" rel="nofollow">iPad客户端</a>	有个小女孩写字条说：美智叔叔，我喜欢你的画，悲伤时我好想喊你的名字：-）			1213679240	00	3391717686491063	1397724389832
2320330-	0		5	Mon Dec 12 21:22:47 +0800 2011			3389889777911265	3389889777911265				3389889777911265	0		#	0	<a href=" rel="nofollow">iPhone客户端</a>	好玩的圣诞专题操作中，我想拍一堆跟圣诞有关的工人阶级们，他们的回答好有爱，比如这位有13年驾龄的的哥师傅说:想要人民币，因为越来越不够花，好不容易才得到的宝贝女儿上幼儿园学费也好贵哒!			1213679240	00	0	1397724389832
2320331-	0		9	Sun Aug 19 01:12:30 +0800 2012			3480544555613326	3480544555613326				3480544555613326	0			3	<a href=" rel="nofollow">微博 weibo.com</a>	@大头斯基 推荐的新闻编辑室太好看了！这周末就靠它了。。。@吕岩哲			1213679240	00	0	1397724389833
2320332-	0		0	Fri Nov 23 11:37:23 +0800 2012			3515491047990111	3515491047990111				3515491047990111	0			1	<a href=" rel="nofollow">微博 weibo.com</a>	大家看过来呀！！			1213679240	00	3514523438357557	1397724389833
2320333-	0		0	Wed Jun 05 19:55:38 +0800 2013			3585919683069327	3585919683069327				3585919683069327	0			1	<a href=" rel="nofollow">iPhone客户端</a>	Cool //@LesleyFang:视频真精彩！			1213679240	00	3585600022106967	1397724389833
2320334-	0		0	Mon Sep 10 08:19:44 +0800 2012			3488624605142939	3488624605142939				3488624605142939	0			1	<a href=" rel="nofollow">iPhone客户端</a>	Mark //@肖丹: //@COSMO-BRIDE佟昕:转发微博			1213679240	00	3488456338662941	1397724389834
2320335-	0		0	Sat Jan 28 05:25:41 +0800 2012			3406681147208974	3406681147208974				3406681147208974	0		#	1	<a href=" rel="nofollow">iPhone客户端</a>	看来看去还是歌剧院的顶最好看，总算看完了[飞机][飞机][飞机]			1213679240	00	0	1397724389834
2320336-	0		0	Sun Sep 04 21:41:43 +0800 2011			3354018143275430	3354018143275430				3354018143275430	0			1	<a href=" rel="nofollow">iPhone客户端</a>	@米小� 昨天不知不觉就看完了，感觉没那么长//@迷死一只知更鸟:MARK..// @电影工厂 ：超震撼的大自然杰作！			1213679240	00	3353837605988207	1397724389834
2320337-	0		0	Mon Jul 04 13:27:42 +0800 2011			13601053116	13601053116				5625364606844866951	0			0	<a href=" rel="nofollow">微博 weibo.com</a>	哈哈			1213679240	00	13599322086	1397724389835
2320338-	0		0	Sun Sep 11 15:38:23 +0800 2011			3356463425009707	3356463425009707				3356463425009707	0			0	<a href=" rel="nofollow">iPad客户端</a>	恭喜恭喜，这是在威尼斯呢吧			1213679240	00	3356462261724503	1397724389835
2320339-	0		0	Tue Nov 20 13:16:17 +0800 2012			3514428782156426	3514428782156426				3514428782156426	0			0	<a href=" rel="nofollow">微博 weibo.com</a>	@老燕子_YU			1213679240	00	3514428491884188	1397724389835
2320340-	0		3	Sat May 19 22:42:10 +0800 2012			3447529427864903	3447529427864903				3447529427864903	0		#	1	<a href=" rel="nofollow">iPhone客户端</a>	非诚勿扰法国专场，本来只是来打酱油的，没想到还被感动了一小下。。。			1213679240	00	0	1397724389835
2320341-	0		0	Fri Jul 08 18:22:38 +0800 2011			13942951912	13942951912				5626924951118293551	0			1	<a href=" rel="nofollow">iPhone客户端</a>	举双手 //@德尔芬娜:狗子为支持老蔡和他太太，还有他们的儿子喜禾，买了一百本《爸爸爱喜禾》，分了五十本让我帮忙发放，想感动一把的朋友举手留言，下周来我座位上取或者我给你递过去。狗子评价：真的很感人，文笔真好！			1213679240	00	13933885938	1397724389836
2320342-	0		2	Tue Nov 29 20:20:46 +0800 2011			3385163128743246	3385163128743246				3385163128743246	0		#	1	<a href=" rel="nofollow">iPhone客户端</a>	说到底，还是甜品能温暖一下偶们弱小的心灵。甜了一下琢磨出来：选择了什么样的男人就选择了什么样的人生，你所选择的男人就是你想要的人生[嘻嘻]@何小晨 @眉不扬			1213679240	00	0	1397724389836
2320343-	2		6	Mon Jun 24 23:59:30 +0800 2013			3592866439459716	3592866439459716				3592866439459716	0		#	4	<a href=" rel="nofollow">iPhone客户端</a>	#Vogue对话Victoria# Angelica：＂你还唱歌吗？＂贝嫂：＂我冲澡时还唱。＂[嘻嘻][嘻嘻][嘻嘻]			1213679240	00	0	1397724389836
2320344-	0		18	Tue Oct 23 12:59:23 +0800 2012			3504277660321281	3504277660321281				3504277660321281	0		#	12	<a href=" rel="nofollow">微博 weibo.com</a>	#北京领养# 在@潘闻涛Technicolor 的提醒下，才想起来应该放个狗妈妈的照片才对，不然人家怎么知道小狗狗将来是个啥样子，流浪狗妈妈其实长得很可爱啦，除了天然萌以外还是个吃货，这张是刚吃完没擦嘴的样子。六个宝宝，都很肥实，有三个有妈妈的吃货基因。@小米表姐 @北京小瘦兔 @吉信信 @艾理客ALEX			1213679240	00	0	1397724389837
2320345-	0		1	Wed Jan 04 10:25:29 +0800 2012			3398059280749366	3398059280749366				3398059280749366	0			2	<a href=" rel="nofollow">iPad客户端</a>	走起来			1213679240	00	3397881510182300	1397724389837
2320346-	0		0	Sun May 01 13:05:11 +0800 2011			9923269523	9923269523				2111105011620309	0			1	<a href=" rel="nofollow">iPad客户端</a>	买本看看 //@上海译文: 荷兰人与英国人很相像。他们都马虎得一塌糊涂。在德国和瑞士住宅区的街道上，汽车停得整整齐齐，彷佛某人用码尺和水平仪刻意摆放出来；而在阿姆斯特丹，人们总是随随便便把他们的汽车往运河边上一停，这些汽车摇摇晃晃，像是随时都会坠下运河一样--摘自布莱森《东西莫辨			1213679240	00	9901071107	1397724389837
2320347-	0		2	Tue Jul 05 20:46:23 +0800 2011			13708170606	13708170606				5625848739858078710	0			0	<a href=" rel="nofollow">iPhone客户端</a>	@李李�RINO @赵静静赵 就在cold stone旁边			1213679240	00	13706616192	1397724389838
2320348-	0		0	Thu Jul 21 14:44:45 +0800 2011			14944314467	14944314467				3337605756552234	0			1	<a href=" rel="nofollow">iPhone客户端</a>	这块沙滩都这么有模样了呢			1213679240	00	14941475929	1397724389838
2320349-	0		2	Tue Jan 03 14:05:11 +0800 2012			3397752186998464	3397752186998464				3397752186998464	0		#	0	<a href=" rel="nofollow">豆瓣电影</a>	看过《亡命驾驶》 ★★★★ 			1213679240	00	0	1397724389838
2320350-	0		0	Mon Jul 25 09:34:07 +0800 2011			15243254822	15243254822				3338977134462348	0			1	<a href=" rel="nofollow">iPhone客户端</a>	//@flydutch:业内人士专业回答			1213679240	00	15234063504	1397724389839
2320351-	0		1	Wed Jan 25 14:44:03 +0800 2012			3405734505175789	3405734505175789				3405734505175789	0		#	0	<a href=" rel="nofollow">iPhone客户端</a>	看了《龙纹身女孩》之后收入这么个戒指[心]			1213679240	00	0	1397724389839
2320352-	0		8	Fri Jun 29 09:53:25 +0800 2012			3462193868114987	3462193868114987				3462193868114987	0		#	0	<a href=" rel="nofollow">iPhone客户端</a>	悲催了，行李还没到，没衣服穿呀；相机充不了电呀；没牙刷呀；洗脸等干呀。。肿么办。。。@李黎黎LT @陈小怪 @独臂老宋			1213679240	00	0	1397724389839
2320353-	0		1	Mon Jul 02 12:31:38 +0800 2012			3463320852000894	3463320852000894				3463320852000894	0			1	<a href=" rel="nofollow">微博 weibo.com</a>	转之，五环之歌大家都没睡哈//@高小茗: 今天因为拍摄游行，大家都累趴下了 ，连今晚郭德纲的段子都无法阻止集体瞌睡。明天回程了，一路有真诚专业的你们相伴，很幸运。晚安。 @陈小怪@独臂老宋 @大菜微博 @李黎黎LT @��小�� @AIKI大�姐 @一面湖水在南方 @红伶			1213679240	00	3463216027994921	1397724389839
2320354-	0		1	Mon Jan 23 07:13:37 +0800 2012			3404896374336448	3404896374336448				3404896374336448	0			0	<a href=" rel="nofollow">iPhone客户端</a>	我正就着豆腐干喝香槟，庆祝龙头第一天，给大家拜年啦！			1213679240	00	0	1397724389840
2320355-	0		10	Sat Sep 08 19:36:08 +0800 2012			3488070047262241	3488070047262241				3488070047262241	0			0	<a href=" rel="nofollow">iPhone客户端</a>	在书虫翻杂志，旁边一群妇女对着另一个妇女轮番教诲，我翻了五本杂志终于搞明白，这位姐姐被某男当了备胎，纠缠多年也无果，跑来求助姐妹们，其中一位说：你就该对他说，你再不给我一个结果咱们就永不联络了。。。。说实话我觉得这建议有点不靠谱。。。。我实话我也觉得自己有点八卦。。。。			1213679240	00	0	1397724389840
2320356-	0		0	Sat Oct 08 17:47:03 +0800 2011			3366280231317100	3366280231317100				3366280231317100	0			0	<a href=" rel="nofollow">iPad客户端</a>	@李潇Shawn @苏丹NO1 @走进新西兰 @�珲 			1213679240	00	3365936887781939	1397724389840
2320357-	0		2	Sun Jan 01 18:19:40 +0800 2012			3397091452072853	3397091452072853				3397091452072853	0		#	0	<a href=" rel="nofollow">iPhone客户端</a>	2012，奔向9公里。。。			1213679240	00	0	1397724389841
2320358-	0		0	Thu Nov 17 14:40:51 +0800 2011			3380728932967573	3380728932967573				3380728932967573	0			0	<a href=" rel="nofollow">微博 weibo.com</a>	小心，后座有杀手//@眉不扬: 转发微博。			1213679240	00	3380725258773523	1397724389841
2320359-	0		0	Thu May 23 12:24:26 +0800 2013			3581095092078433	3581095092078433				3581095092078433	0		#	0	<a href=" rel="nofollow">iPad客户端</a>	我刚更新了微博HD V3.3.0！信息流全面改造，带来新鲜的阅读体验；全面支持赞，轻松表达态度！快来下载体验吧！			1213679240	00	0	1397724389841
2320360-	0		16	Wed Apr 04 22:03:54 +0800 2012			3431212343620445	3431212343620445				3431212343620445	0		#	0	<a href=" rel="nofollow">iPhone客户端</a>	就着气泡酒慢悠悠做个紫苏酱，就算假期结束前夜的放纵了？			1213679240	00	0	1397724389842
2320361-	0		1	Tue Nov 20 22:04:18 +0800 2012			3514561653087666	3514561653087666				3514561653087666	0			1	<a href=" rel="nofollow">微博 weibo.com</a>	我想去，小时候一直坚信自己可以荒岛生存 //@稻糠:这个确实有卖点。有条件的可以复制。 //@Hilary_Li: 第一想法就是在我们第四湾搞一个！@徐金海ocean @半岛绅士 //@申易子: 这个有意思			1213679240	00	3514459978649362	1397724389842
2320362-	0		4	Wed Oct 03 13:20:07 +0800 2012			3497035121007861	3497035121007861				3497035121007861	0		#	0	<a href=" rel="nofollow">iPhone客户端</a>	分享图片			1213679240	00	0	1397724389842
2320363-	0		1	Wed Mar 07 22:18:35 +0800 2012			3421069174617803	3421069174617803				3421069174617803	0		#	1	<a href=" rel="nofollow">iPhone客户端</a>	夜深了，可以发好吃的了[馋嘴]			1213679240	00	0	1397724389842
2320364-	0		0	Wed Apr 13 13:48:15 +0800 2011			9073728030	9073728030				201110413278847770	0			0	<a href=" rel="nofollow">iPhone客户端</a>	求地！ //@潇洒如飞:请密切关注精品乐活志，嘿嘿[亲亲] // @谷月 :哪里可以租地自己种菜啊？现在污染这么严重，都不敢随便吃。求解答！ //  @潇洒如飞  :无			1213679240	00	9071194922	1397724389843
2320365-	0		5	Sun Jul 01 07:28:45 +0800 2012			3462882241528745	3462882241528745				3462882241528745	0		#	0	<a href=" rel="nofollow">iPhone客户端</a>	美的一愣一愣的。。。			1213679240	00	0	1397724389843
2320366-	0		5	Fri Sep 23 10:03:48 +0800 2011			3360727876663786	3360727876663786				3360727876663786	0			0	<a href=" rel="nofollow">微博 weibo.com</a>	@李潇Shawn @精品杨磊 @棉袜子 @急信信 组团去吧？			1213679240	00	3360362867498534	1397724389843
2320367-	0		0	Mon Nov 14 16:53:21 +0800 2011			3379675110144905	3379675110144905				3379675110144905	0			0	<a href=" rel="nofollow">微博 weibo.com</a>	非常喜欢这本，还有《鸽子》，可是却买不到了//@上海译文: 转发微博			1213679240	00	3379673465722938	1397724389844
2320368-	0		0	Mon Jan 14 11:36:19 +0800 2013			3534334948695123	3534334948695123				3534334948695123	0			1	<a href=" rel="nofollow">微博 weibo.com</a>	焦急地等待好版中。。。			1213679240	00	3534334415353496	1397724389844
2320369-	0		0	Wed Oct 24 16:34:49 +0800 2012			3504694263643105	3504694263643105				3504694263643105	0			1	<a href=" rel="nofollow">微博 weibo.com</a>	我记得你，《桃色交易》里除黛米摩尔外的另一大亮点。 //@廖敏Maggie:好注解			1213679240	00	3504637346915174	1397724389844
2320370-	0		0	Sat Dec 03 00:28:24 +0800 2011			3386312612317520	3386312612317520				3386312612317520	0			0	<a href=" rel="nofollow">iPad客户端</a>	听着好想有个壁炉什么的			1213679240	00	3386281654883221	1397724389845
2320371-	0		1	Fri Sep 23 15:52:47 +0800 2011			3360815701041305	3360815701041305				3360815701041305	0			1	<a href=" rel="nofollow">微博 weibo.com</a>	当个旅游编辑与当个旅行者最大的区别就是,每当我去到一个着实不错的地方,我会第一时间记下这里的地址电话交通方式,最好还能跟相关的人聊一聊,搞点幕后消息,然后带给大家一个好看又实用的故事。至于当旅行者,回来之后,我绝口不提,那些行走中的点滴,需要一点时间来发酵,才能酿成一瓶有迷幻作用的饮品。			1213679240	00	0	1397724389845
2320372-	0		8	Tue Dec 25 15:01:48 +0800 2012			3527138898828832	3527138898828832				3527138898828832	0		#	7	<a href=" rel="nofollow">微博 weibo.com</a>	发现一张大表哥的帅照，没HOLD住，分享之。			1213679240	00	0	1397724389845
2320373-	0		1	Fri Nov 25 17:58:24 +0800 2011			3383677749327972	3383677749327972				3383677749327972	0		#	0	<a href=" rel="nofollow">iPhone客户端</a>	虽然我基本是窝在酒店里工作了几天，但是亚布力的冬景着实是不错滴。。。			1213679240	00	0	1397724389846
2320374-	0		3	Wed Nov 30 01:34:52 +0800 2011			3385242176326227	3385242176326227				3385242176326227	0		#	0	<a href=" rel="nofollow">淘宝</a>	想要这个，蕾丝 小羊皮，太骚了！OZ 欧洲订单 蕾丝装饰淑女蝴蝶结羊皮手套￥229.00 			1213679240	00	0	1397724389846
2320375-	0		1	Thu Dec 01 12:35:23 +0800 2011			3385770796919260	3385770796919260				3385770796919260	0			0	<a href=" rel="nofollow">微博 weibo.com</a>	这次是离我最近的，哦也！//@棉袜子: @柔柔MM 市集又开始啦~你有逛过没啊？			1213679240	00	3385473116879719	1397724389846
2320376-	0		4	Thu Oct 04 18:23:30 +0800 2012			3497473857374382	3497473857374382				3497473857374382	0			0	<a href=" rel="nofollow">iPhone客户端</a>	就这样喝个茶，喝个咖灰喝到7号，才叫放假嘛			1213679240	00	3497472439975110	1397724389846
2320377-	0		2	Fri Oct 05 21:14:14 +0800 2012			3497879211827788	3497879211827788				3497879211827788	0			3	<a href=" rel="nofollow">iPhone客户端</a>	在大理小酒馆遇见的摩羯姑娘说，摩羯女愿意真心结交各色的人，无论贫富，只要他是真实的。魔羯女的不随和其实也源自于此，这些年来，我尝试重新定义真实与不真实的界线，因为，有些人，安全感太少..太少...			1213679240	00	0	1397724389847
2320378-	0		0	Wed Jul 27 01:54:10 +0800 2011			15417540959	15417540959				3339586162074919	0			0	<a href=" rel="nofollow">iPad客户端</a>	疗伤的好地方 //@火星人的小窝: 转发微博。			1213679240	00	15356034316	1397724389847
2320379-	0		1	Fri Sep 23 10:21:56 +0800 2011			3360732439673091	3360732439673091				3360732439673091	0			1	<a href=" rel="nofollow">微博 weibo.com</a>	偶昨天买了一本带给客户涅//@精品乐活志：@张书新@黄庄老王@黑云都@陈雨星-精品购物指南@精品网@精品购物指南@北京精品资讯@潇洒如飞@红伶@棉袜子@姜北姜北@桃格尼尼@佳境@李潇Shawn@新一轮冲锋-精品购物@精品杨磊@颦颦有礼@小米表姐@牙碜妞儿@屠无穷@程�@美伢姐姐烤红薯@精品品牌活动			1213679240	00	3360729021500575	1397724389847
2320380-	0		0	Wed May 11 14:23:48 +0800 2011			10466520004	10466520004				2111105112031838	0			0	<a href=" rel="nofollow">iPad客户端</a>	炫			1213679240	00	10442206899	1397724389848
2320381-	0		0	Tue Aug 02 21:14:38 +0800 2011			15878027115	15878027115				3342052526263781	0		#	0	<a href=" rel="nofollow">豆瓣电影</a>	看过《桃色交易》 ★★★  --发自豆瓣电影			1213679240	00	0	1397724389848
2320382-	0		7	Tue Aug 30 14:55:32 +0800 2011			3352103985057979	3352103985057979				3352103985057979	0			1	<a href=" rel="nofollow">微博 weibo.com</a>	我愿意相信每一次美好并陌生的相遇，连续两天看“到陌生人”这个字眼：     "Hello stranger!"      "Be not inhospitable to strangers, Lest they be angle in disguise.(不要对陌生人冷淡，他们也许是乔装打扮的天使。)			1213679240	00	0	1397724389848
2320383-	1		9	Sat Aug 25 10:14:00 +0800 2012			3482855155930663	3482855155930663				3482855155930663	0			0	<a href=" rel="nofollow">iPhone客户端</a>	返乡途中，看＜死亡医生＞，阿尔帕奇诺真的老了，老得足以让我不时停下来，叹一口气，擦一把泪，想一下他在＜狗日下午＞里吊儿郎当的样子， 或是我家冰箱上那两张黑白相片儿。。友人说我们应该优雅地老去。。。不管怎么样，阿尔帕奇诺比罗伯特德尼罗老去得优雅。。。			1213679240	00	0	1397724389848
2320384-	0		0	Thu Feb 16 14:48:52 +0800 2012			3413708246563577	3413708246563577				3413708246563577	0		#	2	<a href=" rel="nofollow">iPhone客户端</a>	明骚跟暗骚姐俩@牙碜妞儿 @精品杨磊			1213679240	00	0	1397724389849
2320385-	0		2	Tue Jun 28 11:29:17 +0800 2011			13163812778	13163812778				5623107580067110368	0			1	<a href=" rel="nofollow">微博 weibo.com</a>	恭喜flydutch和廉萌，对也，flydutch走之前要留下你的wwoof故事哦//@精品乐活志：哈哈哈，人人都想吃~・//@美伢姐姐烤红薯：回复@小涛:@flydutch 哈哈哈，鸭梨好大！ //@小涛:回复@美伢姐姐烤红薯:哈哈，不知道大溪地的明信片贵不贵，@flydutch 的鸭梨好大~~			1213679240	00	13071526348	1397724389849
2320386-	0		8	Tue Apr 03 13:38:27 +0800 2012			3430722755285167	3430722755285167				3430722755285167	0		#	1	<a href=" rel="nofollow">iPhone客户端</a>	天气这么好，赶快冲出门去！			1213679240	00	0	1397724389849
2320387-	0		10	Sun Aug 12 22:12:47 +0800 2012			3478324996858595	3478324996858595				3478324996858595	0		#	1	<a href=" rel="nofollow">iPhone客户端</a>	吃撑了。。放空加悔恨中。。。炒黄花真心好吃。。。@HeyTanya			1213679240	00	0	1397724389850
2320388-	0		1	Sat Jun 02 13:16:48 +0800 2012			3452460578661432	3452460578661432				3452460578661432	0			0	<a href=" rel="nofollow">iPhone客户端</a>	飞了，飞机上有crying baby，还好IPad里有伍迪艾伦等大导的＜纽约故事＞，9号见亲们。。。			1213679240	00	0	1397724389850
2320389-	0		1	Mon Oct 01 23:51:04 +0800 2012			3496469132412812	3496469132412812				3496469132412812	0			0	<a href=" rel="nofollow">iPhone客户端</a>	威武！收之！			1213679240	00	3496454037776204	1397724389850
2320390-	0		5	Fri Feb 24 18:38:04 +0800 2012			3416665037945534	3416665037945534				3416665037945534	0		#	1	<a href=" rel="nofollow">iPhone客户端</a>	临时办公桌。。。			1213679240	00	0	1397724389851
2320391-	0		0	Thu Jul 14 11:39:16 +0800 2011			14391101074	14391101074				5629047515537672169	0			1	<a href=" rel="nofollow">iPhone客户端</a>	Mark			1213679240	00	14388879476	1397724389851
2320392-	0		10	Thu Oct 04 17:30:20 +0800 2012			3497460486017321	3497460486017321				3497460486017321	0		#	3	<a href=" rel="nofollow">iPhone客户端</a>	最后一刻大理一点都没有失望，每看到一条微薄上的拥堵消息，我们就暗爽一下：大理的人并不多啊（这样说出来会不会被拍砖），而且我们还住在这样好的院子里。。。 @何小晨 @大理古城榴园客栈-Alex 谢谢@大理鲸鱼镇 的推荐			1213679240	00	0	1397724389851
2320393-	0		1	Tue Jul 26 12:08:00 +0800 2011			15349852629	15349852629				3339378249744077	0			0	<a href=" rel="nofollow">iPad客户端</a>	mark			1213679240	00	15348247486	1397724389852
2320394-	0		0	Mon Oct 31 15:21:00 +0800 2011			3374578441353379	3374578441353379				3374578441353379	0			0	<a href=" rel="nofollow">微博 weibo.com</a>	三位名额哦，机会大大有！//@屠无穷：这次的名额大于前两季，离成功更近一步哦//@陈雨星-精品购物指南：没有黑幕没有内定绝对靠谱的活动吧！！！ [耶] @张书新 @黄庄老王 @黑云都 @陈雨星-精品购物指南 @红伶 @精品杨磊 @李潇Shawn @桃格尼尼 @颦颦有礼 @精品购物指南 @马来西亚旅游局 @王�Tracy			1213679240	00	3372714654059419	1397724389852
2320395-	0		2	Mon Feb 13 01:01:28 +0800 2012			3412412860587509	3412412860587509				3412412860587509	0			0	<a href=" rel="nofollow">iPad客户端</a>	欢迎大家围观重播 //@傲然王: 围观！[奥特曼] //@BTV-时尚装苑:主持人 @傲然王  时尚观察员： @精品购物指南   @精品乐活志  资深旅游编辑 @红伶  时尚传媒集团、 @男人装  杂志主编 @瘦马  ，			1213679240	00	3412182035057810	1397724389852
2320396-	0		8	Fri Mar 30 19:34:23 +0800 2012			3429362772976304	3429362772976304				3429362772976304	0		#	2	<a href=" rel="nofollow">iPhone客户端</a>	 @剑辰Jansword 拿到我就猜难道是你画的？再猜难道画的是我？层层惊喜地说，与世隔绝回来第一天收到这样的礼物，感动死。对了，多谢你把我画这么洋气：）			1213679240	00	0	1397724389853
2320397-	0		6	Thu Jun 02 17:10:39 +0800 2011			11601030412	11601030412				5613547335054586933	0		#	4	<a href=" rel="nofollow">微博 weibo.com</a>	【虹夕诺雅 轻井泽】冥思温泉--「Meditation Bath」：以瞑想入浴来调节精神的“调身?调息?调心”为概念，通过在山谷村落居留提供顾客滋生养病的时间。调节养气，使五感很敏锐，发挥美食和温泉以及自然环境独有的滋养力渗入到您的身体和精神中，恢复它们本来的机能和活力。			2037350781	00	0	1397724391600
2320398-	0		1	Wed Jun 22 16:13:43 +0800 2011			12777170067	12777170067				5620954366931367619	0		#	0	<a href=" rel="nofollow">微博 weibo.com</a>	#虹夕诺雅 京都#你眼中亲切熟悉的日本。			2037350781	00	0	1397724391601
2320399-	0		2	Tue Jul 26 22:15:42 +0800 2011			15402494662	15402494662				3339531181130436	0			1	<a href=" rel="nofollow">微博 weibo.com</a>	#虹夕诺雅 京都#的魅力~			2037350781	00	2717170793	1397724391601
2320400-	0		2	Fri Jul 01 18:40:59 +0800 2011			13408246934	13408246934				5624332083832548412	0		#	2	<a href=" rel="nofollow">微博 weibo.com</a>	#机器猫#美好周末短暂，放松下来，开心享受周末~~[心]			2037350781	00	0	1397724391601
2320401-	0		0	Wed Jun 29 13:39:08 +0800 2011			13243969460	13243969460				5623512127331324213	0			0	<a href=" rel="nofollow">微博 weibo.com</a>	回复@夏叶shava:嗯嗯嗯！！你们喜欢就好！希望下次有机会邀请你们去京都看一看。京都的虹夕诺雅也很不一样哦~忽忽~ //@夏叶shava:回复@星野集团:真是最具童话感的住宿体验呀…木制浴盆里的小柠檬、薄荷叶、welcome gift里的红豆米仁团子、两套京都染色的高级日式居家服…实话说都像写软文的，可真的挑不			2037350781	00	12817370880	1397724391602
2320402-	0		0	Wed May 08 13:10:11 +0800 2013			3575670796035990	3575670796035990				3575670796035990	0			0	<a href=" rel="nofollow">专业版微博</a>	#星野猜猜看#公布答案咯~这个小东西在日本叫“飞鼠”，在国内也叫“鼯鼠”，属于松鼠科。在#虹夕诺雅#轻井泽度假村，我们的PICCHIO生态保护组织工作人员始终致力于当地生态生物保护，每天晚上会组织大家进行目击飞鼠的活动，目击率可达90%！上个月飞鼠妈妈生下2只飞鼠宝宝因此上了当地报纸哦~			2037350781	00	3575361059617154	1397724391602
2320403-	0		2	Wed Aug 24 21:23:48 +0800 2011			3350027368920330	3350027368920330				3350027368920330	0		#	0	<a href=" rel="nofollow">微博 weibo.com</a>	#星野梦缘 蜜月许誓#[话筒] 我们将参加于2011年8月26-28日举办的上海秋季婚博会！展出地点：上海光大会展中心东馆一层 展位38#星野梦缘#。地址：上海市徐汇区漕宝路88号。有日本专业的婚礼策划师为您详细介绍产品、回答各教堂的具体问题。到场的客人将有机会获得有教堂婚礼视频的USB！欢迎你的到访哦~			2037350781	00	0	1397724391602
2320404-	0		3	Tue Jun 28 14:52:00 +0800 2011			13177399750	13177399750				5623159819757077060	0		#	1	<a href=" rel="nofollow">微博 weibo.com</a>	#虹夕诺雅 轻井泽#每年一到夏天，在轻井泽都会诞生很多新的小生命。图片是为了不让自己的孩子受到袭击，母亲会一直陪伴在旁边，保护着小生命。母亲啊  天上的风雨来了  鸟儿躲到他的巢里  心中的风雨来了  我只躲到你的怀里----冰心。			2037350781	00	0	1397724391603
2320405-	0		1	Thu Sep 13 18:20:03 +0800 2012			3489862847995885	3489862847995885				3489862847995885	0			0	<a href=" rel="nofollow">微博 weibo.com</a>	好棒的文章和照片~谢谢大家对虹夕诺雅的肯定！ 默默祈祷和平和宁定[许愿]			2037350781	00	3489815423246598	1397724391603
2320406-	0		4	Tue Oct 30 19:22:05 +0800 2012			3506910684405628	3506910684405628				3506910684405628	0		#	1	<a href=" rel="nofollow">专业版微博</a>	进入秋冬季后天气越来越寒冷。在日本各地有9间的#星野界#温泉旅馆，2012年冬天将为您献上令人惊艳的锅物特别料理!每道都是当季限定,只有在此时此地才吃得到特别火锅[好喜欢]使用当地食材、以地方传统调理方式，将各地坚持的美味升华，为您献上最地道的美味火锅。			2037350781	00	0	1397724391603
2320407-	0		0	Sat Oct 29 16:05:11 +0800 2011			3373864785154590	3373864785154590				3373864785154590	0			0	<a href=" rel="nofollow">微博 weibo.com</a>	现在的轻井泽真是很漂亮！红叶整片！哪里都是一副美丽的画！（他们拍的好棒！！）			2037350781	00	3373612214298122	1397724391604
2320408-	0		5	Thu Aug 11 09:27:14 +0800 2011			3345135996132229	3345135996132229				3345135996132229	0		#	0	<a href=" rel="nofollow">微博 weibo.com</a>	分享图片。#虹夕诺雅 轻井泽#早晨的温泉体操，生命在于运动！			2037350781	00	0	1397724391604
2320409-	0		1	Sat Oct 08 10:14:03 +0800 2011			3366166274056085	3366166274056085				3366166274056085	0		#	0	<a href=" rel="nofollow">微博 weibo.com</a>	#星野梦缘 石之教堂#周围的山法师的叶子已经开始变黄。再过一段时间周围全部变黄，更能显示#星野梦缘 石之教堂#的存在感。			2037350781	00	0	1397724391605
2320410-	0		0	Tue Mar 05 13:40:42 +0800 2013			3552485643520314	3552485643520314				3552485643520314	0			3	<a href=" rel="nofollow">360安全浏览器</a>	[转发]心爱的阿苏~~~			2037350781	00	3546251432235839	1397724391605
2320411-	0		1	Tue Jul 17 23:01:28 +0800 2012			3468915168737978	3468915168737978				3468915168737978	0		#	5	<a href=" rel="nofollow">专业版微博</a>	是谁为我们创造了美丽的#虹夕诺雅#？今天我们来看一看。迄今为止，京都仍保留了日常不多见的珍贵手工艺，如京唐纸、格子门、土墙、日本瓦和珍贵木材等。东环境建筑研究所所长Rie AZUMA女士为#虹夕诺雅 京都#的建筑设计带来了传统文化新气息。			2037350781	00	0	1397724391605
2320412-	0		1	Wed Jan 18 10:20:41 +0800 2012			3403131507513671	3403131507513671				3403131507513671	0			0	<a href=" rel="nofollow">微博 weibo.com</a>	#轻井泽 星野地区#看星星，泡温泉			2037350781	00	3403129841935182	1397724391606
2320413-	0		2	Fri Jun 03 17:40:12 +0800 2011			11667053424	11667053424				5613926035202963231	0		#	2	<a href=" rel="nofollow">微博 weibo.com</a>	虹夕诺雅 轻井泽，在这里看不到映照世俗景象的电视，有的只是屋旁的池塘庭院、露台外淡远的群山，整栋房屋都能另人体味与众不同的自然。			2037350781	00	0	1397724391606
2320414-	0		1	Fri Dec 02 09:57:21 +0800 2011			3386093405677392	3386093405677392				3386093405677392	0		#	1	<a href=" rel="nofollow">微博 weibo.com</a>	今天北京悄然下起了第一场雪！有没有感觉冬天真的真的来了！在日本，#星野梦缘 轻井泽高原教堂#今年迎来了它的90周年庆，随着圣诞节的临近，各种圣诞活动精彩推出，使轻井泽的冬季热闹非凡！			2037350781	00	0	1397724391606
2320415-	1		8	Thu Aug 08 15:53:20 +0800 2013			3609051533802642	3609051533802642				3609051533802642	0			34	<a href=" rel="nofollow">专业版微博</a>	#虹夕诺雅#京都，米其林一星餐厅和最高等级（红色5星）旅馆，详情及预订请戳我 星のや (日本京都2013新增米其林一星餐厅和米其林推荐酒店；地址：京都市西京区�山元�山町11-2)#米其林餐厅##米其林推荐酒店#			2037350781	00	3607994128615391	1397724391607
2320416-	0		7	Fri Jun 15 10:18:32 +0800 2012			3457126758082836	3457126758082836				3457126758082836	0		#	2	<a href=" rel="nofollow">专业版微博</a>	博古斯世界烹饪大赛亚洲选拔赛于昨天结束，日本代表选手星野Bleston Court Yukawatan总厨师长#浜田统之#也已回到#轻井泽#，受到大家的热情欢迎，称其为勇士。#浜田统之#已回到日常工作中，继续为做出使客人幸福的料理而努力。为了在法国总决赛的巨大挑战、实现自己的梦想而前进！请您支持他！祝福他！			2037350781	00	0	1397724391607
2320417-	0		2	Fri Feb 24 12:33:45 +0800 2012			3416573354478697	3416573354478697				3416573354478697	0		#	6	<a href=" rel="nofollow">iPhone客户端</a>	#星野梦缘#@中国婚博会上海站  来现场体验#石之教堂#+松下3D影像效果！[爱你][爱你]			2037350781	00	0	1397724391607
2320418-	0		0	Thu Apr 05 09:43:36 +0800 2012			3431388426599941	3431388426599941				3431388426599941	0			1	<a href=" rel="nofollow">关联博客</a>	虹夕诺雅-轻井泽中文介绍 			2037350781	00	0	1397724391608
2320419-	0		1	Mon Sep 05 09:43:24 +0800 2011			3354199761329691	3354199761329691				3354199761329691	0		#	2	<a href=" rel="nofollow">微博 weibo.com</a>	#星野奥入濑溪流温泉酒店#--极致早餐“粥”登场！在一天开始的早晨，早餐是非常重要的。用青森县特产的无农药的大米用八甲田的清水洗过之后，经过长时间熬制的粥可以说是非常的美味。与此同时还有青森当地食材做成的10余中小菜提供，在大清早就能够品尝到新鲜美味的食物！			2037350781	00	0	1397724391608
2320420-	1		1	Sat Jan 05 14:29:11 +0800 2013			3531116960839500	3531116960839500				3531116960839500	0			3	<a href=" rel="nofollow">360安全浏览器</a>	67月份的星野界 阿苏~私密的自然空间 美丽的阿苏山 高原马场 美味料理！@星野集团			2037350781	00	3467014712877266	1397724391608
2320421-	0		0	Sat Mar 31 09:49:28 +0800 2012			3429577969472187	3429577969472187				3429577969472187	0			0	<a href=" rel="nofollow">微博 weibo.com</a>	转发微博			2037350781	00	3429403265008711	1397724391609
2320422-	0		0	Wed Jul 24 18:40:30 +0800 2013			3603657788505296	3603657788505296				3603657788505296	0		#	4	<a href=" rel="nofollow">专业版微博</a>	传说华北的空气质量伤肺减寿？那就时常来#虹夕诺雅#轻井泽来一趟“洗肺之旅”吧！7、8月的仲夏日，每到夜里便有细雨叩窗，天亮后又是清新凉爽的新一天。充沛的绿意让人眼见山是山、见水是水，风吹水动、鸟啼虫飞，自然与人用最本真的面目相见，这是难以言说和忘却的记忆。			2037350781	00	0	1397724391609
2320423-	0		0	Fri Jul 06 12:03:27 +0800 2012			3464763306415848	3464763306415848				3464763306415848	0			0	<a href=" rel="nofollow">微博 weibo.com</a>	有体验水牛车观光么~~			2037350781	00	3464699021007570	1397724391609
2320424-	1		8	Thu Aug 08 15:53:20 +0800 2013			3609051533802642	3609051533802642				3609051533802642	0			34	<a href=" rel="nofollow">专业版微博</a>	#虹夕诺雅#京都，米其林一星餐厅和最高等级（红色5星）旅馆，详情及预订请戳我 星のや (日本京都2013新增米其林一星餐厅和米其林推荐酒店；地址：京都市西京区�山元�山町11-2)#米其林餐厅##米其林推荐酒店#			2037350781	00	3607994128615391	1397724391609
2320425-	0		0	Tue Jul 03 18:23:02 +0800 2012			3463771667984791	3463771667984791				3463771667984791	0		#	2	<a href=" rel="nofollow">专业版微博</a>	轻井泽地区的星野春榆广场将在8月1日-5日、8月29日-9月2日举办夏季限定市场活动。届时，广场上将有当地果农来贩卖当天摘得的有机蔬菜及水果，还会有广场店铺特制的冰激凌等特别活动哟[花心]这一时期前来#虹夕诺雅 轻井泽#的客人一定不要错过~			2037350781	00	0	1397724391610
2320426-	0		0	Tue Nov 20 11:29:00 +0800 2012			3514401778452718	3514401778452718				3514401778452718	0			0	<a href=" rel="nofollow">专业版微博</a>	来自#虹夕诺雅 冲绳#的第一手资料！竹富岛上的原住民的确是很有琉球的风味呢~看他的帽子和围巾！快回来给我讲一讲^^			2037350781	00	3513672494313295	1397724391610
2320427-	0		1	Thu Nov 17 13:37:40 +0800 2011			3380713027987975	3380713027987975				3380713027987975	0		#	4	<a href=" rel="nofollow">微博 weibo.com</a>	轻井泽#星野地区#现在已经开始忙碌圣诞节的准备啦~！这个冬天，#星野地区#的所有人，满载着祝福，期盼的圣诞节的到来！#星野梦缘 轻井泽高原教堂#前的幸福小道,#Hotel Bleston Court#礼物为主题的装饰,#榆树小街#街道上的雪花和彩灯,这个冬天,这个圣诞节在#轻井泽#度过吧~			2037350781	00	0	1397724391610
2320428-	0		0	Tue Mar 05 13:40:42 +0800 2013			3552485643520314	3552485643520314				3552485643520314	0			3	<a href=" rel="nofollow">360安全浏览器</a>	[转发]心爱的阿苏~~~			2037350781	00	3546251432235839	1397724391610
2320429-	0		0	Tue Dec 20 10:07:44 +0800 2011			3392618999998145	3392618999998145				3392618999998145	0		#	1	<a href=" rel="nofollow">微博 weibo.com</a>	#星野青森屋温泉酒店#青森屋的公园#雪景#登场![雪][雪][雪]广阔的古牧温泉青森屋，其中有一半的土地面积是有涩�公园占据。每一个季节的景色真的美到不行!到达酒店可以通过青森机场、新干线八户站、JR三泽站，交通非常方便，下车站后还会准备接送巴士直达酒店，非常贴心!			2037350781	00	0	1397724391611
2320430-	0		1	Mon May 28 12:12:10 +0800 2012			3450632373453092	3450632373453092				3450632373453092	0		#	0	<a href=" rel="nofollow">专业版微博</a>	午餐时间到，大家记得吃午餐，多吃蔬菜水果哟~！图为#虹夕诺雅 冲绳#当地的可爱的新鲜的蔬菜们！~			2037350781	00	0	1397724391631
2320431-	0		0	Mon Nov 14 14:23:18 +0800 2011			3379637352170856	3379637352170856				3379637352170856	0		#	3	<a href=" rel="nofollow">微博 weibo.com</a>	#星野青森屋温泉酒店#青森屋的公园登场！拍摄于酒店西馆12层,景色超一流,像进到一个世外桃源,在这里,有什么烦恼是不能忘记的呢?			2037350781	00	0	1397724391631
2320432-	0		0	Fri Jun 07 15:20:29 +0800 2013			3586575219109979	3586575219109979				3586575219109979	0		#	2	<a href=" rel="nofollow">专业版微博</a>	#今日京都#芒种已到，梅雨将至，京都如今每天都是钻石般透亮的青空。初夏是百花盛开的好时节，图中蓝紫色的花儿叫山紫阳花（山绣球）盛开在在虹夕诺雅 京都的庭院中，中心花蕾同普通绣球花类似，盛开煞是好看。今日午后2点左右，睡莲也惊喜地绽开小小花蕾。不由得期待每一个明天！			2037350781	00	0	1397724391632
2320433-	0		2	Tue Sep 06 09:18:39 +0800 2011			3354555920409848	3354555920409848				3354555920409848	0		#	0	<a href=" rel="nofollow">微博 weibo.com</a>	#星野奥入濑溪流温泉酒店#--「早晨自行车」登场！清晨奥入��流的凉爽微风，体验「早晨自行车」如何？奥入�最美的时刻可以说是早晨，树林间零星的阳光、小鸟的鸣叫、大自然的早晨可谓是极有魅力。在这里，你可以在喜欢的空间呼吸新鲜的空气，真的很自在！			2037350781	00	0	1397724391632
2320434-	0		3	Fri Sep 23 11:11:24 +0800 2011			3360744888392367	3360744888392367				3360744888392367	0		#	2	<a href=" rel="nofollow">专业版微博</a>	#星野梦缘 轻井泽高原教堂#面前的吊钟花已经结了红色的果实。今年秋天的枫叶据预报说也是非常漂亮。希望10月份可以拍到好看的枫叶照片。			2037350781	00	0	1397724391632
2320435-	0		2	Mon Jun 04 14:31:59 +0800 2012			3453204272645900	3453204272645900				3453204272645900	0			2	<a href=" rel="nofollow">关联博客</a>	虹夕诺雅 冲绳 正式开业 			2037350781	00	0	1397724391632
2320436-	0		4	Thu May 16 19:07:52 +0800 2013			3578659908709770	3578659908709770				3578659908709770	0		#	0	<a href=" rel="nofollow">专业版微博</a>	#虹夕诺雅#冲绳 度假村的Lobby内开始为客人提供一种类似寒天的凉粉，搭配�子吃，是夏天消暑的好美味~			2037350781	00	0	1397724391633
2320437-	0		6	Mon Nov 21 15:40:36 +0800 2011			3382193529012712	3382193529012712				3382193529012712	0		#	15	<a href=" rel="nofollow">微博 weibo.com</a>	#虹夕诺雅 轻井泽#新浪报道-新浪旅游频道第一波：#虹夕诺雅 轻井泽#：环山拥抱的花园			2037350781	00	0	1397724391633
2320438-	0		0	Tue Oct 04 16:03:17 +0800 2011			3364804610506315	3364804610506315				3364804610506315	0			0	<a href=" rel="nofollow">微博 weibo.com</a>	转发微博。			2037350781	00	3364381320845424	1397724391633
2320439-	1		34	Tue Sep 10 14:35:18 +0800 2013			3620990699473288	3620990699473288				3620990699473288	0			136	<a href=" rel="nofollow">360浏览器超速版</a>	中午回来好惊喜，谢谢大家的厚爱！希望星野梦缘可以为越来越多的国内新人见证人生中最浪漫幸福的瞬间！！			2037350781	00	3620929239978895	1397724391634
2320440-	1		12	Tue Aug 20 17:38:55 +0800 2013			3613426763264990	3613426763264990				3613426763264990	0			1	<a href=" rel="nofollow">专业版微博</a>	弱弱的#寻人启事#，刚刚哪位客人致电星野集团北京代表处，咨询关西机场和伊丹机场前往#虹夕诺雅#京都的交通来着？小编特别着急帮您确认以致于忘了问您的联系方式。。。解答：从关西机场到酒店大概需要2小时，从伊丹机场大概要1小时25分钟（by电车）。不知道这里是否找得到那位姑娘，求扩散。			2037350781	00	0	1397724391634
2320441-	0		0	Fri Mar 09 09:41:01 +0800 2012			3421603306289963	3421603306289963				3421603306289963	0			0	<a href=" rel="nofollow">微博 weibo.com</a>	谢谢推荐[爱你]//@Amelia-WeiRF: @星野集团 [good]			2037350781	00	3421397714215653	1397724391634
2320442-	1		3	Wed Oct 16 16:45:33 +0800 2013			3634069432380053	3634069432380053				3634069432380053	0			5	<a href=" rel="nofollow">360浏览器超速版</a>	#星野界#箱根，以“箱根二十汤”之首的箱根汤本温泉为泉源使用，今年秋季特别推出“寄木细工之间”月见台，感受日本传统和式茶室风情 			2037350781	00	3632884013497209	1397724391634
2320443-	0		0	Sun Aug 14 15:05:10 +0800 2011			3346308203270968	3346308203270968				3346308203270968	0			0	<a href=" rel="nofollow">微博 weibo.com</a>	支持！//@背包客小鹏：号外！《小鹏的背包十年》将于今天（14日）晚上10点在CCTV4播出！为了这期节目，我们从北京的四合院转战到丽江的花间堂，还采访了我的好几个大学同学和长期晃在丽江的职业闲人。后期时编导和制片人三天三夜基本没休息。各位摄像，各位编导，还有 @CCTV孟盛楠 大家都辛苦啦！			2037350781	00	15749724116	1397724391635
2320444-	0		4	Fri Nov 25 16:34:19 +0800 2011			3383656590753828	3383656590753828				3383656590753828	0			0	<a href=" rel="nofollow">微博 weibo.com</a>	感谢推荐！#虹夕诺雅 轻井泽#//@乐_乐日本: 日本作家古关千惠子的推荐：梦想照进现实！ 来自天堂度假胜地的邀请函。@星野集团 [呵呵]			2037350781	00	3383608914345610	1397724391635
2320445-	1		6	Wed Sep 11 21:24:34 +0800 2013			3621456074394353	3621456074394353				3621456074394353	0		#	1	<a href=" rel="nofollow">百度旅游</a>	#星野TOMAMU#夏季旅行攻略画册，《北海道，盛夏花开时节》，那么美的北海道，那么可爱的人，那么欢乐的小伙伴们，想起好多好多回忆~话归正题，大家可以照着玩，明年提前早早预定，在7月份前来，可以看到最美的富良野和美瑛！（分享自 @百度旅游）  			2037350781	00	0	1397724391635
2320446-	0		1	Thu Feb 02 09:30:49 +0800 2012			3408554779955112	3408554779955112				3408554779955112	0		#	6	<a href=" rel="nofollow">微博 weibo.com</a>	#星野TOMAMU度假村#：从世界上最好的粉雪地带启程。对于完美主义与追求浪漫的人来讲，不论你是喜欢懒散的休闲度假，还是热衷于高品质的享受，在星野TOMAMU的完美体验，都将是你“北海道假日”中最难忘的。 您可以见到世界上最好的粉雪地带。如果是家庭。。 			2037350781	00	0	1397724391636
2320447-	0		1	Thu Aug 09 18:56:23 +0800 2012			3477188407490329	3477188407490329				3477188407490329	0		#	1	<a href=" rel="nofollow">专业版微博</a>	紧随而来的是#虹夕诺雅 轻井泽#植物集第三波~就快迎来周末啦~[求关注]			2037350781	00	0	1397724391636
2320448-	0		0	Fri Aug 05 11:02:30 +0800 2011			3342985643582251	3342985643582251				3342985643582251	0		#	0	<a href=" rel="nofollow">微博 weibo.com</a>	莲华升麻－－日本独产花之一。如果把花反倒过来，像莲花形状。所以名字里有“莲”字。据说它是日本皇太后最喜欢的花之一。拍摄于＃虹夕诺雅　轻井泽＃内。			2037350781	00	0	1397724391636
2320449-	0		0	Fri Apr 06 10:13:31 +0800 2012			3431758344098904	3431758344098904				3431758344098904	0			0	<a href=" rel="nofollow">关联博客</a>	星野界 津轻 精品温泉旅馆 			2037350781	00	0	1397724391636
2320450-	0		0	Tue Jun 25 13:40:05 +0800 2013			3593072929806006	3593072929806006				3593072929806006	0		#	4	<a href=" rel="nofollow">专业版微博</a>	6月22日，富士山Mt.Fuji 被联合国教科文组织正式列入世界遗产名录[xkl顶] 一直以来作为日本象征的富士山，随四季变换魅力各异。欣赏富士山美景，当然不可错过@星野集团 旗下精品日式温泉旅馆#星野界#伊东、热海、箱根及#星野RISONARE#热海家庭度假村！			2037350781	00	0	1397724391637
2320451-	0		6	Thu Jul 21 18:56:19 +0800 2011			14962317443	14962317443				3337669065156187	0		#	10	<a href=" rel="nofollow">微博 weibo.com</a>	#虹夕诺雅 轻井泽#梯田酒吧登场~ 到了夏天，每到晚上就会在梯田上举行小型鸡尾酒吧，有香槟，鸡尾酒还有餐厅特制的用日本酒做的冰霜！而且全部免费！！坐在小庭院里，喝着冷饮，聊着小天，想想都自在！[风扇]			2037350781	00	0	1397724391637
2320452-	0		0	Mon Jun 17 10:33:21 +0800 2013			3590126837859308	3590126837859308				3590126837859308	0			3	<a href=" rel="nofollow">360浏览器超速版</a>	青森青森~			2037350781	00	3589920448616089	1397724391637
2320453-	0		0	Mon Oct 22 12:40:15 +0800 2012			3503910456882075	3503910456882075				3503910456882075	0		#	1	<a href=" rel="nofollow">专业版微博</a>	另外，追加一下系统随机抽奖截图，以示公告。			2037350781	00	0	1397724391637
2320454-	0		0	Tue Apr 10 19:42:36 +0800 2012			3433351119512582	3433351119512582				3433351119512582	0			1	<a href=" rel="nofollow">微博 weibo.com</a>	//@风尚志:《风尚志微现场》-@陈思成+@佟丽娅 日本行婚嫁特辑视频，将在本周五隆重上线。届时，新浪、搜狐、优酷等各大视频网站均可观看。			2037350781	00	3433315757969145	1397724391638
2320455-	3		1	Wed Nov 20 19:04:07 +0800 2013			3646787879416654	3646787879416654				3646787879416654	0		#	7	<a href=" rel="nofollow">360浏览器超速版</a>	这两天的轻井泽已经超冷，你那里是不是也冷下来了呢？今年#星野梦缘##高原教堂#的圣诞节庆祝活动从11月16日到~12月25日，高原教堂的圣诞树点灯仪式将从11月30日开始，持续到圣诞节当夜。欢迎大家到来的！先看看这两天HBC的黄昏时刻吧[发礼物]			2037350781	00	0	1397724391638
2320456-	0		0	Fri Dec 16 17:15:35 +0800 2011			3391277117075305	3391277117075305				3391277117075305	0			0	<a href=" rel="nofollow">微博 weibo.com</a>	请不要问#轻井泽#还有什么“景点”，在#轻井泽#只要你细心留意，每一处都是绝美的景致！@hosinoya 真的照的很棒呀！[鼓掌][鼓掌]			2037350781	00	3391265869909737	1397724391684
2320457-	0		2	Tue Nov 15 18:16:53 +0800 2011			3380058519361212	3380058519361212				3380058519361212	0		#	0	<a href=" rel="nofollow">微博 weibo.com</a>	#轻井泽#已经开始闻到冬天的气息。今天在#星野梦缘 轻井泽高原教堂#的庭院里，看到了一只松鼠在树上。这个庭院里经常有野生的小动物出没。轻井泽就是一个大自然的非常丰富的地方。是不是很有意思~			2037350781	00	0	1397724391684
2320458-	0		1	Thu Jul 04 10:23:46 +0800 2013			3596285024077433	3596285024077433				3596285024077433	0			0	<a href=" rel="nofollow">媒体版微博</a>	[推荐] 大家一起随@姚笛 前往#虹夕诺雅#冲绳，探秘竹富岛长寿快乐的秘诀吧~ 中文官网  @日本航空公司 @冲绳观光会议局OCVB			2037350781	00	3595920463424492	1397724391685
2320459-	0		0	Wed Jul 20 17:31:57 +0800 2011			14874857183	14874857183				3337285446098038	0		#	1	<a href=" rel="nofollow">微博 weibo.com</a>	分享图片---做你说过的，说你能做的。			2037350781	00	0	1397724391685
2320460-	0		0	Wed Jul 24 18:40:30 +0800 2013			3603657788505296	3603657788505296				3603657788505296	0		#	4	<a href=" rel="nofollow">专业版微博</a>	传说华北的空气质量伤肺减寿？那就时常来#虹夕诺雅#轻井泽来一趟“洗肺之旅”吧！7、8月的仲夏日，每到夜里便有细雨叩窗，天亮后又是清新凉爽的新一天。充沛的绿意让人眼见山是山、见水是水，风吹水动、鸟啼虫飞，自然与人用最本真的面目相见，这是难以言说和忘却的记忆。			2037350781	00	0	1397724391685
2320461-	0		0	Fri Sep 09 10:17:07 +0800 2011			3355657797808899	3355657797808899				3355657797808899	0		#	1	<a href=" rel="nofollow">微博 weibo.com</a>	今天的#轻井泽#，晴空万里。一朵云彩都没有。蓝天，绿树，#星野梦缘 石之教堂#，与自然融合为一体。这就是内村鉴三所提倡的教堂处于大自然当中。			2037350781	00	0	1397724391685
2320462-	0		7	Tue Aug 20 19:29:10 +0800 2013			3613454499865714	3613454499865714				3613454499865714	0			18	<a href=" rel="nofollow">专业版微博</a>	#秋日花草茶有奖转发#距离东京两小时车程的轻井泽被称为东京富人们的后院。夏日避暑，秋日赏枫，标高千米的高原配上露天美肌温泉，留下秋日清爽好梦。虹夕诺雅轻井泽度假酒店 并转发，截止8月30日。			2037350781	00	3613449692859021	1397724391686
2320463-	0		6	Tue Oct 30 18:38:22 +0800 2012			3506899683028874	3506899683028874				3506899683028874	0		#	3	<a href=" rel="nofollow">专业版微博</a>	#红叶报告#29日的清晨，#虹夕诺雅 轻井泽#的星野温泉门前，冉冉升起的太阳投下美好的光芒，被雨水淋湿的树叶正慢慢显现出热烈的色彩。329客房在今年秋季被改装成了cafe,露台上是俯瞰度假村美景的绝佳视角。			2037350781	00	0	1397724391686
2320464-	0		2	Thu Apr 11 16:19:21 +0800 2013			3565933920296376	3565933920296376				3565933920296376	0			0	<a href=" rel="nofollow">专业版微博</a>	哈哈~我想起来每次到日本，早中晚餐加起来差不多要吃6、7个小时，真是超幸福的人生！只要有美食就可以开心一整天~~话说琉球料理怎么样~			2037350781	00	3565830963274519	1397724391687
2320465-	0		0	Fri Sep 14 14:43:35 +0800 2012			3490170756053352	3490170756053352				3490170756053352	0			1	<a href=" rel="nofollow">微博 weibo.com</a>	[带感][带感][带感]			2037350781	00	3490129354070127	1397724391687
2320466-	0		1	Fri Jul 15 22:44:46 +0800 2011			14523830104	14523830104				3335552229890255	0		#	4	<a href=" rel="nofollow">微博 weibo.com</a>	带着愉快的表情，就会遇见愉快的事情。			2037350781	00	0	1397724391687
2320467-	0		0	Fri Feb 01 18:29:18 +0800 2013			3540961864617512	3540961864617512				3540961864617512	0		#	0	<a href=" rel="nofollow">微活动</a>	@无所不知小白 活动照片不错，推荐给大家！也邀请大家来参与和关注我们的活动： #星野TOMAMU# “无限TOMAMU――邀您尽享北海道雪趣”  这么惊艳的大礼，怎么没人参加呢。。。[思考] 地址：			2037350781	00	0	1397724391687
2320468-	0		2	Mon Aug 08 14:21:25 +0800 2011			3344122866064491	3344122866064491				3344122866064491	0		#	3	<a href=" rel="nofollow">微博 weibo.com</a>	#星野奥入濑溪流温泉酒店#---在星空下享用晚餐。抬头就能看见满天繁星的夜空，微风吹过你的发丝，轻轻呼吸田园的清晰空气，和重要的人在烛光与星光下享受大自然的恩惠。			2037350781	00	0	1397724391688
2320469-	0		0	Wed Feb 29 19:29:08 +0800 2012			3418489819991355	3418489819991355				3418489819991355	0			0	<a href=" rel="nofollow">iPhone客户端</a>	恭喜恭喜[鼓掌][鼓掌][鼓掌]祝越办越好！[good][good]			2037350781	00	3418465308119393	1397724391688
2320470-	0		1	Tue Jan 15 17:53:38 +0800 2013			3534792290830053	3534792290830053				3534792290830053	0		#	4	<a href=" rel="nofollow">三星Galaxy SIII</a>	#星野TOMAMU#的戏雪活动是成人和儿童都超喜欢的项目~晴朗的上午，怎么能错过香蕉船！[奥特曼]@在2041 @北海道旅游达人 @FindJapan北海道			2037350781	00	0	1397724391688
2320471-	0		0	Thu Jul 21 09:29:26 +0800 2011			14919264727	14919264727				3337526404364663	0			1	<a href=" rel="nofollow">微博 weibo.com</a>	回复@奇艺旅游：[鼓掌] [鼓掌] [鼓掌] 谢谢！~欢迎大家点击观看！#虹夕诺雅 京都#[心] //@奇艺旅游:奇艺旅游首页焦点图目前正在推荐虹溪诺雅哦！   //@星野集团:谢谢大家对我们酒店的稀饭与支持~感动+高兴+~~[抱抱]			2037350781	00	14684841808	1397724391689
2320472-	0		0	Tue Jul 31 14:31:53 +0800 2012			3473860357466634	3473860357466634				3473860357466634	0			0	<a href=" rel="nofollow">专业版微博</a>	我想我知道你是谁了。。。哈哈			2037350781	00	3473775209127359	1397724391689
2320473-	0		5	Mon Jul 11 16:04:32 +0800 2011			14166248950	14166248950				5628002618719757433	0		#	10	<a href=" rel="nofollow">微博 weibo.com</a>	安藤忠雄--#星野梦缘#水之教堂 。夜晚举行婚礼是不是更浪漫？贴近内心深处的婚礼誓言，一辈子的感动回忆。			2037350781	00	0	1397724391689
2320474-	0		0	Wed Jun 27 14:40:49 +0800 2012			3461541418009110	3461541418009110				3461541418009110	0		#	1	<a href=" rel="nofollow">专业版微博</a>	#虹夕诺雅#室内浴室新添泡汤伴侣喽~根据季节的不同，#虹夕诺雅 轻井泽#为客人准备了不同的泡汤伴侣。炎炎夏日，除了清爽的柠檬和薄荷外，现在又新添加了春黄菊（chamomile）~春黄菊含有珍贵的高浓度精油，具有保湿、温补和安眠的作用，同时也可以促进细胞再生，帮助皮肤新陈代谢。			2037350781	00	0	1397724391689
2320475-	0		1	Wed Jul 13 18:17:46 +0800 2011			14338945318	14338945318				5628779123037668036	0			1	<a href=" rel="nofollow">微博 weibo.com</a>	挺有意思的！[风扇]			2037350781	00	14334758106	1397724391690
2320476-	0		0	Mon Sep 10 16:46:38 +0800 2012			3488752166597914	3488752166597914				3488752166597914	0			0	<a href=" rel="nofollow">专业版微博</a>	回复@你-若-安-好:京都有很多呀 做酒店的船到渡月桥这边 整个岚山车站前面的一整条街上有超多好玩的店铺和餐厅 有一家荞麦面特别有名 而且这边历史悠久的寺庙特别多 又可以体验竹林人力车去大德寺坐禅和服体验香道华道茶道体验等等哎~~			2037350781	00	3486849437387228	1397724391690
2320477-	0		0	Thu Apr 05 10:08:37 +0800 2012			3431394722724629	3431394722724629				3431394722724629	0			0	<a href=" rel="nofollow">关联博客</a>	虹夕诺雅-京都 中文介绍 			2037350781	00	0	1397724391690
2320478-	2		5	Mon Dec 23 19:11:57 +0800 2013			3658748654313493	3658748654313493				3658748654313493	0		#	2	<a href=" rel="nofollow">360浏览器超速版</a>	今年圣诞节，#星野#RISONARE山梨八岳度假村 将在甜椒小路首次上演3D梦幻光影秀！此次光影秀的视频制作由12年冬在东京丸之内站上演「TOKYO HIKARI VISION」的村松亮太郎氏担纲！请前来山梨八岳高原与我们享受冬日雪原之上，意式小镇度假村光与影的震撼之美与圣诞欢聚的分享之乐吧！			2037350781	00	0	1397724391691
2320479-	0		1	Mon Dec 31 11:53:21 +0800 2012			3529265804852586	3529265804852586				3529265804852586	0		#	3	<a href=" rel="nofollow">专业版微博</a>	轻井泽周五下了一整夜的大雪,#星野梦缘#轻井泽高原教堂的同事们周六扫了整整2小时的雪，全身酸酸的。不过清扫之后的成就感超强！来看看大家的成果吧~噢对了！牧师馆在大雪后出现了以为新客人，一起来和他认识一下吧[圆蛋快乐]			2037350781	00	0	1397724391691
2320480-	0		0	Fri May 11 11:08:34 +0800 2012			3444455774099153	3444455774099153				3444455774099153	0			2	<a href=" rel="nofollow">微博 weibo.com</a>	回复@DAZHENGGE:您好！现在＃星野TOMAMU＃目前只有日文预订界面，提前预订是可以针对海外客人的。目前日本预订界面除了＃星野TOMAMU＃的官方网站，还有乐天和しゃらん等预定网站。但是您可以直接直接打电话到＃星野TOMAMU＃预订中心：＋81-167-57-2046，这个是有中文服务的。希望对您有帮助！感谢！			2037350781	00	3441599504142935	1397724391691
2320481-	0		2	Wed Nov 23 12:10:17 +0800 2011			3382865368996354	3382865368996354				3382865368996354	0			1	<a href=" rel="nofollow">微博 weibo.com</a>	#星野梦缘 石之教堂#！！不多说，请看博文。！			2037350781	00	3382132766759836	1397724391692
2320482-	3		18	Tue Aug 20 17:31:29 +0800 2013			3613424883972349	3613424883972349				3613424883972349	0		#	67	<a href=" rel="nofollow">专业版微博</a>	#虹夕诺雅#京都  很多小伙伴闹不懂，同样是枫树和红叶，为什么京都这么红？吼吼，那是因为京都岚山多是五角枫和鸡爪槭，这是最叶红如血的品种呀~真赤红叶之秋――给你一个说走就走的理由！@星野集团			2037350781	00	0	1397724391692
2320483-	0		6	Tue May 07 16:39:26 +0800 2013			3575361059617154	3575361059617154				3575361059617154	0		#	4	<a href=" rel="nofollow">专业版微博</a>	#星野猜猜看#今天的天气不好，发一个超萌的小可爱给大家一些正能量！[好喜欢]请猜猜看小面这只可爱的小动物叫什么？您能够在星野集团旗下哪家度假村目击到呢？不知道答案快来星野集团中文官网www.xingyejituan.com 找答案吧！			2037350781	00	0	1397724391693
2320484-	0		2	Thu Jun 06 12:35:59 +0800 2013			3586171425184253	3586171425184253				3586171425184253	0			2	<a href=" rel="nofollow">专业版微博</a>	@北海道旅游达人 @神威 @北海道旅游网 @北海道-魅力札幌			2037350781	00	3585932987357782	1397724391693
2320485-	0		1	Fri Mar 02 10:30:10 +0800 2012			3419078960359545	3419078960359545				3419078960359545	0			2	<a href=" rel="nofollow">微博 weibo.com</a>	#星野TOMAMU度假村#夏天最不容错过的，推荐给计划夏天日本游的盆友们！！~//@Ada_Leeyao: 是呀，在北海道Tomamu~~@星野集团 的水の教堂所在地耶！在云端品味人生，省悟人生，探索人生，这不正好是结婚后的现实主题么！//@sparrowTP:@Ada_Leeyao 仔细一看才发现这不是星野度假村么= =			2037350781	00	3418739863401179	1397724391693
2320486-	2		1	Wed Jul 03 23:41:16 +0800 2013			3596123333899047	3596123333899047				3596123333899047	0			2	<a href=" rel="nofollow">三星Galaxy SIII</a>	@姚笛 和@Voyage新旅行 团队前往纯美静谧的#虹夕诺雅#冲绳（竹富岛），此次海岛治愈之旅都有哪些难忘经历？奇妙、感动、启示、离岛之乐，将在本期新旅行与你一一分享@星野集团			2037350781	00	3595935621458972	1397724391693
2320487-	0		3	Thu Dec 15 18:16:33 +0800 2011			3390930088083421	3390930088083421				3390930088083421	0			0	<a href=" rel="nofollow">微博 weibo.com</a>	#星野TOMAMU度假村#中文网站也开通啦！！请点击：www.xingyejituan.com/ski.有很多实用的信息哦~！！！			2037350781	00	3387895530661619	1397724391694
2320488-	0		0	Fri Feb 24 14:54:23 +0800 2012			3416608737503390	3416608737503390				3416608737503390	0		#	0	<a href=" rel="nofollow">iPhone客户端</a>	#星野梦缘#真的有看到微博来现场的，非常感谢大家支持[爱你][爱你][爱你]废话不多说，来现场咨询，送手腕USB哟[亲亲][亲亲]			2037350781	00	0	1397724391694
2320489-	0		5	Tue Aug 21 10:10:02 +0800 2012			3481404605870907	3481404605870907				3481404605870907	0		#	3	<a href=" rel="nofollow">专业版微博</a>	上传照片讲述爸妈的浪漫故事[心]最终投票选出的三位获奖者的父母，可以在最美的秋季免费前往京都看红叶美景住@星野集团 #虹夕诺雅 京都#度假村，体验传统京都文化、享用地道怀石料理！前30个优秀作品的作者将会获得[礼物]@全日空航空_ANA 日空 限量珍藏版787飞机模型！快来点击			2037350781	00	0	1397724391695
2320490-	0		0	Thu Jul 19 10:54:04 +0800 2012			3469456887938385	3469456887938385				3469456887938385	0		#	4	<a href=" rel="nofollow">专业版微博</a>	近日好莱坞混血美女Jessica Alba携家人现身京都，下榻酒店正是#虹夕诺雅 京都#，《名利场VANITY FAIR》对Alba进行了采访，芭姐对#虹夕诺雅 京都#赞誉有加，称“朋友推荐的度假村果然很棒！虹夕诺雅如仙境般坐落在岚山上，有着令人窒息的美丽景色。”而最让芭姐欢心的客房服务则是传统日式早餐。			2037350781	00	0	1397724391695
2320491-	0		3	Mon Feb 04 20:25:02 +0800 2013			3542078161901413	3542078161901413				3542078161901413	0		#	5	<a href=" rel="nofollow">专业版微博</a>	长野县轻井泽的冬天雪比较多，很多没有看过雪的客人总是陶醉于轻井泽的雪景当中，特别是#星野梦缘#的石之教堂！雪后的石之教堂，屋顶弧形拱桥的边缘好像用白色的水彩划上一条条白色的边缘一样，是只有这个季节才能看的非常奇特而美好的一幅画面！[求关注]			2037350781	00	0	1397724391695
2320492-	7		9	Thu Sep 12 11:38:35 +0800 2013			3621671002964183	3621671002964183				3621671002964183	0			37	<a href=" rel="nofollow">三星Galaxy SIII</a>	很多人心底挚爱的轻井泽。谢谢你们，把美好分享给更多人，让美景有更动人的意义~(*?�?*)~			2037350781	00	3621648332563802	1397724391695
2320493-	0		3	Sat Oct 15 16:25:03 +0800 2011			3368796354788654	3368796354788654				3368796354788654	0			0	<a href=" rel="nofollow">微博 weibo.com</a>	转发微博。			2037350781	00	3368115232576042	1397724391696
2320494-	0		0	Tue Jan 31 09:11:41 +0800 2012			3407825185286959	3407825185286959				3407825185286959	0			0	<a href=" rel="nofollow">微博 weibo.com</a>	谢谢对虹夕诺雅 轻井泽的喜爱！！！！			2037350781	00	3406173678589032	1397724391696
2320495-	1		9	Fri Aug 16 14:45:20 +0800 2013			3611933519622321	3611933519622321				3611933519622321	0		#	2	<a href=" rel="nofollow">专业版微博</a>	#星野界#箱根 近日已经可以看到红叶啦，从这里眺望富士山也就有了浓浓的秋意。10月将是这里观赏红叶的最佳时期，我们在这里恭候您前来~@星野集团 @日本国家旅游局JNTO			2037350781	00	0	1397724391696
2320496-	0		4	Wed Jul 20 11:08:08 +0800 2011			14845073885	14845073885				3337188855156438	0		#	4	<a href=" rel="nofollow">微博 weibo.com</a>	分享图片#虹夕诺雅 轻井泽#客房。#虹夕诺雅 轻井泽#共有77套客房，融入现代元素与自然完美结合，曾在2006年获得“建筑与环境的优秀设计奖”。坐在阳台上感受大自然是很惬意的感觉~[心]			2037350781	00	0	1397724391697
2320497-	0		1	Thu Jul 12 21:33:39 +0800 2012			3467081124963321	3467081124963321				3467081124963321	0		#	4	<a href=" rel="nofollow">专业版微博</a>	为大家带来热腾腾的最新消息！#虹夕诺雅 轻井泽#的【蜻蜓之汤】今日起3天限定举行薄荷温泉~（暂时还没有图片资料，先请欣赏平日的蜻蜓之汤）度假村今后还将不定期举办限定温泉，敬请关注噢[好爱哦]			2037350781	00	0	1397724391697
2320498-	0		2	Fri Sep 28 10:49:21 +0800 2012			3495185239468233	3495185239468233				3495185239468233	0		#	1	<a href=" rel="nofollow">专业版微博</a>	#虹夕诺雅 京都#附近唯一的外币兑换处――洛乐！从酒店小船的码头左转走过渡月桥、走过竖琴茶屋、走过嵯峨野可乐饼店、外币兑换处就在美空云雀纪念馆前。租金刚刚开始的外币兑换业务，目前可以兑换5种常用外币，不过要注意的是，兑换有限额，而且仅限纸币哦~希望可以方便到前来观光的客人[放假啦]			2037350781	00	0	1397724391697
2320499-	0		1	Tue Sep 06 16:22:29 +0800 2011			3354662581549136	3354662581549136				3354662581549136	0		#	0	<a href=" rel="nofollow">微博 weibo.com</a>	浅间风露--日本本地品种。因为主要生长在长野县浅间山附近，而命名“浅间风露”。目前已被日本政府认为濒临绝灭品种。 花期：8～9月 花色：主要为深紫红色 ＊拍摄于#虹夕诺雅 轻井泽#内。			2037350781	00	0	1397724391698
2320500-	0		1	Tue Feb 21 16:02:36 +0800 2012			3415538741453331	3415538741453331				3415538741453331	0		#	2	<a href=" rel="nofollow">微博 weibo.com</a>	分享图片. 欢迎点击！谢谢陶编辑。			2037350781	00	0	1397724391698
2320501-	0		9	Wed Sep 07 09:16:58 +0800 2011			3354917885290578	3354917885290578				3354917885290578	0		#	8	<a href=" rel="nofollow">专业版微博</a>	#星野奥入濑溪流温泉酒店#--休闲室「森林的神话」登场！这里有天才艺术家�本太郎设计的大型暖炉「森林的神话」，以它为中心展开了舒适的休闲空间，窗外有森林和清新的空气，可以提供与众不同的安逸！			2037350781	00	0	1397724391698
2320502-	0		0	Sun Apr 01 21:07:50 +0800 2012			3430111078140558	3430111078140558				3430111078140558	0			0	<a href=" rel="nofollow">微博 weibo.com</a>	欢迎来到#虹夕诺雅 轻井泽#，嘿嘿。			2037350781	00	3430086307428849	1397724391699
2320503-	1		0	Thu Aug 01 16:34:39 +0800 2013			3606525211873034	3606525211873034				3606525211873034	0			1	<a href=" rel="nofollow">三星Galaxy SIII</a>	夏天的童话[浮云][浮云]			2037350781	00	3606444236175795	1397724391699
2320504-	0		0	Mon Jul 09 20:23:07 +0800 2012			3465976215107677	3465976215107677				3465976215107677	0		#	3	<a href=" rel="nofollow">专业版微博</a>	#虹夕诺雅 轻井泽#所在的日本长野县沐浴着大自然的恩赐，巨峰葡萄和苹果的产量分别位居日本第一和第二，巨峰葡萄因其大颗粒、高糖度而广受欢迎。[花心]1-6月有草莓，6月有樱桃，7-8月有桃子和蓝莓，8-9月有梨，8-10月有葡萄，9-11月有苹果，是名副其实的“水果王国”。			2037350781	00	0	1397724391699
2320505-	0		2	Thu Oct 27 10:19:24 +0800 2011			3373052989643122	3373052989643122				3373052989643122	0		#	6	<a href=" rel="nofollow">微博 weibo.com</a>	#虹夕诺雅 轻井泽#现在的正是红叶的季节，非常漂亮！在度假村随处都是秋天的气息。在村落收集红叶，制作纸等各种活动。			2037350781	00	0	1397724391699
2320506-	0		0	Thu Nov 10 10:06:58 +0800 2011			3378123293304780	3378123293304780				3378123293304780	0		#	7	<a href=" rel="nofollow">微博 weibo.com</a>	#星野梦缘 石之教堂#一场最接近“自然”的婚礼。@爱结网  编辑。			2037350781	00	0	1397724391700
2320507-	0		1	Wed Aug 03 10:02:19 +0800 2011			15903138720	15903138720				3342245722269530	0		#	0	<a href=" rel="nofollow">微博 weibo.com</a>	姥百合--这些日子总是介绍百合花，今天也是，因为现在在轻井泽是百合花盛开的季节。名字的由来非常有趣，据说是因为花开的时候叶子就会枯掉，好像女儿长大的时候就是妈妈掉牙的时候。拍摄于#虹夕诺雅 轻井泽#内。			2037350781	00	0	1397724391700
2320508-	0		1	Fri Dec 16 13:50:24 +0800 2011			3391225480865145	3391225480865145				3391225480865145	0			0	<a href=" rel="nofollow">微博 weibo.com</a>	[哈哈][哈哈][哈哈]感谢推荐！！！[跳舞花][跳舞花]			2037350781	00	3391216593221941	1397724391700
2320509-	0		0	Mon Jun 17 10:33:21 +0800 2013			3590126837859308	3590126837859308				3590126837859308	0			3	<a href=" rel="nofollow">360浏览器超速版</a>	青森青森~			2037350781	00	3589920448616089	1397724391701
2320510-	0		2	Tue May 29 10:45:58 +0800 2012			3450973067993508	3450973067993508				3450973067993508	0			2	<a href=" rel="nofollow">专业版微博</a>	对的呢！这个教堂就是梁静茹「崇拜」MV的拍摄场地。//@爱猫的皓子: @遥未知 @甜甜圈咸咸圈 这也在北海道的星野TOMAMU度假村内诺，我觉得看着很像梁静茹那首「崇拜」MV的场景。			2037350781	00	3450963664507882	1397724391701
2320511-	0		1	Mon Oct 31 10:58:11 +0800 2011			3374512301231706	3374512301231706				3374512301231706	0		#	0	<a href=" rel="nofollow">微博 weibo.com</a>	#虹夕诺雅 京都#小道，现在是绿树成荫，非常的美！#轻井泽#现在正是红叶的时候，而京都可能还要过些时候，那个时候肯定更美吧！			2037350781	00	0	1397724391701
2320512-	0		4	Wed May 08 12:55:46 +0800 2013			3575667159863567	3575667159863567				3575667159863567	0			9	<a href=" rel="nofollow">专业版微博</a>	很多童鞋问云海的地址，这里统一回复一下。云海在北海道中部的星野TOMAMU度假村，从新千岁机场和札幌去可以坐火车或巴士约1-2小时。上顶气温约10度请各位要穿厚的衣服上去看，以免着凉。另外，云海属于自然现象不能保证100%能看到。一般来说7-8月的出现概率最高约50%左右。官网：			2037350781	00	3574531123427340	1397724391702
2320513-	0		0	Mon Dec 10 11:47:51 +0800 2012			3521654283800242	3521654283800242				3521654283800242	0			2	<a href=" rel="nofollow">360安全浏览器</a>	非常实用的预订小贴士噢~请大家造早作准备~			2037350781	00	3521333499350090	1397724391702
2320514-	0		1	Fri Nov 02 19:21:45 +0800 2012			3507997760108470	3507997760108470				3507997760108470	0		#	0	<a href=" rel="nofollow">专业版微博</a>	#红叶报告#美好的周末，为大家带来让人心醉的#星野梦缘#Hotel Bleston Court的红叶近况。从中庭望向轻井泽高原教堂，不经意间树木用缤纷的色彩装点出秋的韵味，还有哪些飘落的红叶，让整个秋天更加美好起来~[带感]			2037350781	00	0	1397724391702
2320515-	0		0	Tue Jul 03 18:38:06 +0800 2012			3463775455347658	3463775455347658				3463775455347658	0		#	2	<a href=" rel="nofollow">专业版微博</a>	又要发一些冲绳的资讯来诱惑大家了[拍手]海红花，学名刺桐，是冲绳县的县花。来看看#虹夕诺雅 冲绳#所在的竹福岛上，海红花盛放的美景吧~			2037350781	00	0	1397724391702
2320516-	0		5	Mon Jun 27 09:17:07 +0800 2011			13087343866	13087343866				5622702435802864548	0		#	3	<a href=" rel="nofollow">微博 weibo.com</a>	#虹夕诺雅 京都#偶尔静下心来或许能找到真实的自己。			2037350781	00	0	1397724391703
2320517-	1		1	Wed Jul 31 13:18:55 +0800 2013			3606113566070757	3606113566070757				3606113566070757	0			2	<a href=" rel="nofollow">专业版微博</a>	这个完全不用担心~因为虹夕诺雅 冲绳全部48间客房都是独户独院落的VILLA型客室，算上院子每间客房面积约250~300�，和周围“邻居”之间有非常宽敞的空间隔离哦[偷笑] //@朝阳之心:漂亮，但木结构太多的话不知隔音效果怎么样。			2037350781	00	3573952167199962	1397724391703
2320518-	0		0	Thu Jan 10 23:37:46 +0800 2013			3533066960405766	3533066960405766				3533066960405766	0			2	<a href=" rel="nofollow">三星Galaxy SIII</a>	#星野TOMAMU#不知喜欢yokkuyokku,还超怀念雪场餐厅的猪排咖喱饭！[馋嘴]无比赞啊！			2037350781	00	3533037738453385	1397724391703
2320519-	0		2	Sat Oct 01 12:45:10 +0800 2011			3363667589169988	3363667589169988				3363667589169988	0		#	2	<a href=" rel="nofollow">微博 weibo.com</a>	一对香港的新人在#轻井泽#拍的婚纱照。有没有像老电影的一个片段？			2037350781	00	0	1397724391704
2320520-	1		6	Thu Jul 25 20:53:05 +0800 2013			3604053546588144	3604053546588144				3604053546588144	0		#	14	<a href=" rel="nofollow">专业版微博</a>	夏季的#星野TOMAMU#度假村，除了欣赏云海，你还可以玩什么？			2037350781	00	0	1397724391704
2320521-	2		20	Sat May 25 23:05:08 +0800 2013			3581981105675247	3581981105675247				3581981105675247	0		#	60	<a href=" rel="nofollow">专业版微博</a>	#星野#TOMAMU度假村2013年夏季备受期待的云海展望台，终于在今天开始正式开放营业啦！全新开放了2处新的云海展望台、丰富的云海主题活动和齐备的配套设施为您提供更多欣赏云海奇景的机会平台。关于云海展望台的详细信息，请查看官网介绍			2037350781	00	0	1397724391704
2320522-	0		4	Mon Jul 16 11:27:32 +0800 2012			3468378146118105	3468378146118105				3468378146118105	0			1	<a href=" rel="nofollow">专业版微博</a>	[good]//@北海道旅游达人: 去蜻蜓之汤泡过，软件硬件都很不错的温泉。和其他温泉最大的区别是，很温泉都是循环式的，这里温泉是流放式的，让你随时都能泡在新鲜的温泉里。这在温泉总量日益减少的今天的是一种奢侈的享受。据很多温泉专家说蜻蜓之汤的设施和服务在日本的温泉里可以排到前5名之内。			2037350781	00	3467081124963321	1397724391705
2320523-	0		3	Fri Aug 12 15:37:01 +0800 2011			3345591442757447	3345591442757447				3345591442757447	0		#	4	<a href=" rel="nofollow">微博 weibo.com</a>	#星野梦缘#海之教堂，纯净透明的爱情			2037350781	00	0	1397724391705
2320524-	0		1	Mon Dec 05 11:17:52 +0800 2011			3387200835831233	3387200835831233				3387200835831233	0			0	<a href=" rel="nofollow">微博 weibo.com</a>	#虹夕诺雅 轻井泽#露天温泉：蜻蜓之汤。[good]			2037350781	00	3383524203795397	1397724391705
2320525-	0		6	Wed Dec 07 10:34:20 +0800 2011			3387914652077670	3387914652077670				3387914652077670	0		#	2	<a href=" rel="nofollow">微博 weibo.com</a>	分享图片。#虹夕诺雅 轻井泽#新浪采访视频上线啦，[跳舞花][跳舞花].欢迎点击！ 谢谢@小白V @REALCHI			2037350781	00	0	1397724391706
2320526-	0		0	Thu May 16 12:30:13 +0800 2013			3578559832935323	3578559832935323				3578559832935323	0		#	0	<a href=" rel="nofollow">专业版微博</a>	5月12日的母亲节已经是好多国家共同的节日了~大家都送给妈妈什么样的祝福了呢？来看看#星野Hotel Bleston Court度假村#在母亲节的特别布置吧：酒店大堂内摆放了纯白的马蹄莲和粉紫色的康乃馨，祝妈妈们每一天都健康美丽，开心幸福！			2037350781	00	0	1397724391706
2320527-	0		0	Mon Mar 05 10:49:54 +0800 2012			3420171087953394	3420171087953394				3420171087953394	0			0	<a href=" rel="nofollow">关联博客</a>	《奢华旅行家》2011年12月刊登载 虹夕诺雅-轻井泽 介绍 			2037350781	00	0	1397724391706
2320528-	0		1	Fri Apr 26 21:30:34 +0800 2013			3571448063060278	3571448063060278				3571448063060278	0		#	2	<a href=" rel="nofollow">专业版微博</a>	#今日京都#4月26日，雨。温暖的春雨滋润着青葱绿叶顺着叶尖滴下，新绿的枫叶也会快快成长起来。这样闪闪发光的日子里，虹夕诺雅 京都的客人一定要到庭院中来散散步。5月1日起，度假村的园艺师将在浓浓春意的庭院中和大家分享“京都园艺师的春之庭美学”，一起来感受春天的魅力吧			2037350781	00	0	1397724391706
2320529-	0		0	Mon Mar 04 19:46:18 +0800 2013			3552215270603631	3552215270603631				3552215270603631	0			1	<a href=" rel="nofollow">微活动</a>	#星野TOMAMU#恭喜@angelgreat @带着喵喵走世界 @Ada_Leeyao 获得度假村提供的雪票夹，恭喜@想去旅游呀 @无所不知的小白 获得大魔神手机挂坠，恭喜@一个被遗忘的女人S @星座小王子 获得度假村明信片一套！请大家私信我告知邮寄地址，谢谢大家的参与！ 地址：			2037350781	00	0	1397724391707
2320530-	0		0	Thu Jun 21 16:37:13 +0800 2012			3459396384256889	3459396384256889				3459396384256889	0		#	0	<a href=" rel="nofollow">专业版微博</a>	位于日本长野县轻井泽地区的#虹夕诺雅 轻井泽#在穿流野鸟森林与星野丘陵之间山谷的汤川沿岸。经过90年的管理经营，收到客户的很高评价。前身的星野温泉旅馆所具有的魅力之一就是这里的环境，很多客人说这里是与世隔绝的世外桃源。图片为台风过后的野鸟森林。			2037350781	00	0	1397724391707
2320531-	0		0	Wed Feb 08 11:17:14 +0800 2012			3410755887628035	3410755887628035				3410755887628035	0			0	<a href=" rel="nofollow">微博 weibo.com</a>	回复@SharonShen1113:哈哈,你们喜欢就好哟!![心][心]在国内的婚宴上播放是很不错的选择呢!www.xingyejituan.com/wedding //@SharonShen1113:今天收到了年初仪式的照片和video,最好的元宵节礼物，很喜欢！@星野集团 爸妈被我成功催泪[偷笑] 谢谢好友一同分享  @Tim河 @负离子lll @清洁的键盘			2037350781	00	3392360497497409	1397724391707
2320532-	0		3	Thu Aug 18 11:16:37 +0800 2011			3347700238087643	3347700238087643				3347700238087643	0			2	<a href=" rel="nofollow">微博 weibo.com</a>	清晰！			2037350781	00	15548353194	1397724391708
2320533-	0		0	Tue Sep 20 09:19:38 +0800 2011			3359629598240553	3359629598240553				3359629598240553	0		#	0	<a href=" rel="nofollow">微博 weibo.com</a>	制作日本点心活动-日本虽然没有中秋节，不过在秋天同样有赏月活动。 在#虹夕诺雅 轻井泽#，可以举办制作点心活动，内容是制作月兔与圆月，亲手制作一两个，与茶共享。这也是不一样的乐趣。			2037350781	00	0	1397724391708
2320534-	1		1	Wed Dec 12 14:50:30 +0800 2012			3522425016626518	3522425016626518				3522425016626518	0		#	2	<a href=" rel="nofollow">专业版微博</a>	位于竹富岛的#虹夕诺雅# 冲绳度假村，开始为入住客人提供免费的客房酒饮“岛祝”。这是来自八重山列岛的祝福，请每一位前来到此领略琉球文化渊源的客人带走我们最美好热情的祝福！不过，未成年的小朋友们只能心领啦~			2037350781	00	0	1397724391708
2320535-	0		4	Mon Jul 16 16:41:07 +0800 2012			3468457062153589	3468457062153589				3468457062153589	0			2	<a href=" rel="nofollow">微博 weibo.com</a>	看到这个评价很惊讶也很开心~也希望国内酒店业更多出现新形式酒店的代表~加油！//@赵焕焱: 回复@华美酒店顾问公司: 过去10年中，日本酒店业出现了明显的转变，出现了一个全新的酒店形态，既不是复制西方酒店、也不是过去的传统类型。虹夕诺雅度假村正是这类将传统日本酒店概念结合现代表现形式的代表。			2037350781	00	3468374372227570	1397724391709
2320536-	0		0	Mon Nov 28 18:54:19 +0800 2011			3384778986666519	3384778986666519				3384778986666519	0			0	<a href=" rel="nofollow">微博 weibo.com</a>	支持！！“梦想?家”//@肖叔: 干净简洁的表述，够爷们，够爽快！			2037350781	00	3384777442547650	1397724391709
2320537-	0		3	Mon Nov 26 19:36:32 +0800 2012			3516698793120165	3516698793120165				3516698793120165	0		#	0	<a href=" rel="nofollow">专业版微博</a>	不知道有多少人喜欢云海为了云海前往北海道，因为天气的原因，在星野TOMAMU度假村的#云海展望台#没能看到云海[泪]就像@爱猫的耗子 一样。所以我把这条消息送给@爱猫的耗子 和所有喜爱云海喜爱星野TOMAMU的盆友们~			2037350781	00	0	1397724391709
2320538-	0		3	Thu Oct 13 13:15:01 +0800 2011			3368023754812402	3368023754812402				3368023754812402	0		#	3	<a href=" rel="nofollow">微博 weibo.com</a>	#虹夕诺雅 轻井泽#秋季梯田！融入在自日本片片红叶林中，真是仿佛画一样美丽！			2037350781	00	0	1397724391709
2320539-	0		0	Wed Mar 21 14:01:35 +0800 2012			3426017543016924	3426017543016924				3426017543016924	0			0	<a href=" rel="nofollow">微博 weibo.com</a>	[good][good][good]			2037350781	00	3425379044120491	1397724391710
2320540-	0		19	Sun Jul 03 09:57:16 +0800 2011			13514096292	13514096292				5624939293257199327	0		#	13	<a href=" rel="nofollow">微博 weibo.com</a>	TOMAMU 7月3日的云海			2037350781	00	0	1397724391710
2320541-	0		0	Fri Feb 24 12:56:38 +0800 2012			3416579104727184	3416579104727184				3416579104727184	0			0	<a href=" rel="nofollow">iPhone客户端</a>	回复@Tim河:嗯嗯！去年秋天拍的，秋天红叶很美，教堂很美。[亲亲][亲亲] //@Tim河:现在婚礼摄影有拍3D的了？			2037350781	00	3416573354478697	1397724391710
2320542-	0		0	Sat Mar 31 09:50:49 +0800 2012			3429578305179572	3429578305179572				3429578305179572	0			0	<a href=" rel="nofollow">微博 weibo.com</a>	在#虹夕诺雅 京都#体验闻香，知道的童鞋可以参与哟			2037350781	00	3429424655598945	1397724391711
2320543-	1		9	Fri Aug 16 14:45:20 +0800 2013			3611933519622321	3611933519622321				3611933519622321	0		#	2	<a href=" rel="nofollow">专业版微博</a>	#星野界#箱根 近日已经可以看到红叶啦，从这里眺望富士山也就有了浓浓的秋意。10月将是这里观赏红叶的最佳时期，我们在这里恭候您前来~@星野集团 @日本国家旅游局JNTO			2037350781	00	0	1397724391711
2320544-	0		0	Thu Jul 21 09:50:39 +0800 2011			14920847267	14920847267				3337531743878887	0			3	<a href=" rel="nofollow">微博 weibo.com</a>	很精彩[鼓掌] ，#虹夕诺雅 京都#~。谢谢@背包客小鹏 [抱抱]			2037350781	00	14686283132	1397724391711
2320545-	1		2	Wed May 08 18:15:39 +0800 2013			3575747669235626	3575747669235626				3575747669235626	0		#	4	<a href=" rel="nofollow">专业版微博</a>	#今日京都#5月5日，立夏，整个虹夕诺雅 京都都浸在萌黄色的新绿中。从立夏开始，叶子的青葱色会从中心开始向外逐渐变深至深绿色。可以说秋季岚山赏红叶的最佳景点即是春末夏初赏新绿的最佳景点~这样美好的季节，在度假村庭院中散散步，心情会像新生的绿叶一样闪闪发光的愉悦！			2037350781	00	0	1397724391711
2320546-	0		0	Mon Aug 01 14:43:38 +0800 2011			15803411281	15803411281				3341591741800359	0		#	1	<a href=" rel="nofollow">微博 weibo.com</a>	#星野奥入濑溪流温泉酒店#登场~[话筒] 国立公园之中唯一的一座，沿着奥入濑溪流而建，且能够眺望日本代表景观的森林度假村。酒店内有大空间开放休息室和100%源泉的温泉浴场。从这里到十和田湖近14公里的溪流沿道会让您体验到奥入濑溪流独一无二的魅力。URL：			2037350781	00	0	1397724391712
2320547-	0		3	Mon Apr 09 17:36:05 +0800 2012			3432956884395408	3432956884395408				3432956884395408	0		#	11	<a href=" rel="nofollow">微博 weibo.com</a>	京都の味 -@达人J #虹夕诺雅 京都#樱花之旅。木船悠悠，10分钟把我从岚山渡月桥送到这里，隐匿在群山与河流之中的世外桃源。早就听说岚山虹夕诺雅（星のゃ）的大名，今天自己也住了进来，超难想象拉开日式柚木大窗，呈现在眼前的。。			2037350781	00	0	1397724391712
2320548-	0		2	Fri Oct 14 13:48:06 +0800 2011			3368394468380223	3368394468380223				3368394468380223	0			2	<a href=" rel="nofollow">微博 weibo.com</a>	#虹夕诺雅 轻井泽#《旅游情报》9月刊！			2037350781	00	3362987226924928	1397724391712
2320549-	0		11	Fri Jun 29 18:21:54 +0800 2012			3462321831280392	3462321831280392				3462321831280392	0		#	4	<a href=" rel="nofollow">专业版微博</a>	很多客人前来北海道#星野TOMAMU#观看云海，但非常遗憾的是，没有云海时候的客人往往比发生云海时的客人要多... 图片是昨天下午云海Terrace的景致（气温15-25℃），和预想的一样，云海快要消失了，天气也变晴朗起来。希望所有前来观赏云海的亲爱好运[浮云][浮云]			2037350781	00	0	1397724391712
2320550-	0		0	Thu Jan 10 21:07:31 +0800 2013			3533029144505629	3533029144505629				3533029144505629	0			0	<a href=" rel="nofollow">三星Galaxy SIII</a>	感谢大家来#星野TOMAMU#度假村^~^教练好给力！[鼓掌]			2037350781	00	3532900174098088	1397724391713
2320551-	0		2	Fri Jul 20 23:11:44 +0800 2012			3470004916019493	3470004916019493				3470004916019493	0			1	<a href=" rel="nofollow">专业版微博</a>	[转发]//@北海道旅游达人: 不用客气，非常棒[鼓掌][鼓掌][鼓掌@星野集团 ]@日本旅游 @日本国家旅游局-上海			2037350781	00	3469912561896597	1397724391713
2320552-	0		3	Wed Apr 03 12:02:35 +0800 2013			3562970199843598	3562970199843598				3562970199843598	0			3	<a href=" rel="nofollow">专业版微博</a>	美景配神器！一起来星野TOMAMU度假村嗨翻天~			2037350781	00	3562599180791714	1397724391713
2320553-	0		3	Mon Jul 08 16:27:51 +0800 2013			3597826191871701	3597826191871701				3597826191871701	0			0	<a href=" rel="nofollow">专业版微博</a>	北京-那霸复飞~对于前来#虹夕诺雅#冲绳的客人来说实在是太太太大的喜讯了！！！都复飞了，大家还等什么？！10月份是冲绳离岛最棒的季节，借着复飞的直航请来#虹夕诺雅#体验岛民的辛福生活~			2037350781	00	3596267651529578	1397724391714
2320554-	0		1	Fri May 25 09:43:12 +0800 2012			3449507720777977	3449507720777977				3449507720777977	0		#	1	<a href=" rel="nofollow">专业版微博</a>	#轻井泽#蜻蜓温泉体操活动开始啦~~轻井泽属于高原地带，进入春夏季后到处都是新绿的树木，清晨的空气也变得格外的好。在星野蜻蜓温泉前正在举行有助温泉效果的体操，只用30分钟就能最大的享受到温泉的最佳效果。是每个人都能参加的活动哟！！4月28日～11月4日の每周三，周日10:30～、8月の每天9：30～			2037350781	00	0	1397724391714
2320555-	0		0	Sat Sep 10 17:37:28 +0800 2011			3356131003531191	3356131003531191				3356131003531191	0			0	<a href=" rel="nofollow">微博 weibo.com</a>	转发微博。			2037350781	00	3356110811842238	1397724391714
2320556-	1		1	Fri Aug 23 19:37:17 +0800 2013			3614543714894131	3614543714894131				3614543714894131	0			6	<a href=" rel="nofollow">360浏览器超速版</a>	#秋日花草茶有奖转发#距离东京两小时车程的轻井泽被称为东京富人们的后花园。夏日避暑，秋日赏枫，标高千米的高原配上露天美肌温泉，留下秋日清爽好梦。虹夕诺雅轻井泽度假酒店 并转发，截止8月30日。			2037350781	00	3613449692859021	1397724391714
2320557-	0		5	Thu Jan 26 20:05:44 +0800 2012			3406177847303944	3406177847303944				3406177847303944	0			0	<a href=" rel="nofollow">微博 weibo.com</a>	www.xingyejituan.com/ski.新年快乐！			2037350781	00	3405670613308289	1397724391715
2320558-	1		14	Wed May 08 17:14:08 +0800 2013			3575732192374103	3575732192374103				3575732192374103	0			4	<a href=" rel="nofollow">专业版微博</a>	#虹夕诺雅#冲绳刚刚获选为美国版Conde Nast Traveller2012年度最佳新开酒店Hot List，并被称为“最适合慢游的酒店、全球最浪漫新开业酒店、不可思议的酒店泳池”！[鼓掌]			2037350781	00	3574581174850592	1397724391715
2320559-	0		0	Mon Mar 26 16:20:21 +0800 2012			3427864404202245	3427864404202245				3427864404202245	0			3	<a href=" rel="nofollow">媒体版微博</a>	陈导&丫丫在我们#轻井泽 石之教堂#[心] 无限期待！[good] [good]  //@风尚志:日本行进ing~//@王月心: 去过很多著名的教堂，每一次都留下无声的震撼。石头教堂里的柔软美人，轻轻地，心灵的栖息。 //@阳光里的丫丫:丫丫好美			2037350781	00	3427833558894080	1397724391715
2320560-	0		2	Thu Aug 08 21:35:44 +0800 2013			3609137709696065	3609137709696065				3609137709696065	0			4	<a href=" rel="nofollow">专业版微博</a>	[好喜欢][好喜欢][好喜欢]霜淇淋~~~白桃和北海道超浓牛奶口味的icecream有多好吃我才不会随便告诉你！好想尝尝看，并且嚎后悔在轻井泽的西柚味霜淇淋怎么就只买了小杯！！！[喝多了]			2037350781	00	3609131489910596	1397724391716
2320561-	0		0	Thu Jul 14 14:00:17 +0800 2011			14402887504	14402887504				5629083855258326610	0		#	0	<a href=" rel="nofollow">微博 weibo.com</a>	矮桃--因为看起来像虎尾，且生长在高原地带的山坡林园，所以在日本叫做“虎尾丘”。英文叫做“Gooseneck”。目前还属于天然植物，未被人工栽培。＊拍摄于#虹夕诺雅 轻井泽#内。			2037350781	00	0	1397724391716
2320562-	0		1	Thu Dec 15 18:19:34 +0800 2011			3390930830995740	3390930830995740				3390930830995740	0			1	<a href=" rel="nofollow">微博 weibo.com</a>	在这天地之间。。。！真是享受啊！！这位童鞋真幸福[哈哈]//@南山滑雪: 南山的雪虽然没有纯野雪那么销魂，但是这样的事情在雪季中后期南山也可以实现哦~			2037350781	00	3390899314916373	1397724391716
2320563-	0		1	Tue Apr 03 16:12:34 +0800 2012			3430761543972673	3430761543972673				3430761543972673	0			0	<a href=" rel="nofollow">iPhone客户端</a>	这个很不错的感觉。樱花樱花！			2037350781	00	3430406697604452	1397724391717
2320564-	0		7	Tue May 29 10:25:14 +0800 2012			3450967854751826	3450967854751826				3450967854751826	0			1	<a href=" rel="nofollow">专业版微博</a>	回复@hosinoya:在北海道的星野TOMAMU度假村内呢！ //@hosinoya:这家在哪？			2037350781	00	3450963664507882	1397724391717
2320565-	0		2	Sat Jul 16 17:12:03 +0800 2011			14570026722	14570026722				3335830886225021	0		#	3	<a href=" rel="nofollow">微博 weibo.com</a>	分享图片 ，为难自己，何必呢~			2037350781	00	0	1397724391717
2320566-	2		14	Mon Aug 05 17:51:36 +0800 2013			3607994128615391	3607994128615391				3607994128615391	0		#	91	<a href=" rel="nofollow">专业版微博</a>	#虹夕诺雅#京都米其林星餐厅夏季料理，味觉、视觉、嗅觉、触觉、精神，五感结合的享受！@米其林指南 @面包旅行 @蚂蜂窝旅游攻略 @日本旅游美食大收集			2037350781	00	0	1397724391717
2320567-	0		7	Fri Jul 22 11:05:30 +0800 2011			15014805267	15014805267				3337912968156479	0		#	5	<a href=" rel="nofollow">微博 weibo.com</a>	日本北海道＃星野ＴＯＭＡＭＵ度假村＃，今天早晨的云海～还是一如既往的壮观！够真实吧～早晨乘坐缆车上去，看日出，喝咖啡，再顺便给自己寄封明信片～			2037350781	00	0	1397724391718
2320568-	1		1	Thu Feb 07 15:43:16 +0800 2013			3543094403995322	3543094403995322				3543094403995322	0			5	<a href=" rel="nofollow">360安全浏览器</a>	龙猫雪雕！噢~~~			2037350781	00	3537689385283592	1397724391718
2320569-	0		6	Wed Jul 20 17:43:22 +0800 2011			14875709339	14875709339				3337288319016072	0			4	<a href=" rel="nofollow">微博 weibo.com</a>	谢谢大家对我们酒店的稀饭与支持~感动+高兴+~~[抱抱] //@长腿叔叔:星野虹夕诺雅酒店的视频，故地重游吧 @realchi @gaowen @背包客小鹏 @Mr于川 //@星野集团：终于找到你了！7月13日@BTV四海漫游 。#虹夕诺雅 京都#部分~			2037350781	00	14684841808	1397724391718
2320570-	0		2	Tue Dec 04 02:58:12 +0800 2012			3519346662182545	3519346662182545				3519346662182545	0			2	<a href=" rel="nofollow">微博 weibo.com</a>	这个角度的岚山感觉好美啊~~@星野集团			2037350781	00	3518770952154996	1397724391719
2320571-	0		2	Fri Sep 07 20:04:16 +0800 2012			3487714743354357	3487714743354357				3487714743354357	0		#	2	<a href=" rel="nofollow">专业版微博</a>	作为#星野界 热海#非常特色的活动项目,艺妓表演一定是大家非常期待的吧[好喜欢]光是那精致华美的和服、一低头的娇羞和沉静淡雅的含笑，就让人无比神往[推荐]			2037350781	00	0	1397724391719
2320572-	0		0	Wed Jun 20 11:34:43 +0800 2012			3458957873657118	3458957873657118				3458957873657118	0			1	<a href=" rel="nofollow">专业版微博</a>	可能是拍电视剧吧，爱情雨。//@北海道旅游达人: 呵呵，心跳过快，脑子一片空百//@燕子_JJ: 为什么不帮我要张签名啊?//@北海道旅游达人: 是今年2月份来的。//@__朵__: 最近吗？怎么又跑日本去了？ //@陶陶Cri:查北海道旅游的情报，突然看到这条。这不是逼我去占冠村嘛[抓狂][抓狂]			2037350781	00	3421660017506810	1397724391719
2320573-	0		0	Thu Jan 31 16:07:42 +0800 2013			3540563838094785	3540563838094785				3540563838094785	0		#	0	<a href=" rel="nofollow">专业版微博</a>	在日本，情人节对女孩来说很重要。因为那是女孩对她喜欢的男孩表白的节日！而且一定要送给她心中那位白马王子一个巧克力。所以在情人节期间去日本的百货店，你能品尝到许多甜点师的手艺。今年#星野梦缘#轻井泽Hotel Bleston Court的甜点师为浪漫的情人节特地准备了“巧克力节”活动，一起来看看吧~			2037350781	00	0	1397724391719
2320574-	0		0	Wed May 08 13:18:23 +0800 2013			3575672855638158	3575672855638158				3575672855638158	0			0	<a href=" rel="nofollow">专业版微博</a>	对哦~最有爱的是，如果飞鼠妈妈又特殊情况，比如怀孕啦生宝宝啦~PICCHIO的工作人员会很认真的和准备参加活动的客人告知原因并取消当天的目击活动~感觉那样才是人类和自然平等相处的样子！轻井泽就是治愈系的大乐园~			2037350781	00	3575361059617154	1397724391720
2320575-	0		0	Thu May 16 12:30:13 +0800 2013			3578559832935323	3578559832935323				3578559832935323	0		#	0	<a href=" rel="nofollow">专业版微博</a>	5月12日的母亲节已经是好多国家共同的节日了~大家都送给妈妈什么样的祝福了呢？来看看#星野Hotel Bleston Court度假村#在母亲节的特别布置吧：酒店大堂内摆放了纯白的马蹄莲和粉紫色的康乃馨，祝妈妈们每一天都健康美丽，开心幸福！			2037350781	00	0	1397724391720
2320576-	0		0	Fri Oct 28 14:22:06 +0800 2011			3373476455230268	3373476455230268				3373476455230268	0			0	<a href=" rel="nofollow">微博 weibo.com</a>	这是我们日本婚礼负责人他们细心准备的，希望他们喜欢！//@瓷-娃-娃-以琳：//@董璇粉丝团:[鼓掌]真有爱！			2037350781	00	3373412467396797	1397724391720
2320577-	0		2	Fri Jan 25 11:20:48 +0800 2013			3538317309648827	3538317309648827				3538317309648827	0			1	<a href=" rel="nofollow">专业版微博</a>	好怀念~~周末去滑雪！以后每年冬天都要去北海道好不好~@星野集团			2037350781	00	3537669244280764	1397724391720
2320578-	0		0	Fri Apr 06 18:35:12 +0800 2012			3431884596500537	3431884596500537				3431884596500537	0			0	<a href=" rel="nofollow">关联博客</a>	星野RISONARE 小滨岛 度假酒店开业 			2037350781	00	0	1397724391721
2320579-	6		38	Tue Jan 07 19:04:48 +0800 2014			3664182668551112	3664182668551112				3664182668551112	0		#	32	<a href=" rel="nofollow">360浏览器超速版</a>	北海道NO.1家庭滑雪度假村――#星野TOMAMU# 新版中文官网上线 今冬总数达到25条雪道、全新登场的高速缆车座椅、延长的雪道长度都将让您的北海道滑雪之旅更家丰富好玩！			2037350781	00	0	1397724391721
2320580-	0		1	Wed Apr 10 12:10:01 +0800 2013			3565508785426626	3565508785426626				3565508785426626	0			1	<a href=" rel="nofollow">专业版微博</a>	午饭时候看到你的早餐，羡慕的内牛满面啊[花心] 快快让我们欣赏到更多#虹夕诺雅# 冲绳和竹富岛集落的美图吧~~@日本旅游 @日本国家旅游局JNTO @日本潮流最前线 @交通公社新纪元国旅-悠逸旅游网			2037350781	00	3565432541867764	1397724391721
2320581-	0		8	Tue Jan 15 18:29:13 +0800 2013			3534801250674642	3534801250674642				3534801250674642	0		#	1	<a href=" rel="nofollow">三星Galaxy SIII</a>	从#星野TOMAMU#度假村坐巴士前往札幌新千岁机场，一路上都是让人感动的静谧雪原			2037350781	00	0	1397724391722
2320582-	0		0	Mon Jul 22 17:11:08 +0800 2013			3602910514517701	3602910514517701				3602910514517701	0			0	<a href=" rel="nofollow">360浏览器超速版</a>	这样梦幻的云海大概有1/3的概率才可以看到，真的是超幸运哦！			2037350781	00	3602726347271735	1397724391722
2320583-	0		0	Fri Jul 15 13:36:45 +0800 2011			14484394566	14484394566				3335414316790647	0			0	<a href=" rel="nofollow">微博 weibo.com</a>	真漂亮！~~			2037350781	00	14477086298	1397724391722
2320584-	0		1	Thu Nov 03 16:28:33 +0800 2011			3375682606416914	3375682606416914				3375682606416914	0			1	<a href=" rel="nofollow">微博 weibo.com</a>	对对对！轻井泽的美在小镇的每一处，随处都是一幅美丽的油彩画。//@陈冠丹: 短短一天的马观花，乱拍一通，镜头根本无法完全表达它最美的一面~~必须再去啊[可怜] @黄小健_JANE @玩家惠肥蟹 @玩家传播俞佶 @吕岩哲 @星野集团			2037350781	00	3375626889266579	1397724391723
2320585-	0		3	Fri Apr 19 15:05:45 +0800 2013			3568814505855305	3568814505855305				3568814505855305	0		#	6	<a href=" rel="nofollow">专业版微博</a>	#今日京都#京都八重樱的全盛期，从虹夕诺雅 京都度假村的餐厅看向窗外，是繁花与新绿让眼睛惊喜的对比度！正值谷雨节气，明天会有少量的温暖春雨降下。珍贵的春雨是大自然的恩惠，每一场春雨会让枫树的绿意更浓一层，待到秋季就会化成更炽热的红！感谢你，请让我快些成长！			2037350781	00	0	1397724391723
2320586-	0		0	Fri Jun 14 12:41:40 +0800 2013			3589071966581129	3589071966581129				3589071966581129	0		#	3	<a href=" rel="nofollow">专业版微博</a>	#今日京都#今天又是#虹夕诺雅#京都炎夏的一天，绿油油的叶子有着蓬勃的生命力。感谢古人充满智慧的恩赐，让我们可以在夏日得享清凉！房子的结构设计通风并可以让房间凉下来，剔透冰柱、空中的风铃，让您的五感都在体验着虹夕诺雅的美妙。喜欢夏天，幸福可以如此简单！			2037350781	00	0	1397724391723
2320587-	0		0	Thu Apr 11 16:21:14 +0800 2013			3565934394292703	3565934394292703				3565934394292703	0			1	<a href=" rel="nofollow">360浏览器超速版</a>	#虹夕诺雅#竹富岛的健康早餐 @星野集团			2037350781	00	3565811371010396	1397724391723
2320588-	0		3	Tue Aug 09 10:40:32 +0800 2011			3344429667053731	3344429667053731				3344429667053731	0		#	1	<a href=" rel="nofollow">微博 weibo.com</a>	#星野奥入濑溪流温泉酒店#-自助早餐餐厅「红山」。提供各种酒店自制的果酱（N种口味），配上面包，真的是不错的选择~			2037350781	00	0	1397724391724
2320589-	0		0	Wed Jun 13 14:01:57 +0800 2012			3456458206853542	3456458206853542				3456458206853542	0		#	0	<a href=" rel="nofollow">专业版微博</a>	在上海浦东展览馆举办的博古斯世界烹饪大赛亚洲区的比赛今天进入到第二个比赛日，今天有中国，越南，印尼和日本4只队伍参赛，目前各国选手正在紧张的准备各个的精美料理，3点开始有评委点评。图为星野Bleston Court Yukawatan总厨师长#浜田统之#比赛现场掠影。			2037350781	00	0	1397724391724
2320590-	0		0	Sat Oct 29 16:01:07 +0800 2011			3373863761922849	3373863761922849				3373863761922849	0			0	<a href=" rel="nofollow">微博 weibo.com</a>	哈哈，在我们图书休息区把~！			2037350781	00	3373850352169130	1397724391724
2320591-	0		1	Thu Jul 04 10:23:46 +0800 2013			3596285024077433	3596285024077433				3596285024077433	0			0	<a href=" rel="nofollow">媒体版微博</a>	[推荐] 大家一起随@姚笛 前往#虹夕诺雅#冲绳，探秘竹富岛长寿快乐的秘诀吧~ 中文官网  @日本航空公司 @冲绳观光会议局OCVB			2037350781	00	3595920463424492	1397724391725
2320592-	0		3	Mon Nov 26 19:23:17 +0800 2012			3516695458930804	3516695458930804				3516695458930804	0			0	<a href=" rel="nofollow">360安全浏览器</a>	@星野集团 谢谢大家对新野TOMAMU度假村 云海Terrace的喜爱~~每年4月-10月 欢迎大家前来北海道的星野TOMAMU欣赏美丽的云海~			2037350781	00	3516570859252474	1397724391725
2320593-	0		1	Thu Jul 28 18:32:47 +0800 2011			15527384520	15527384520				3340199857963941	0		#	3	<a href=" rel="nofollow">微博 weibo.com</a>	分享图片#星野梦缘#轻井泽高原教堂，每年夏天这里都有一个风俗。就是在轻井泽高原教堂的庭院里面会点上2000个左右的蜡烛，今年夏天时7月29日～8月31日。（轻井泽高原教堂建造于1921年，是一座拥有90多年历史的教堂。在经历漫长岁月洗礼后，温馨的礼拜堂内散发出木造建筑特有的淡淡香味~~~）			2037350781	00	0	1397724391725
2320594-	1		6	Wed Jun 19 16:43:48 +0800 2013			3590944840942993	3590944840942993				3590944840942993	0		#	21	<a href=" rel="nofollow">专业版微博</a>	每年初夏的6-7月是目击萤火虫的时节，@星野集团 旗下精品日式温泉旅馆品牌#星野界#各设施正举行“萤前线初夏宿泊”主题活动。[xkl期待][xkl期待]在日本各大著名的温泉乡体验传统日式精致的同时，邂逅夏夜的精灵，我们在#星野界#等您前来！			2037350781	00	0	1397724391725
2320595-	0		0	Fri Jul 20 10:03:30 +0800 2012			3469806550363030	3469806550363030				3469806550363030	0		#	0	<a href=" rel="nofollow">专业版微博</a>	本周USATODAY的旅游频道登载了一篇#虹夕诺雅 京都#的"旅行笔记"，简洁质朴的描述了从登船到工作人员击缶相迎到入住酒店的点滴故事。不同于美丽的大片，这些没有专业摄影技术的图片背后，或许是更真诚的传达美好与感念的心。			2037350781	00	0	1397724391726
2320596-	1		0	Tue May 07 10:12:54 +0800 2013			3575263788539440	3575263788539440				3575263788539440	0			0	<a href=" rel="nofollow">360浏览器超速版</a>	2013北海道樱花预测			2037350781	00	3574921043061553	1397724391726
2320597-	0		2	Fri Oct 14 14:06:56 +0800 2011			3368399208349221	3368399208349221				3368399208349221	0		#	0	<a href=" rel="nofollow">微博 weibo.com</a>	凯撒旅游：北京出发：和枫物语――日本关西5日古都养生之旅。全程五星住宿，两晚#虹夕诺雅 京都#百年贵族优雅宅邸，日本禅文化独家体验，米其林餐厅，神户牛，蟹道乐，与日本艺妓共进午餐……日式美食诱惑。			2037350781	00	0	1397724391726
2320598-	0		0	Thu Dec 29 10:04:17 +0800 2011			3395879623456868	3395879623456868				3395879623456868	0			0	<a href=" rel="nofollow">微博 weibo.com</a>	回来了呢！相信行程比较辛苦吧！真的很谢谢你们参加这次活动，体验到#北海道.星野TOMAMU度假村#的魅力！随时欢迎哦~~！[哈哈][哈哈]			2037350781	00	3395878310251155	1397724391727
2320599-	0		99	Mon Oct 15 15:01:50 +0800 2012			3501409372309683	3501409372309683				3501409372309683	0		#	122	<a href=" rel="nofollow">微活动</a>	如果你曾经体验过星野集团旗下酒店或正计划前往，或者只是对星野集团感兴趣，请写下你的入住感受、意见和期待，关注@星野集团 并转发和@3位好友 就有机会获得来自星野的礼物！本期将送出3只#虹夕诺雅 轻井泽#特别提供的温泉袋，快来参加吧~ 			2037350781	00	0	1397724391727
2320600-	0		8	Fri May 11 11:30:08 +0800 2012			3444461197241339	3444461197241339				3444461197241339	0		#	1	<a href=" rel="nofollow">微博 weibo.com</a>	#虹夕诺雅 轻井泽#女子会登场！今年夏季最新推出女子会：专为两至三位女性顾客特设的奢华享受。准备了宝石箱甜点套餐、SPA水疗及各种治愈系物品。可边欣赏音乐边阅读自己心爱的图书，与闺蜜在#虹夕诺雅 轻井泽#共同享受这忘我的逗留体验吧！！期间：2012年4月1日～08月31日，4/28～5/6、8/10～15除外。			2037350781	00	0	1397724391727
2320601-	0		0	Mon Jun 25 09:56:33 +0800 2012			3460745104282538	3460745104282538				3460745104282538	0			1	<a href=" rel="nofollow">专业版微博</a>	So Beautiful!!!!!			2037350781	00	3459686269374255	1397724391727
2320602-	0		2	Tue Jul 19 11:08:46 +0800 2011			14765501464	14765501464				3336826626807448	0		#	8	<a href=" rel="nofollow">微博 weibo.com</a>	安藤忠雄--#星野梦缘#水之教堂--还是一如既往给人舒服的感觉。			2037350781	00	0	1397724391728
2320603-	0		0	Tue May 29 13:12:27 +0800 2012			3451009940585135	3451009940585135				3451009940585135	0			0	<a href=" rel="nofollow">专业版微博</a>	您好！目前直客预订#星野TOMAMU#只有日文预订界面.日本预订界面除了#星野TOMAMU#的官方网站，还有乐天和しゃらん等预定网站。但是您可以直接直接打电话到#星野TOMAMU#预订中心：＋81-167-57-2046，这个是有中文服务的。希望对您有帮助！感谢！进入www.xingyejituan.com/ski网站右上角有日文网站链接。			2037350781	00	3451005520062348	1397724391728
2320604-	0		0	Tue Oct 30 18:28:48 +0800 2012			3506897270988284	3506897270988284				3506897270988284	0		#	0	<a href=" rel="nofollow">专业版微博</a>	#红叶报告#上周的天气不是很好，不过从这星期开始，轻井泽宜人的好天气开始蔓延。在#星野Hotel Blston Court#的入口，今天出现了一个非常可爱的精致，由红色和黄色的落叶布置成的心形，在旁边这棵黄灿灿的树的衬托下,非常别致有爱[羞嗒嗒]			2037350781	00	0	1397724391728
2320605-	0		4	Thu Feb 23 18:07:40 +0800 2012			3416294990622112	3416294990622112				3416294990622112	0		#	19	<a href=" rel="nofollow">微博 weibo.com</a>	#星野梦缘#携手日本松下公司参展春季上海婚博会。日期：2月24日~26日，展位：东馆D06。婚博会当天会有#星野梦缘 石之教堂#的3D影像上映。进展台咨询的客人，填写调查问卷可送2G手腕型精致U盘。现场预订产品的客人，将免费获得价值7000元人民币的由日本专业摄影师拍摄的原版精致婚礼DVD！还不快来！！~			2037350781	00	0	1397724391729
2320606-	1		0	Mon Mar 04 19:50:02 +0800 2013			3552216201308638	3552216201308638				3552216201308638	0			1	<a href=" rel="nofollow">微活动</a>	#星野TOMAMU#抱歉更正，下面一条中，获得大魔神手机挂坠的是@想去旅游呀 和@无所不自小白 ，非常抱歉，请以本条内容为准。 地址：			2037350781	00	0	1397724391729
2320607-	0		0	Mon Jul 09 14:30:59 +0800 2012			3465887598002147	3465887598002147				3465887598002147	0			0	<a href=" rel="nofollow">微博 weibo.com</a>	恭喜恭喜~之前就听说您要去ZONA办婚礼举式，如今看到照片了哦[放假啦]好棒好棒！听说您和先生是大陆地区到ZONA的第一对新人哦~真是值得庆祝和纪念~恭喜啦！！祝福新婚愉快~			2037350781	00	3465786264328009	1397724391729
2320608-	0		1	Fri Aug 02 16:44:19 +0800 2013			3606890032450563	3606890032450563				3606890032450563	0			1	<a href=" rel="nofollow">360浏览器超速版</a>	牛奶150g、鲜奶油150g、砂糖30-50g、冰块1小桶、15分钟摇起来[江南style] 嚎怀念TOMAMU冰淇淋的味道呀[好喜欢][好喜欢]简单又美味！千万别消极看待15分钟的手动摇制，这是在给自己等下大吃特吃美味冰淇淋一个足够的理由这种事我能随便告诉别人么！			2037350781	00	3606531209506345	1397724391729
2320609-	0		5	Sat Feb 25 09:53:19 +0800 2012			3416895359487994	3416895359487994				3416895359487994	0		#	3	<a href=" rel="nofollow">iPhone客户端</a>	#星野梦缘#@中国婚博会上海站  今天周六！大家有空一定过来！[爱你][爱你][爱你]			2037350781	00	0	1397724391730
2320610-	0		1	Wed Dec 26 17:12:35 +0800 2012			3527534202935228	3527534202935228				3527534202935228	0		#	0	<a href=" rel="nofollow">专业版微博</a>	今天的内容是关于#虹夕诺雅#轻井泽度假村旁边的溜冰场。这一方山谷间的冰场现在是由我们的Picchio环保中心在管理。这个溜冰场曾有过举行国际溜冰比赛的历史，使用天然的水源在冬季自然变成了冰场。如今这种溜冰场已经很难找得到啦~来到轻井泽的你,可以在每天11点~16点来体验,快来吧![走你]			2037350781	00	0	1397724391730
2320611-	0		1	Fri Feb 17 15:08:51 +0800 2012			3414075662714801	3414075662714801				3414075662714801	0		#	8	<a href=" rel="nofollow">微博 weibo.com</a>	#虹夕诺雅 京都#～赏花游山中感受春天浪漫～「岚峡中泛舟赏花之旅」。4月上旬，岚山树木间淡淡的微红已隐约可见。从花开到花落的9日间，为您介绍限定期间的优雅度假活动。在赏花的船上为宾客准备好抹茶与日式点心，一边欣赏樱花美景，一边让思想驰骋，悠闲地度过不一样的茶会。期间：4月２日～4月10日			2037350781	00	0	1397724391730
2320612-	0		0	Mon Feb 06 19:48:27 +0800 2012			3410159764753724	3410159764753724				3410159764753724	0		#	0	<a href=" rel="nofollow">iPhone客户端</a>	#元宵节快乐#！！！[鼓掌][鼓掌][鼓掌][鼓掌]			2037350781	00	0	1397724391730
2320613-	0		1	Fri Jun 17 10:19:36 +0800 2011			12493276240	12493276240				5619007685883861361	0		#	4	<a href=" rel="nofollow">微博 weibo.com</a>	【星野温泉Tombono-yu】自1904年（明治37年）作为星野温泉开汤以来，倍受各方文化界人士和艺术家们追捧的源流型温泉。弱碱性温泉被称作“美肤之温泉”而出名。URL:			2037350781	00	0	1397724391731
2320614-	0		0	Fri Apr 26 16:45:13 +0800 2013			3571376248134442	3571376248134442				3571376248134442	0			0	<a href=" rel="nofollow">360浏览器超速版</a>	“在酒店足不出户便能感受当地传统之美，这也许才是奢华真正的涵义吧” 说得好！在西太平洋上遗珠般的古琉球之岛，给自己一个安宁避世的假期，风与歌是你的，天与海也是你的，历史与当下都是你的，何其美妙与富足！			2037350781	00	3571326822119078	1397724391731
2320615-	0		1	Mon Jul 25 10:49:33 +0800 2011			15249672660	15249672660				3338996118033120	0		#	2	<a href=" rel="nofollow">微博 weibo.com</a>	萱草---虽然是花，但是被叫做草。看起来有以些像百合花。不过它非常娇嫩，因为这样漂亮的花只会从早上开到晚上，便凋落。所以是很珍贵的花。＊拍摄在#虹夕诺雅 轻井泽#内。			2037350781	00	0	1397724391731
2320616-	0		6	Wed Dec 07 10:49:06 +0800 2011			3387918368291994	3387918368291994				3387918368291994	0			5	<a href=" rel="nofollow">微博 weibo.com</a>	#虹夕诺雅 轻井泽#新浪采访视频上线啦，[跳舞花][跳舞花].欢迎点击！ @REALCHI ！			2037350781	00	0	1397724391732
2320617-	0		5	Mon Oct 29 18:35:42 +0800 2012			3506536624010614	3506536624010614				3506536624010614	0		#	4	<a href=" rel="nofollow">专业版微博</a>	这是#虹夕诺雅 轻井泽#星野温泉的最新活动--苹果温泉，10月-11月的期间限定温泉！轻井泽所在的长野县最有名的水果就是苹果。1400个苹果漂浮在温泉上，远远您就可以闻到香甜的苹果味道[得意地笑]只有在轻井泽才能体验到的苹果温泉，一定要来试一试！			2037350781	00	0	1397724391732
2320618-	0		2	Fri Jun 14 15:52:31 +0800 2013			3589119995805456	3589119995805456				3589119995805456	0		#	1	<a href=" rel="nofollow">专业版微博</a>	一对台湾的新人在#星野梦缘#石之教堂举行了婚礼和婚宴。石之教堂的庄严见证了两人的誓言。在观礼的亲朋好友的祝福中新人踏上新的人生旅程。轻井泽的好天气加上嫩绿的自然环境，让新娘子的白纱跟笑容格外抢眼！恋人的脸上洋溢着满满的幸福，好让人羡慕！祝福你们永远幸福！[爱你]			2037350781	00	0	1397724391732
2320619-	0		1	Thu Sep 13 11:36:53 +0800 2012			3489761387671016	3489761387671016				3489761387671016	0		#	1	<a href=" rel="nofollow">专业版微博</a>	下面是一对新人赠送给#轻井泽高原教堂#的礼物，他们刚刚在轻井泽高原教堂举行婚礼，因为非常喜欢#高原教堂#，所以就在自己的婚宴上作了一个模型。真的很精巧，和教堂一模一样，好棒哎[hold住]有太多和他们一样的新人深爱着这里，留下了自己精心准备的纪念品，高原教堂也因此无比温馨[好爱哦]			2037350781	00	0	1397724391732
2320620-	0		0	Fri Jan 13 14:17:06 +0800 2012			3401379064822791	3401379064822791				3401379064822791	0			0	<a href=" rel="nofollow">微博 weibo.com</a>	真是挺帅气的饿~~！！//@南山滑雪: 坐缆车还要搞十字……[右哼哼] 马老师你是有多招人羡慕嫉妒恨呀~小心回来大家群起……[偷笑] @星野集团 @低调的梦魇			2037350781	00	3400761268302014	1397724391733
2320621-	0		2	Sat Oct 29 15:59:44 +0800 2011			3373863413579702	3373863413579702				3373863413579702	0			1	<a href=" rel="nofollow">微博 weibo.com</a>	在星野地区的榆树小街~这家店非常有特色，当地的很多农产品都有买哦~@黄桃A @陈冠丹 @LuxTravelChatal @方静weddingme			2037350781	00	3373795759001119	1397724391733
2320622-	0		7	Wed Mar 20 16:13:49 +0800 2013			3557960002926609	3557960002926609				3557960002926609	0			7	<a href=" rel="nofollow">专业版微博</a>	[bm可爱]很适合现在的心情~			2037350781	00	3557632650502630	1397724391733
2320623-	0		0	Sun Apr 01 13:25:57 +0800 2012			3429994832866255	3429994832866255				3429994832866255	0			0	<a href=" rel="nofollow">微博 weibo.com</a>	#虹夕诺雅 京都#这个送到房间的早餐也太幸福了吧。。[阳光][阳光]			2037350781	00	3429919168395553	1397724391734
2320624-	0		0	Wed Sep 04 18:39:10 +0800 2013			3618877735328141	3618877735328141				3618877735328141	0		#	1	<a href=" rel="nofollow">专业版微博</a>	第76届东京・国际礼品博览会于今日开催！9/4~6日、东京Big Sight，涵盖日本国内先锋设计品牌、欧洲舶来品、艺术家特别展等等，从居家小物到旅行户外，产品丰富到CRY！先来一睹为快吧( ? � ` )? 			2037350781	00	0	1397724391734
2320625-	0		4	Mon Dec 31 11:47:17 +0800 2012			3529264286359120	3529264286359120				3529264286359120	0			0	<a href=" rel="nofollow">专业版微博</a>	好羡慕~听说上周末下了一整夜的大雪~是不是超美超美？			2037350781	00	3528499568413989	1397724391734
2320626-	0		1	Tue Jun 07 09:25:59 +0800 2011			11879112794	11879112794				5615283017229722909	0		#	4	<a href=" rel="nofollow">微博 weibo.com</a>	虹夕诺雅 轻井泽。树干，树叶，屋顶，花儿，溪流，一处处的风物都承受着阳光的沐浴，灿烂夺目，美艳极了。-----川端康成			2037350781	00	0	1397724391734
2320627-	0		0	Wed Aug 22 17:07:04 +0800 2012			3481871943720809	3481871943720809				3481871943720809	0			2	<a href=" rel="nofollow">微博 weibo.com</a>	[玫瑰]			2037350781	00	3481863756205905	1397724391735
2320628-	0		3	Fri Aug 05 18:42:10 +0800 2011			3343101322427327	3343101322427327				3343101322427327	0		#	3	<a href=" rel="nofollow">微博 weibo.com</a>	星野梦缘#花园教堂ZONA#，新人的相逢就像是在树丛的无数树叶中两片树叶的偶然相叠，以及聚集在这里的人们的心都连成一体的感动。七夕快乐！[心]			2037350781	00	0	1397724391735
2320629-	0		0	Thu Mar 29 11:46:02 +0800 2012			3428882529318286	3428882529318286				3428882529318286	0			1	<a href=" rel="nofollow">媒体版微博</a>	#星野梦缘 高原教堂#同在轻井泽星野地区，真的是很温馨的教堂，全部是由木头做成的。旁边有牧师馆，很多在高原教堂举办过婚礼的人每一年都会再回到这里，放上他们的照片，是一个汇聚爱的地方。那些照片超级感动的，期待你们再一次来。 //@风尚志:有浓郁的幸福感散发出来了，你闻到了吗？			2037350781	00	3428703897925055	1397724391735
2320630-	3		1	Wed Nov 20 19:04:07 +0800 2013			3646787879416654	3646787879416654				3646787879416654	0		#	7	<a href=" rel="nofollow">360浏览器超速版</a>	这两天的轻井泽已经超冷，你那里是不是也冷下来了呢？今年#星野梦缘##高原教堂#的圣诞节庆祝活动从11月16日到~12月25日，高原教堂的圣诞树点灯仪式将从11月30日开始，持续到圣诞节当夜。欢迎大家到来的！先看看这两天HBC的黄昏时刻吧[发礼物]			2037350781	00	0	1397724391735
2320631-	0		10	Tue Oct 23 18:17:23 +0800 2012			3504357686989624	3504357686989624				3504357686989624	0		#	6	<a href=" rel="nofollow">专业版微博</a>	#星野界#是星野集团旗下的精品温泉旅馆品牌，以不超过50间的房间数来打造精致的休憩空间，感受四季变迁，享用以当地食材烹调的美味料理，让您拥有无法忘怀的泡汤体验。#星野界#伊东中文网站			2037350781	00	0	1397724391736
2320632-	0		10	Thu May 17 17:24:27 +0800 2012			3446724695578564	3446724695578564				3446724695578564	0		#	11	<a href=" rel="nofollow">微博 weibo.com</a>	[话筒][话筒][2][00][1][2]年[6]月[1]日第[3]家#虹夕诺雅#顶级奢华度假酒店将在#冲绳#隆重开业！！#虹夕诺雅 冲绳#位于优美如画的冲绳竹富岛，经过5年时间考察学习竹富岛当地的生活习俗与精髓，充分展现正宗的日本，重视地方传统的价值观，把其精髓引入到度假村，为宾客创建一个“非日常”的度假时光。			2037350781	00	0	1397724391736
2320633-	0		0	Mon Mar 04 19:46:18 +0800 2013			3552215270603631	3552215270603631				3552215270603631	0			1	<a href=" rel="nofollow">微活动</a>	#星野TOMAMU#恭喜@angelgreat @带着喵喵走世界 @Ada_Leeyao 获得度假村提供的雪票夹，恭喜@想去旅游呀 @无所不知的小白 获得大魔神手机挂坠，恭喜@一个被遗忘的女人S @星座小王子 获得度假村明信片一套！请大家私信我告知邮寄地址，谢谢大家的参与！ 地址：			2037350781	00	0	1397724391736
2320634-	0		3	Thu Nov 22 12:35:30 +0800 2012			3515143293968974	3515143293968974				3515143293968974	0		#	0	<a href=" rel="nofollow">专业版微博</a>	#虹夕诺雅#轻井泽度假村上周降下了初雪，浅间山(Mt.Asama)已经可以看到皑皑白雪咯~越来越浓的冬日气息就意味着圣诞季和新年的到来[求关注] 大家是否和我一样期待轻井泽的圣诞呢~~很快回来和大家分享！			2037350781	00	0	1397724391737
2320635-	2		1	Fri Nov 22 11:16:38 +0800 2013			3647395008845610	3647395008845610				3647395008845610	0		#	10	<a href=" rel="nofollow">360浏览器超速版</a>	最具圣诞气氛的#家庭度假村# RISONARE山梨八岳，150米长的甜椒小路被300棵圣诞树温暖围绕。和最重要的人来这里吧，在满天星斗的祝福下，在走向ZONA花园教堂的路上度过今年最后的浪漫节日。 圣诞点灯仪式：11月8日~12月25日，每晚日落~22:00[发礼物][要礼物]			2037350781	00	0	1397724391737
2320636-	0		9	Thu Dec 29 10:15:04 +0800 2011			3395882344902439	3395882344902439				3395882344902439	0		#	5	<a href=" rel="nofollow">微博 weibo.com</a>	分享图片.北京今天下雪了,[雪][雪]久违的雪呀[雪]!在此与你分享#虹夕诺雅 轻井泽#的雪景,你是否想念呢?			2037350781	00	0	1397724391737
2320637-	0		3	Mon Nov 14 13:28:09 +0800 2011			3379623473277192	3379623473277192				3379623473277192	0		#	0	<a href=" rel="nofollow">微博 weibo.com</a>	在迎来晚秋之时，#星野奥入�温泉酒店#的Light Up Night「Fairy Road 」 活动开展！。奥入�的森林，红叶也接近尾声，在长时间冬眠就有来临之前，在已经逝去的时光与即将到来的时光之际，从日落开始，与重要的人一起在梦幻的空间中感悟生命！活动期间：11月1日～11月29日点灯式：17:00～18:00			2037350781	00	0	1397724391737
2320638-	0		7	Thu May 16 20:55:50 +0800 2013			3578687075603698	3578687075603698				3578687075603698	0		#	2	<a href=" rel="nofollow">专业版微博</a>	星野TOMAMU度假村中的HAL自助餐厅，从5月11日起开设了特别限定的当地时令蔬菜“道产Professional Corner”。北海道之所以可以出现云海的奇景，是因为当地温差非常大，而这样的温差也另当地时蔬茁壮而甘甜。这个冰芦笋虽然别处也可以见到，但是北海道产的却会更加粗壮！来看云海的客人记得尝尝哦~			2037350781	00	0	1397724391738
2320639-	0		0	Fri Apr 06 09:48:03 +0800 2012			3431751934282744	3431751934282744				3431751934282744	0			0	<a href=" rel="nofollow">关联博客</a>	星野界 阿� 精品温泉旅馆 			2037350781	00	0	1397724391738
2320640-	0		14	Wed Jun 19 17:53:09 +0800 2013			3590962301706693	3590962301706693				3590962301706693	0		#	17	<a href=" rel="nofollow">专业版微博</a>	@星野集团 携手高端旅游度假服务品牌 @鸿鹄逸游 ，特别推出星野系列专页 为您打造超越期待的顶级私人假期！			2037350781	00	0	1397724391738
2320641-	1		1	Fri Aug 23 19:37:17 +0800 2013			3614543714894131	3614543714894131				3614543714894131	0			6	<a href=" rel="nofollow">360浏览器超速版</a>	#秋日花草茶有奖转发#距离东京两小时车程的轻井泽被称为东京富人们的后花园。夏日避暑，秋日赏枫，标高千米的高原配上露天美肌温泉，留下秋日清爽好梦。虹夕诺雅轻井泽度假酒店 并转发，截止8月30日。			2037350781	00	3613449692859021	1397724391739
2320642-	0		2	Thu Aug 08 21:35:44 +0800 2013			3609137709696065	3609137709696065				3609137709696065	0			4	<a href=" rel="nofollow">专业版微博</a>	[好喜欢][好喜欢][好喜欢]霜淇淋~~~白桃和北海道超浓牛奶口味的icecream有多好吃我才不会随便告诉你！好想尝尝看，并且嚎后悔在轻井泽的西柚味霜淇淋怎么就只买了小杯！！！[喝多了]			2037350781	00	3609131489910596	1397724391739
2320643-	0		0	Mon Nov 07 14:00:50 +0800 2011			3377094984047434	3377094984047434				3377094984047434	0		#	1	<a href=" rel="nofollow">微博 weibo.com</a>	#星野青森屋温泉酒店#的古牧温泉青森屋温泉，露天温泉#浮汤#登场！古牧温泉是PH值达到9.16碱性温泉，能使皮肤更加的光滑，柔嫩，在肌肤的美容方面具有很大的效果！十和田湖、奥入濑溪流、八甲田山的青山绿水构成了露天温泉的主题，美丽的树木和瀑布倒影在宽阔的湖水中，让人产生幻想般的感觉。			2037350781	00	0	1397724391739
2320644-	0		4	Thu May 16 19:07:52 +0800 2013			3578659908709770	3578659908709770				3578659908709770	0		#	0	<a href=" rel="nofollow">专业版微博</a>	#虹夕诺雅#冲绳 度假村的Lobby内开始为客人提供一种类似寒天的凉粉，搭配�子吃，是夏天消暑的好美味~			2037350781	00	0	1397724391740
2320645-	0		4	Mon Jul 08 16:22:28 +0800 2013			3597824841084260	3597824841084260				3597824841084260	0			1	<a href=" rel="nofollow">360浏览器超速版</a>	真是人品超级好！话说确认是住得高景色会更壮观，大家可以借鉴一下~喜欢你说的，身处美好会想起最爱的人！@陈小怪 @长腿叔叔 感受一下~			2037350781	00	3597659216810559	1397724391740
2320646-	0		0	Fri May 03 19:46:29 +0800 2013			3573958580846865	3573958580846865				3573958580846865	0			2	<a href=" rel="nofollow">专业版微博</a>	好期待月底之行！[太开心] 谢谢@全球酒店设计 更正发布~非常认真负责的态度！请多关照！			2037350781	00	3573952167199962	1397724391740
2320647-	0		2	Mon Nov 26 19:11:43 +0800 2012			3516692548103163	3516692548103163				3516692548103163	0			5	<a href=" rel="nofollow">360安全浏览器</a>	@北海道_札幌 @星野集团 北海道冬季滑雪自由行来喽！欢迎大家前来星野TOMAMU度假村~~			2037350781	00	3515472131364545	1397724391740
2320648-	0		10	Mon Mar 04 19:28:20 +0800 2013			3552210744577103	3552210744577103				3552210744577103	0			5	<a href=" rel="nofollow">微活动</a>	#星野TOMAMU#活动结束了，但是一直很纠结要把大奖颁给谁，好希望每位朋友都可以获得大奖。。。只好根据参加活动的微博转发量来最后确定了，恭喜@神威 获得今年雪季3晚4日的畅滑大奖！[鼓掌][鼓掌]请@神威 同学和我们速速联系~ 地址：			2037350781	00	0	1397724391741
2320649-	0		4	Mon Jun 03 18:15:45 +0800 2013			3585169774966973	3585169774966973				3585169774966973	0		#	7	<a href=" rel="nofollow">专业版微博</a>	#虹夕诺雅#京都度假村将在今年7月1日-8月7日为您奉献“竹与光之歌”七夕Party! 在宁静的仲夏傍晚，和至爱之人携手走出房间散步，您将会瞬间坠入竹林与光影编织的梦幻时空中。竹灯营造出银河般烂漫璀璨的庭院BAR Time, 川风清凉、光影绰约，请不要错过这唯美的感动时刻！			2037350781	00	0	1397724391741
2320650-	0		0	Thu May 17 18:02:21 +0800 2012			3446734233314528	3446734233314528				3446734233314528	0			1	<a href=" rel="nofollow">微博 weibo.com</a>	回复@午�透拉姐:谢谢支持！期待更多中国的客人。 //@午�透拉姐:有机会一定要去体验一下。如此治愈的环境，奢华绝不是最好的形容词。			2037350781	00	3446724695578564	1397724391741
2320651-	0		2	Thu Jun 06 12:35:59 +0800 2013			3586171425184253	3586171425184253				3586171425184253	0			2	<a href=" rel="nofollow">专业版微博</a>	@北海道旅游达人 @神威 @北海道旅游网 @北海道-魅力札幌			2037350781	00	3585932987357782	1397724391742
2320652-	0		0	Sat Dec 31 18:18:50 +0800 2011			3396728860219756	3396728860219756				3396728860219756	0			0	<a href=" rel="nofollow">微博 weibo.com</a>	[亲亲]//@�名旅客-脑脑: 以前���去�！很美，很�幻！在梁�茹的崇拜MV里出�的教堂里�著�歌，滑雪道也很多��！�有冬天在室�泳池游泳，泡露天�泉！一切都仿佛在眼前[鼓掌][浮�]			2037350781	00	3396683226862722	1397724391742
2320653-	0		1	Thu Feb 07 15:37:39 +0800 2013			3543092990376427	3543092990376427				3543092990376427	0			1	<a href=" rel="nofollow">专业版微博</a>	好吧~我也保持队形~大家抓紧去粉雪天堂滑雪吧~			2037350781	00	3542692305017934	1397724391742
2320654-	0		0	Sun Nov 13 20:50:17 +0800 2011			3379372348590126	3379372348590126				3379372348590126	0			0	<a href=" rel="nofollow">微博 weibo.com</a>	#虹夕诺雅 轻井泽#，感谢你的喜欢！~好好的泡泡澡，也可以去#冥思温泉#！穿着酒店的日式浴衣，记得带手电筒哦~			2037350781	00	3379352685404448	1397724391742
2320655-	0		1	Mon Jul 09 00:55:22 +0800 2012			3465682358374633	3465682358374633				3465682358374633	0		#	1	<a href=" rel="nofollow">专业版微博</a>	最近有不少朋友问秋季看红叶的时间，每年大概在10月底到11月初的一周，会是日本人认为京都红叶最盛的时节。在#虹夕诺雅 京都#坐禅、闻香、渡船，出行的计划要记得早早制定。			2037350781	00	0	1397724391743
2320656-	0		0	Mon Sep 19 10:30:16 +0800 2011			3359284985667905	3359284985667905				3359284985667905	0			0	<a href=" rel="nofollow">关联博客</a>	[转载]岚山故事 			2037350781	00	0	1397724391743
2320657-	0		1	Fri May 10 10:32:22 +0800 2013			3576355847350222	3576355847350222				3576355847350222	0			0	<a href=" rel="nofollow">360浏览器超速版</a>	[花心]可惜错过了，不过真心美~			2037350781	00	3574928638944526	1397724391743
2320658-	0		7	Wed Jul 18 15:42:19 +0800 2012			3469167048831035	3469167048831035				3469167048831035	0		#	46	<a href=" rel="nofollow">专业版微博</a>	下午犯困的时间，给大家来点星野界的料理吧~			2037350781	00	0	1397724391744
2320659-	0		2	Wed Jun 06 10:14:53 +0800 2012			3453864348505803	3453864348505803				3453864348505803	0			2	<a href=" rel="nofollow">微博 weibo.com</a>	#虹夕诺雅 京都#别样美！			2037350781	00	3453667690590904	1397724391744
2320660-	0		0	Thu Nov 17 10:03:34 +0800 2011			3380659152379167	3380659152379167				3380659152379167	0			0	<a href=" rel="nofollow">微博 weibo.com</a>	此次新浪一行去#虹夕诺雅 轻井泽#已经是晚秋了，“春榆广场”也可以叫“榆树小街”，它是轻井泽星野地区（网站： 的博文。			2037350781	00	3380379656419207	1397724391744
2320661-	0		5	Tue Mar 12 16:38:35 +0800 2013			3555067120069222	3555067120069222				3555067120069222	0		#	2	<a href=" rel="nofollow">专业版微博</a>	星野RISONARE 热海酒店位于日本著名的温泉地热海,全新改建的"明星之汤"大浴场已经开始正式对客人们开放了！可以俯视太平洋绝景的大浴场建造与在离地面170米的空间内，温泉设计成仿佛漂浮在空中的风格，有一种让您置身于天空之中泡汤的感觉。[得意地笑]			2037350781	00	0	1397724391744
2320662-	0		3	Mon Jun 27 16:29:35 +0800 2011			13113890564	13113890564				5622813881602901997	0		#	1	<a href=" rel="nofollow">微博 weibo.com</a>	#虹夕诺雅 京都#安静. 美好. 舒服. 放松. 轻快.多看几眼你是否会喜欢上这里？			2037350781	00	0	1397724391745
2320663-	1		2	Wed May 08 18:15:39 +0800 2013			3575747669235626	3575747669235626				3575747669235626	0		#	4	<a href=" rel="nofollow">专业版微博</a>	#今日京都#5月5日，立夏，整个虹夕诺雅 京都都浸在萌黄色的新绿中。从立夏开始，叶子的青葱色会从中心开始向外逐渐变深至深绿色。可以说秋季岚山赏红叶的最佳景点即是春末夏初赏新绿的最佳景点~这样美好的季节，在度假村庭院中散散步，心情会像新生的绿叶一样闪闪发光的愉悦！			2037350781	00	0	1397724391745
2320664-	0		10	Tue Jun 21 09:33:43 +0800 2011			12708635710	12708635710				5620480202539773103	0		#	8	<a href=" rel="nofollow">微博 weibo.com</a>	【虹夕诺雅 京都】是否有你喜欢的和风味道？			2037350781	00	0	1397724391745
2320665-	0		0	Tue Sep 13 17:58:26 +0800 2011			3357223443370029	3357223443370029				3357223443370029	0			0	<a href=" rel="nofollow">微博 weibo.com</a>	#星野梦缘 轻井泽高原教堂#@elleire @西服小丑脱帽 终于来到轻井泽高原教堂了！！祝你们幸福！~（照片拍的很文艺！）			2037350781	00	3356723571686681	1397724391746
2320666-	0		0	Mon Mar 26 16:38:00 +0800 2012			3427868832483311	3427868832483311				3427868832483311	0		#	2	<a href=" rel="nofollow">微博 weibo.com</a>	奉上#京都#各地区2012赏樱情报，想要去京都赏樱的童鞋不要错过哟~[印迹][印迹] 位于岚山的#虹夕诺雅 京都#樱花开放在3月下旬~4月上旬。			2037350781	00	0	1397724391746
2320667-	0		3	Wed Feb 08 11:01:38 +0800 2012			3410751962122750	3410751962122750				3410751962122750	0		#	5	<a href=" rel="nofollow">微博 weibo.com</a>	#虹夕诺雅 轻井泽#冬季，飘扬的泉水雾气，静影的山谷。坦若的空气里清澈的夜空。宽广而美丽闪光的树枝上积雪形成了银光世界。在利用地热的有地板暖气的舒适房间里观赏冬季景色，可以饱享温泉和冬季味觉的真正居留体验。			2037350781	00	0	1397724391746
2320668-	0		2	Tue May 22 14:00:31 +0800 2012			3448485313107047	3448485313107047				3448485313107047	0			0	<a href=" rel="nofollow">微博 weibo.com</a>	回复@Tinky_丁:您好！是乘坐JR到达TOMAMU站就可以了。那么晚也是有酒店接送巴士的，到站台给工作人员打电话后，就会有人去接您们。塔娃坐缆车去云海cafe是单程内部循环巴士5分钟，缆车13分钟即可。中国客人如需预定机场巴士可以找旅行社或我们的预订中心yoyaku@slowtomamu.co.jp。以上希望对您有所帮助			2037350781	00	3448186641116881	1397724391746
2320669-	0		0	Thu Jul 14 14:00:55 +0800 2011			14402935970	14402935970				5629084018467093729	0		#	0	<a href=" rel="nofollow">微博 weibo.com</a>	分享图片，再一张。			2037350781	00	0	1397724391747
2320670-	0		1	Thu Jan 10 23:45:50 +0800 2013			3533068982062286	3533068982062286				3533068982062286	0		#	11	<a href=" rel="nofollow">三星Galaxy SIII</a>	#星野TOMAMU#的清晨，阳光温暖耀眼，厚厚白雪覆盖一切，从早被治愈~[雪人][雪][手套][温暖帽子]准备去滑雪~加油！			2037350781	00	0	1397724391747
2320671-	0		2	Tue Jul 17 23:21:55 +0800 2012			3468920315373319	3468920315373319				3468920315373319	0		#	8	<a href=" rel="nofollow">专业版微博</a>	#虹夕诺雅 冲绳#中文官方网站  已经全面上线，欢迎大家到网站上了解有关度假村和最具古琉球王国遗风民俗的竹富岛的信息噢~			2037350781	00	0	1397724391747
2320672-	0		1	Wed Jul 11 22:53:28 +0800 2012			3466738828501551	3466738828501551				3466738828501551	0		#	0	<a href=" rel="nofollow">专业版微博</a>	关于#星野梦缘#，真是有太多太多的话想说。身边很多朋友都处在准备婚礼的各个时段，在感恩亲人朋友的同时，不知道你是不是也和我一样，内心期待一份只属于至亲甚至是只属于两个人的婚礼仪式呢？人生中最幸福温馨的时刻，要托付给最真诚、贴心和专业的团队。先来分享#星野梦缘#的【高原教堂】[心]			2037350781	00	0	1397724391748
2320673-	0		0	Thu Sep 29 12:28:34 +0800 2011			3362938635539566	3362938635539566				3362938635539566	0		#	1	<a href=" rel="nofollow">微博 weibo.com</a>	晚上的#星野梦缘 花园教堂ZONA#，最能够感受到它的蔚蓝，只有晚上才能感受到的天人一体。			2037350781	00	0	1397724391748
2320674-	1		5	Mon Apr 15 17:10:11 +0800 2013			3567396264138791	3567396264138791				3567396264138791	0		#	4	<a href=" rel="nofollow">专业版微博</a>	#今日京都#前几日天气微凉，今天的京都终于和心情一样大好！和煦的川风吹来春日的气息，用川水送来雪白的花朵。岚山完全换上了新绿的春装，虹夕诺雅 京都度假村中奥之庭的八重樱也终于盛开啦！一早睁开眼睛就被这样夺目的景色吸引着眼睛，你好春天！			2037350781	00	0	1397724391748
2320675-	0		3	Wed Sep 14 09:46:41 +0800 2011			3357462077990148	3357462077990148				3357462077990148	0		#	4	<a href=" rel="nofollow">微博 weibo.com</a>	#轻井泽#这个以绿色著称的避暑圣地能实现的真正的度假村婚礼蜜月。在庭院中的新人的椅子也特别有度假村的风味。#星野梦缘 蜜月许誓#			2037350781	00	0	1397724391749
2320676-	0		1	Fri Nov 04 14:34:07 +0800 2011			3376016196419137	3376016196419137				3376016196419137	0		#	6	<a href=" rel="nofollow">微博 weibo.com</a>	#虹夕诺雅 轻井泽#秋天安静的村落，是否有你喜欢的感觉？			2037350781	00	0	1397724391749
2320677-	0		12	Tue Jun 26 22:50:01 +0800 2012			3461302142149506	3461302142149506				3461302142149506	0		#	5	<a href=" rel="nofollow">专业版微博</a>	2012年6月1日盛大开业的#虹夕诺雅 冲绳#坐落在淳朴原生的冲绳离岛―竹富岛（Taketomi Island）上。静谧的夜晚，愿辽阔的海天美景伴您一夜安睡好梦。晚安！亲爱的各位~			2037350781	00	0	1397724391749
2320678-	0		0	Tue Nov 01 15:05:49 +0800 2011			3374937008290110	3374937008290110				3374937008290110	0		#	1	<a href=" rel="nofollow">微博 weibo.com</a>	#轻井泽#的秋天，短暂而美丽！是像用红色和黄色所勾画成的油彩画一样。在那当中所拍的婚纱照也像油彩画一样。#星野梦缘 专属于2个人的蜜月婚礼#			2037350781	00	0	1397724391750
2320679-	0		4	Fri Nov 18 18:00:03 +0800 2011			3381141450994779	3381141450994779				3381141450994779	0		#	3	<a href=" rel="nofollow">微博 weibo.com</a>	Welcome to HOSHINOYA Karuizawa！！周末愉快！[心]			2037350781	00	0	1397724391750
2320680-	0		0	Mon Feb 13 16:20:12 +0800 2012			3412644067578221	3412644067578221				3412644067578221	0			0	<a href=" rel="nofollow">微博 weibo.com</a>	这不是咱家#星野梦缘 石之教堂#，谢谢推荐！~www.xingyejituan.com/wedding			2037350781	00	3412633997225277	1397724391750
2320681-	0		0	Wed May 30 18:25:21 +0800 2012			3451451063453309	3451451063453309				3451451063453309	0		#	2	<a href=" rel="nofollow">专业版微博</a>	#轻井泽#最近的天气特别不稳定，白天骤晴骤雨。听新闻说最近将进入到轻井泽梅雨时节了。为此#Bleston Court Yukawatan#法餐厅的菜单也不断变换中！~今日为各位介绍「小人の世界」的前菜：采用河虾、青豌豆与信州蘑菇用心烹制的菜品。如何吃呢？摆列了各种慕斯、青豌豆等可以体验自由组合的乐趣呢~！			2037350781	00	0	1397724391750
2320682-	0		0	Fri Feb 10 17:56:32 +0800 2012			3411581142122743	3411581142122743				3411581142122743	0		#	1	<a href=" rel="nofollow">微博 weibo.com</a>	周末愉快！阳光明媚给你。			2037350781	00	0	1397724391751
2320683-	0		0	Tue Jan 15 18:05:11 +0800 2013			3534795202506576	3534795202506576				3534795202506576	0			4	<a href=" rel="nofollow">三星Galaxy SIII</a>	前来#虹夕诺雅 京都#的各位朋友不要错过京都宇治老铺的各种抹茶口味的和�子[爱你]			2037350781	00	3534793478229127	1397724391751
2320684-	0		16	Mon Jul 25 14:49:22 +0800 2011			15271810238	15271810238				3339056469603350	0			3	<a href=" rel="nofollow">微博 weibo.com</a>	#虹夕诺雅 京都#~[心]			2037350781	00	15186570638	1397724391751
2320685-	0		1	Thu Apr 11 16:22:43 +0800 2013			3565934767617889	3565934767617889				3565934767617889	0			2	<a href=" rel="nofollow">360浏览器超速版</a>	平板里面的星砂好美哦！#虹夕诺雅#竹富岛 @星野集团			2037350781	00	3565638368739847	1397724391751
2320686-	0		2	Fri Sep 28 10:57:04 +0800 2012			3495187185567981	3495187185567981				3495187185567981	0		#	1	<a href=" rel="nofollow">专业版微博</a>	真的是秋天了呢,好大的风,天也明显冷了下来,各位小朋友要注意添衣保暖才能欢度假期哦[放假啦]来看看此时秋高气爽的#虹夕诺雅 轻井泽#,这是度假村里的野生栗子树哦~于san告诉我说，最喜欢栗子君的是猴子！难道不是各位小朋友么[带感]？？好期待是不是也可以在#虹夕诺雅 轻井泽#里见到红猴子内[gst耐你]			2037350781	00	0	1397724391752
2320687-	0		4	Thu Oct 20 15:27:52 +0800 2011			3370593903185004	3370593903185004				3370593903185004	0			0	<a href=" rel="nofollow">微博 weibo.com</a>	开心就好！			2037350781	00	3370123149043326	1397724391752
2320688-	0		6	Thu Feb 23 14:34:42 +0800 2012			3416241396023572	3416241396023572				3416241396023572	0			1	<a href=" rel="nofollow">微博 weibo.com</a>	哈哈，都来吧！！夏天、云海、星野TOMAMU//@lucy78818: //@Ada_Leeyao: 一直都在邮件中、精美的宣传册中饱览过~~honey，以后要去那边一定要带着老公去~那儿还有著名的水の教堂呢！！已经留下伏笔，等你我找到男朋友再说哈哈哈~~@星野集团 //@嘘烟烟喜欢云淡风轻的感觉:@Ada_Leeyao 亲爱的，你去过吗？			2037350781	00	3416008699910956	1397724391752
2320689-	0		0	Mon Jul 09 18:24:46 +0800 2012			3465946439630209	3465946439630209				3465946439630209	0		#	0	<a href=" rel="nofollow">专业版微博</a>	#虹夕诺雅 轻井泽动植物集#旅居在星野温泉的中西悟堂先生称，星野温泉周边的森林是日本极其稀有的野鸟宝库，创建了保护野鸟协会，并与1974年指定这里为国立轻井泽野鸟森林，以保护生态环境。每年都有上百种野鸟飞到这里来筑巢生存，这里成为了鸟类爱好者的向往之地。			2037350781	00	0	1397724391753
2320690-	0		2	Wed Dec 07 13:54:13 +0800 2011			3387964954545626	3387964954545626				3387964954545626	0			0	<a href=" rel="nofollow">微博 weibo.com</a>	北海道#星野TOMAMU度假村#，来吧来吧！！//@低调的梦魇: 上雪季我去了，销魂至极，不想回来了都 @高剑Gaojian			2037350781	00	3387895530661619	1397724391753
2320691-	0		1	Sun Oct 30 14:03:43 +0800 2011			3374196605274284	3374196605274284				3374196605274284	0			0	<a href=" rel="nofollow">微博 weibo.com</a>	是否很怀念？			2037350781	00	3373985004071528	1397724391753
2320692-	0		1	Tue Jul 30 14:58:57 +0800 2013			3605776356711033	3605776356711033				3605776356711033	0		#	0	<a href=" rel="nofollow">加网分享按钮</a>	#时尚旅游2013金榜#评选活动已经启动，请各位喜爱支持#虹夕诺雅#京都的朋友们投上您宝贵的一票吧！  			2037350781	00	0	1397724391753
2320693-	0		0	Tue Aug 06 17:09:43 +0800 2013			3608345975614650	3608345975614650				3608345975614650	0			1	<a href=" rel="nofollow">关联博客</a>	[转载]【日本.北海道】走进绿色童话中 			2037350781	00	0	1397724391754
2320694-	0		1	Sun Jul 10 12:56:23 +0800 2011			14073325334	14073325334				5627583047487002219	0			2	<a href=" rel="nofollow">微博 weibo.com</a>	//			2037350781	00	14072553536	1397724391754
2320695-	0		1	Sun Jul 24 15:33:21 +0800 2011			15186075660	15186075660				3338705150789288	0			1	<a href=" rel="nofollow">微博 weibo.com</a>	#虹夕诺雅 京都#~~			2037350781	00	14945468865	1397724391754
2320696-	0		9	Fri Sep 07 18:08:15 +0800 2012			3487685559279401	3487685559279401				3487685559279401	0		#	0	<a href=" rel="nofollow">专业版微博</a>	热烈庆祝#星野界 热海#于9月6日盛大开业啦！来看看#星野界 热海# 同事们是不是干劲十足[加油啊]			2037350781	00	0	1397724391754
2320697-	0		0	Mon Mar 05 10:49:54 +0800 2012			3420171087953395	3420171087953395				3420171087953395	0			0	<a href=" rel="nofollow">关联博客</a>	《中国国家旅游》杂志 2011年12月登载 虹夕诺雅-京都报道 			2037350781	00	0	1397724391755
2320698-	0		1	Thu Mar 15 16:45:20 +0800 2012			3423884424777789	3423884424777789				3423884424777789	0			0	<a href=" rel="nofollow">微博 weibo.com</a>	[哈哈][哈哈]谢谢支持！~//@-Lightening-Eileen-: [花心] ....			2037350781	00	3398079866417599	1397724391755
2320699-	0		1	Tue Apr 03 16:11:37 +0800 2012			3430761296807249	3430761296807249				3430761296807249	0			0	<a href=" rel="nofollow">iPhone客户端</a>	转发微博。			2037350781	00	3430644627776477	1397724391755
2320700-	2		5	Mon Dec 23 19:11:57 +0800 2013			3658748654313493	3658748654313493				3658748654313493	0		#	2	<a href=" rel="nofollow">360浏览器超速版</a>	今年圣诞节，#星野#RISONARE山梨八岳度假村 将在甜椒小路首次上演3D梦幻光影秀！此次光影秀的视频制作由12年冬在东京丸之内站上演「TOKYO HIKARI VISION」的村松亮太郎氏担纲！请前来山梨八岳高原与我们享受冬日雪原之上，意式小镇度假村光与影的震撼之美与圣诞欢聚的分享之乐吧！			2037350781	00	0	1397724391756
2320701-	1		0	Wed Mar 20 16:12:23 +0800 2013			3557959634040038	3557959634040038				3557959634040038	0			1	<a href=" rel="nofollow">专业版微博</a>	-20℃的色彩，-20℃的欢乐！一起来看Sony Handycam摄像机镜头下的#星野TOMAMU#。纯净的冰雪世界，和镜头前活力四射的人们，快带上你说走就走的激情加入他们，一起体验北海道TOMAMU的冬山之乐！@索尼影像圈 @北海道旅游达人 @星野集团			2037350781	00	3557276948246695	1397724391756
2320702-	0		4	Thu Jul 14 10:06:27 +0800 2011			14383739626	14383739626				5629023596863384863	0		#	4	<a href=" rel="nofollow">微博 weibo.com</a>	即使无法实现愿望，在某个地方也会有其他小小的幸福，等待著我们吧。			2037350781	00	0	1397724391756
2320703-	0		5	Sun Jul 17 00:28:31 +0800 2011			14599274924	14599274924				3335940726632841	0		#	4	<a href=" rel="nofollow">微博 weibo.com</a>	日本团体#岚#作为“日本之颜”正式向世界进军。由日本外务省和观光厅发起制作的“旨在向此次向东日本大地震伸出援助之手的世界各地表达谢意和欢迎之情”的观光宣传片启用岚作为主角。这个宣传片从7月11日起在CNN国际CM、美国纽约的Times Square等全世界超过133个国家和地区放映。			2037350781	00	0	1397724391757
2320704-	2		2	Sat Jul 20 06:09:06 +0800 2013			3602019132947227	3602019132947227				3602019132947227	0		#	2	<a href=" rel="nofollow">三星Galaxy SIII</a>	#星野TOMAMU#今天的云海			2037350781	00	0	1397724391757
2320705-	0		0	Wed Nov 23 17:41:08 +0800 2011			3382948625554499	3382948625554499				3382948625554499	0			0	<a href=" rel="nofollow">微博 weibo.com</a>	转发微博			2037350781	00	3382931076579350	1397724391757
2320706-	0		0	Tue Jun 25 13:40:05 +0800 2013			3593072929806006	3593072929806006				3593072929806006	0		#	4	<a href=" rel="nofollow">专业版微博</a>	6月22日，富士山Mt.Fuji 被联合国教科文组织正式列入世界遗产名录[xkl顶] 一直以来作为日本象征的富士山，随四季变换魅力各异。欣赏富士山美景，当然不可错过@星野集团 旗下精品日式温泉旅馆#星野界#伊东、热海、箱根及#星野RISONARE#热海家庭度假村！			2037350781	00	0	1397724391758
2320707-	0		0	Fri Jun 07 15:20:29 +0800 2013			3586575219109979	3586575219109979				3586575219109979	0		#	2	<a href=" rel="nofollow">专业版微博</a>	#今日京都#芒种已到，梅雨将至，京都如今每天都是钻石般透亮的青空。初夏是百花盛开的好时节，图中蓝紫色的花儿叫山紫阳花（山绣球）盛开在在虹夕诺雅 京都的庭院中，中心花蕾同普通绣球花类似，盛开煞是好看。今日午后2点左右，睡莲也惊喜地绽开小小花蕾。不由得期待每一个明天！			2037350781	00	0	1397724391758
2320708-	0		1	Sun Aug 14 15:11:22 +0800 2011			3346309763695923	3346309763695923				3346309763695923	0			2	<a href=" rel="nofollow">微博 weibo.com</a>	很漂亮！			2037350781	00	3345984310584748	1397724391758
2320709-	0		0	Mon Dec 26 16:45:34 +0800 2011			3394893445287923	3394893445287923				3394893445287923	0			0	<a href=" rel="nofollow">微博 weibo.com</a>	转发微博			2037350781	00	3394890379750851	1397724391758
2320710-	0		1	Tue Jun 19 09:48:19 +0800 2012			3458568705404125	3458568705404125				3458568705404125	0		#	0	<a href=" rel="nofollow">专业版微博</a>	#星野地区植物集#中文叫做四照花，主要生长在海拔600米至2200米的地区。看似4片花瓣，其实仔细看里面的球状物才是花瓣，正处在未开花阶段。拍摄地点：星野地区春榆广场。			2037350781	00	0	1397724391759
2320711-	0		0	Wed Sep 14 13:13:18 +0800 2011			3357514074919105	3357514074919105				3357514074919105	0		#	0	<a href=" rel="nofollow">微博 weibo.com</a>	#星野梦缘 轻井泽高原教堂#周围庭院，我们叫它［洋溢着幸福的庭院］。从新娘子的飘逸的头纱中，是否可以感受到幸福的气息。			2037350781	00	0	1397724391759
2320712-	0		0	Fri Jun 29 09:45:33 +0800 2012			3462191895884153	3462191895884153				3462191895884153	0			1	<a href=" rel="nofollow">专业版微博</a>	 美景美文美图~老宋@独臂老宋 关于#虹夕诺雅 轻井泽#的博文让我在阴雨连连的早晨心中一下安静美好了起来~[lxhx喝奶]@TokyoPlayland @日本国家旅游局JNTO @环球美食旅行			2037350781	00	0	1397724391759
2320713-	1		0	Thu Aug 01 16:34:39 +0800 2013			3606525211873034	3606525211873034				3606525211873034	0			1	<a href=" rel="nofollow">三星Galaxy SIII</a>	夏天的童话[浮云][浮云]			2037350781	00	3606444236175795	1397724391760
2320714-	2		3	Thu Sep 05 19:11:03 +0800 2013			3619248155070253	3619248155070253				3619248155070253	0		#	3	<a href=" rel="nofollow">专业版微博</a>	很久没有发布#虹夕诺雅#冲绳的消息，大家是不是很想念~即将到来的11月份种子取祭和奉纳艺能活动是竹富岛每一年最盛大隆重的祭祀，热闹的种子取祭仪式究竟是什么样子呢？ 有图有真相，今年等你来！			2037350781	00	0	1397724391760
2320715-	0		1	Tue Jul 17 22:59:38 +0800 2012			3468914715947572	3468914715947572				3468914715947572	0		#	1	<a href=" rel="nofollow">专业版微博</a>	ON SITE计划设计事务所所长Hiroki HASEGAWA为#虹夕诺雅 京都#带来了千年古都浓厚传统氛围下，京都园林与东京摩登金属工艺的碰撞。你可以再玄关的铺路石上看到很古典但不常使用的传统材料。			2037350781	00	0	1397724391760
2320716-	0		1	Wed Apr 25 11:49:31 +0800 2012			3438667873442948	3438667873442948				3438667873442948	0			0	<a href=" rel="nofollow">微博 weibo.com</a>	星野梦缘石之教堂与星野梦缘高原教堂，2个教堂风格不同但都很美！！www.nippon-wedding.com			2037350781	00	3436255763519888	1397724391760
2320717-	0		0	Sun Jul 24 15:28:08 +0800 2011			15185718392	15185718392				3338703838520477	0		#	3	<a href=" rel="nofollow">微博 weibo.com</a>	柳兰（Yanagiran）--因�花颈像柳树，而花朵像兰花，所以在日本被称�“柳兰”。＊拍摄在#虹夕诺雅 轻井泽#度假村内。			2037350781	00	0	1397724391761
2320718-	0		3	Tue Aug 07 19:27:01 +0800 2012			3476471345412480	3476471345412480				3476471345412480	0		#	3	<a href=" rel="nofollow">专业版微博</a>	在高度科技化的今天，也许你会认为，一切美轮美奂的效果都可以用光电科技完成。秉承了星野梦缘一贯的贴心用心，工作人员还是决定保留这项传统，并亲手完成全部的准备、布置、收拾工作。所有心思和汗水，只为#星野梦缘#的客人在夜色降临之际，看到这原始而纯粹的美景时，那份惊喜与感动。			2037350781	00	0	1397724391761
2320719-	0		1	Fri Sep 02 17:17:14 +0800 2011			3353226808511916	3353226808511916				3353226808511916	0			1	<a href=" rel="nofollow">微博 weibo.com</a>	对对！#星野梦缘水之教堂#~//@xtraveller非凡旅行家杂志：@星野集团			2037350781	00	3353154293650958	1397724391761
2320720-	0		1	Thu Dec 15 18:18:22 +0800 2011			3390930529196941	3390930529196941				3390930529196941	0			0	<a href=" rel="nofollow">微博 weibo.com</a>	哈哈，真是羡慕啊！！更多#星野TOMAMU度假村#介绍请点击官网：www.xingyejituan.com/ski[跳舞花][跳舞花]			2037350781	00	3390896202932097	1397724391761
2320721-	0		0	Wed May 08 13:18:23 +0800 2013			3575672855638158	3575672855638158				3575672855638158	0			0	<a href=" rel="nofollow">专业版微博</a>	对哦~最有爱的是，如果飞鼠妈妈又特殊情况，比如怀孕啦生宝宝啦~PICCHIO的工作人员会很认真的和准备参加活动的客人告知原因并取消当天的目击活动~感觉那样才是人类和自然平等相处的样子！轻井泽就是治愈系的大乐园~			2037350781	00	3575361059617154	1397724391762
2320722-	0		3	Mon Jul 08 16:27:51 +0800 2013			3597826191871701	3597826191871701				3597826191871701	0			0	<a href=" rel="nofollow">专业版微博</a>	北京-那霸复飞~对于前来#虹夕诺雅#冲绳的客人来说实在是太太太大的喜讯了！！！都复飞了，大家还等什么？！10月份是冲绳离岛最棒的季节，借着复飞的直航请来#虹夕诺雅#体验岛民的辛福生活~			2037350781	00	3596267651529578	1397724391762
2320723-	0		0	Mon Sep 19 10:10:22 +0800 2011			3359279977339034	3359279977339034				3359279977339034	0		#	1	<a href=" rel="nofollow">专业版微博</a>	#虹夕诺雅 京都#千年古城都里的贵族私邸。			2037350781	00	0	1397724391762
2320724-	0		5	Wed Jun 19 16:21:03 +0800 2013			3590939119487188	3590939119487188				3590939119487188	0			1	<a href=" rel="nofollow">专业版微博</a>	#虹夕诺雅#冲绳度假村，想象得到的完美，想象不到的纯粹！@行乐RAKU			2037350781	00	3590595014778691	1397724391763
2320725-	0		0	Mon Mar 04 17:40:23 +0800 2013			3552183578230387	3552183578230387				3552183578230387	0		#	0	<a href=" rel="nofollow">新浪体育</a>	星野Hotel Bleston Court度假村de Yukawatan法餐厅主厨滨田统之获得博古斯四季料理大赛第三名！    （分享自 @新浪户外）			2037350781	00	0	1397724391763
2320726-	0		5	Wed Jun 29 14:39:24 +0800 2011			13247876660	13247876660				5623527657933807104	0		#	5	<a href=" rel="nofollow">微博 weibo.com</a>	#虹夕诺雅 京都#@长腿叔叔 博文：【日本】虹夕诺雅-最神秘的顶极精品度假酒店（ ）。-----有些地方，还没有离开就已经开始怀念。这个秋天，不知是否还会在这里。美好让人留念！			2037350781	00	0	1397724391763
2320727-	0		17	Fri Jul 26 11:24:04 +0800 2013			3604272723692993	3604272723692993				3604272723692993	0			19	<a href=" rel="nofollow">360浏览器超速版</a>	[浮云][浮云]这就是旅行，你不可能强求一场美丽的邂逅，但意外的惊喜往往会出现在不远处[浮云][浮云]			2037350781	00	3604265286869505	1397724391763
2320728-	0		0	Fri Jun 15 11:39:17 +0800 2012			3457147078244448	3457147078244448				3457147078244448	0			0	<a href=" rel="nofollow">关联博客</a>	国际料理世界顶级美食大赛：博古斯世界烹饪大赛 			2037350781	00	0	1397724391764
2320729-	0		4	Thu Jan 31 12:01:00 +0800 2013			3540501757722329	3540501757722329				3540501757722329	0			2	<a href=" rel="nofollow">专业版微博</a>	[得意地笑]^~^			2037350781	00	3540499917341936	1397724391764
2320730-	1		5	Thu Jan 31 11:58:51 +0800 2013			3540501212891907	3540501212891907				3540501212891907	0		#	0	<a href=" rel="nofollow">专业版微博</a>	号外！号外！！#星野梦缘#Hotle Bleston Court度假村Yukawatan法餐厅主厨浜田先生在1月30日的#博古斯世界烹饪大赛Bocuse d’Or 2013#中荣获第3名！[推荐]日本的法餐料理长终于登上了梦迷以求的博古斯大赛领奖台！我们的Hamada San好帅好帅是不是[羞嗒嗒]			2037350781	00	0	1397724391764
2320731-	0		0	Mon Jul 09 00:56:37 +0800 2012			3465682660746132	3465682660746132				3465682660746132	0		#	0	<a href=" rel="nofollow">专业版微博</a>	夜晚的北京又下起雨了。愿我们不论身在何处，都能安然入梦。#虹夕诺雅 冲绳#安静的VILLA夜景在不远处等您。			2037350781	00	0	1397724391765
2320732-	0		2	Thu Jun 16 14:41:24 +0800 2011			12441524990	12441524990				5618704066062005811	0			4	<a href=" rel="nofollow">微博 weibo.com</a>	很不错哦，越来越便利了！[鼓掌] //@王超irwin：这个好！			2037350781	00	12419233440	1397724391765
2320733-	0		0	Mon Mar 05 10:49:54 +0800 2012			3420171087953397	3420171087953397				3420171087953397	0			0	<a href=" rel="nofollow">关联博客</a>	《闽南画报》2011年12月 报道 虹夕诺雅-京都 报道 			2037350781	00	0	1397724391765
2320734-	0		4	Fri Oct 19 16:10:43 +0800 2012			3502876263384714	3502876263384714				3502876263384714	0			3	<a href=" rel="nofollow">专业版微博</a>	活动最后一天啦~各位要加油咯^~^ [求关注]			2037350781	00	3501409372309683	1397724391765
2320735-	0		1	Mon Oct 29 18:24:31 +0800 2012			3506533813465043	3506533813465043				3506533813465043	0		#	5	<a href=" rel="nofollow">专业版微博</a>	#红叶报告#来看看10月26日的#虹夕诺雅 轻井泽#度假村内的红叶状况：星野温泉的看板前面，可以看到金黄的树叶~水波房的窗外，也已经是大片大片的红叶啦~~			2037350781	00	0	1397724391766
2320736-	0		0	Thu Apr 11 16:21:14 +0800 2013			3565934394292703	3565934394292703				3565934394292703	0			1	<a href=" rel="nofollow">360浏览器超速版</a>	#虹夕诺雅#竹富岛的健康早餐 @星野集团			2037350781	00	3565811371010396	1397724391766
2320737-	0		1	Tue Aug 07 18:46:20 +0800 2012			3476461106889953	3476461106889953				3476461106889953	0		#	8	<a href=" rel="nofollow">专业版微博</a>	8月份,#星野梦缘#Hotel Bleston Court的工作人员都会格外忙碌。每天下午，2千盏烛灯将要被一一点燃并按设计好的位置摆放在酒店庭院内。下午开始全体工作人员都加入进Summer Candle的准备活动中来。烛灯大约可以燃烧6个多小时，第二天一大早，2000盏燃尽的烛灯又会被工作人员回收,以保证游客的好心情。			2037350781	00	0	1397724391766
2320738-	6		3	Fri Nov 01 21:27:43 +0800 2013			3639938648261082	3639938648261082				3639938648261082	0		#	11	<a href=" rel="nofollow">三星Galaxy SIII</a>	#虹夕诺雅#轻井泽，今日红叶快报！10月底~11月初是轻井泽高原红叶最盛的时节。			2037350781	00	0	1397724391766
2320739-	0		3	Mon Jul 04 18:37:44 +0800 2011			13620717400	13620717400				5625444501830525392	0			0	<a href=" rel="nofollow">微博 weibo.com</a>	回复@only_japan:在北海道的中心，离富良野很近，坐JR直接到TOMAMU站就可以，交通很方便。网址是：www.snowtomamu.jp>随时欢迎！ //@only_japan:回复@星野集团: 在哪个城市?有网址吗?			2037350781	00	13514096292	1397724391767
2320740-	0		2	Thu Jan 17 20:07:34 +0800 2013			3535550776459330	3535550776459330				3535550776459330	0			1	<a href=" rel="nofollow">iPad客户端</a>	[太开心]好棒好棒?#星野TOMAMU#度假村的大连教练，中国客人前来完全不用担心语言问题?最重要的是那诱人的上瘾的粉雪吖[雪][雪] @北海道旅游达人 快给许教练看看吧?另外某小朋友说好思念你[偷笑]			2037350781	00	3535543239621357	1397724391767
2320741-	0		14	Wed Jun 19 17:53:09 +0800 2013			3590962301706693	3590962301706693				3590962301706693	0		#	17	<a href=" rel="nofollow">专业版微博</a>	@星野集团 携手高端旅游度假服务品牌 @鸿鹄逸游 ，特别推出星野系列专页 为您打造超越期待的顶级私人假期！			2037350781	00	0	1397724391767
2320742-	0		4	Mon Jun 03 18:15:45 +0800 2013			3585169774966973	3585169774966973				3585169774966973	0		#	7	<a href=" rel="nofollow">专业版微博</a>	#虹夕诺雅#京都度假村将在今年7月1日-8月7日为您奉献“竹与光之歌”七夕Party! 在宁静的仲夏傍晚，和至爱之人携手走出房间散步，您将会瞬间坠入竹林与光影编织的梦幻时空中。竹灯营造出银河般烂漫璀璨的庭院BAR Time, 川风清凉、光影绰约，请不要错过这唯美的感动时刻！			2037350781	00	0	1397724391768
2320743-	0		3	Fri Apr 19 15:05:45 +0800 2013			3568814505855305	3568814505855305				3568814505855305	0		#	6	<a href=" rel="nofollow">专业版微博</a>	#今日京都#京都八重樱的全盛期，从虹夕诺雅 京都度假村的餐厅看向窗外，是繁花与新绿让眼睛惊喜的对比度！正值谷雨节气，明天会有少量的温暖春雨降下。珍贵的春雨是大自然的恩惠，每一场春雨会让枫树的绿意更浓一层，待到秋季就会化成更炽热的红！感谢你，请让我快些成长！			2037350781	00	0	1397724391768
2320744-	0		0	Fri Apr 26 20:33:20 +0800 2013			3571433655809214	3571433655809214				3571433655809214	0			0	<a href=" rel="nofollow">优酷网连接分享</a>	一个小小的寄木细工盒子，需要的工序和时间之繁杂、构思之巧奇超乎你的想象！【视频：寄木�工的制作流程】   而这样的寄木细工匠人目前在箱根地区仅有不足100人。在星野集团旗下精品温泉旅馆――星野界 箱根 的CHAYA茶室，你仍可以看到精美的寄木细工制品。			2037350781	00	0	1397724391768
2320745-	0		0	Mon Sep 10 14:52:02 +0800 2012			3488723335264131	3488723335264131				3488723335264131	0		#	1	<a href=" rel="nofollow">专业版微博</a>	#星野RISONARE 八岳#从前为大家所知是因为#花园教堂ZONA#，事实上这里更是日本葡萄酒之乡、红酒的宝库！在WINE HOUSE汇集了山梨、长野两县交界土地上24类优良葡萄酒，可以选择一杯一杯式的#品酒式购买方式#，喜欢的味道可以买来赠送亲友或自己收藏，是只有来到这里才能体味到的旅行的深奥妙趣。			2037350781	00	0	1397724391768
2320746-	0		0	Fri Jun 14 12:41:40 +0800 2013			3589071966581129	3589071966581129				3589071966581129	0		#	3	<a href=" rel="nofollow">专业版微博</a>	#今日京都#今天又是#虹夕诺雅#京都炎夏的一天，绿油油的叶子有着蓬勃的生命力。感谢古人充满智慧的恩赐，让我们可以在夏日得享清凉！房子的结构设计通风并可以让房间凉下来，剔透冰柱、空中的风铃，让您的五感都在体验着虹夕诺雅的美妙。喜欢夏天，幸福可以如此简单！			2037350781	00	0	1397724391769
2320747-	0		4	Wed Jul 11 20:12:29 +0800 2012			3466698315072001	3466698315072001				3466698315072001	0		#	2	<a href=" rel="nofollow">专业版微博</a>	温泉文化是日本本土和海外追求健康生活的人士共同注目的传统文化，【星野界】带您走近日本非凡的精品温泉旅馆。在#星野界 阿苏#，你能享受到阿苏山对人类的恩惠和旺盛的生命力.位于林立树木中的12间Villa式客房，每间都有独立而私密的温泉，您可以自由选择公共温泉与私人温泉。@日本旅游			2037350781	00	0	1397724391769
2320748-	2		1	Wed Jul 03 23:41:16 +0800 2013			3596123333899047	3596123333899047				3596123333899047	0			2	<a href=" rel="nofollow">三星Galaxy SIII</a>	@姚笛 和@Voyage新旅行 团队前往纯美静谧的#虹夕诺雅#冲绳（竹富岛），此次海岛治愈之旅都有哪些难忘经历？奇妙、感动、启示、离岛之乐，将在本期新旅行与你一一分享@星野集团			2037350781	00	3595935621458972	1397724391769
2320749-	1		6	Fri Jun 07 16:25:31 +0800 2013			3586591581033694	3586591581033694				3586591581033694	0		#	12	<a href=" rel="nofollow">专业版微博</a>	虹夕诺雅 巴厘度假村概念图大曝光！6月5日星野集团在东京举行了顶级奢华度假酒店品牌#虹夕诺雅#的首家海外设施――虹夕诺雅 巴厘度假村的新闻发布会，期间公布了度假村的概念手绘图。相信2014年6月开业的虹夕诺雅 巴厘会将日本本土顶级酒店服务于美丽的巴厘完美结合，带给大家更多惊喜与期待！			2037350781	00	0	1397724391770
2320750-	0		0	Thu Jul 07 17:40:08 +0800 2011			13855892040	13855892040				5626542913942833840	0			1	<a href=" rel="nofollow">微博 weibo.com</a>	@全日空航空_ANA 你们好有爱心捏~~~[心]			2037350781	00	13852438624	1397724391770
2320751-	0		1	Fri Mar 02 10:28:39 +0800 2012			3419078578861870	3419078578861870				3419078578861870	0			1	<a href=" rel="nofollow">微博 weibo.com</a>	是哟，那你还不赶紧来体验下。[爱你]//@一八一二: 仔细看了大图，的确那两个塔楼外墙涂装了雪地森林迷彩。他们的确想了很多办法让这两个tower在雪场不太突兀，融入自然。			2037350781	00	3418808264346462	1397724391770
2320752-	4		10	Tue Sep 24 19:08:45 +0800 2013			3626132937431000	3626132937431000				3626132937431000	0		#	30	<a href=" rel="nofollow">专业版微博</a>	日本温泉文化相信“一期一会”的珍贵相逢，#星野界#以传统开阔的和室空间、天然温泉的美肌力量、精致鲜美的怀石料理、地域区别的独特魅力带给您关于精致的感动。#温泉旅馆#限定特惠计划大公开 聚焦东京圈四大著名温泉乡，在享受便捷高效的交通同时，发现秋日温泉旅馆的疗愈秘密			2037350781	00	0	1397724391770
2320753-	0		0	Thu Jul 28 13:10:55 +0800 2011			15502806528	15502806528				3340118857501962	0		#	2	<a href=" rel="nofollow">微博 weibo.com</a>	#星野TOMAMU度假村#北海道中央，这里四面环山?风景秀丽，在丰富的大自然中度过一个难忘的“北海道假日”。			2037350781	00	0	1397724391771
2320754-	0		5	Wed Jul 18 20:28:02 +0800 2012			3469238943418723	3469238943418723				3469238943418723	0			0	<a href=" rel="nofollow">专业版微博</a>	转发微博			2037350781	00	3469160362962493	1397724391771
2320755-	0		5	Fri Jul 01 16:45:26 +0800 2011			13400847860	13400847860				5624302306822756290	0		#	13	<a href=" rel="nofollow">微博 weibo.com</a>	#虹夕诺雅 轻井泽#尤其是到了夏天，躺着、坐着、聊聊天，真的很舒服，稀饭的感觉~~			2037350781	00	0	1397724391771
2320756-	0		2	Fri Feb 24 07:25:27 +0800 2012			3416495759703436	3416495759703436				3416495759703436	0			1	<a href=" rel="nofollow">iPhone客户端</a>	嗯嗯[哈哈][哈哈]谢谢支持！大家用力考虑哟，现场过来咨询解答疑问，拿礼物哟[爱你][爱你][爱你] //@余盈YUYU:星野旗下的度假村教堂真的好美，新人�要用力考�下^^			2037350781	00	3416294990622112	1397724391772
2320757-	0		1	Sun May 13 14:05:52 +0800 2012			3445225177939416	3445225177939416				3445225177939416	0			2	<a href=" rel="nofollow">微博 weibo.com</a>	感谢对#虹夕诺雅 京都#的喜爱！确实美呢！			2037350781	00	3427838650495812	1397724391772
2320758-	0		1	Wed Jul 20 16:54:19 +0800 2011			14871933311	14871933311				3337275975358408	0			3	<a href=" rel="nofollow">微博 weibo.com</a>	终于找到你了！7月13日@BTV四海漫游 。#虹夕诺雅 京都#部分~			2037350781	00	14684841808	1397724391772
2320759-	0		0	Tue Aug 16 10:02:11 +0800 2011			3346956730862021	3346956730862021				3346956730862021	0		#	1	<a href=" rel="nofollow">微博 weibo.com</a>	#星野奥入濑溪流温泉酒店#--夜空观赏会登场！在八甲田山中的广阔高原上，可以360°享受夜晚星空的美景！可以一家人躺在地面上，拿上望远镜细数夜空的繁星。运气好的话，还可以看见流星！这一刻繁星的光辉、这一份感动、可以永远留在你的心里。			2037350781	00	0	1397724391772
2320760-	0		0	Tue Feb 05 16:18:33 +0800 2013			3542378511741804	3542378511741804				3542378511741804	0		#	1	<a href=" rel="nofollow">专业版微博</a>	上周末不知是怎么，轻井泽的气温特别高，就像春天到了一样，天气特别好，晴空一望无际。每周日是#星野集团#轻井泽高原教堂举行的福音礼拜的日子。从早上我们的福音歌队就在教堂旁边的牧师馆中进行发音练习。如此好的天气下在教堂里面听福音歌真的是好舒服的一天呀~			2037350781	00	0	1397724391773
2320761-	0		5	Fri Jul 15 16:23:59 +0800 2011			14496846866	14496846866				3335456402405017	0		#	16	<a href=" rel="nofollow">微博 weibo.com</a>	安藤忠雄--#星野梦缘#水之教堂--执子之手，与子偕老。			2037350781	00	0	1397724391773
2320762-	0		0	Fri Apr 06 10:13:31 +0800 2012			3431758343804742	3431758343804742				3431758343804742	0			0	<a href=" rel="nofollow">关联博客</a>	星野界 出云 精品温泉旅馆 			2037350781	00	0	1397724391773
2320763-	0		4	Fri Jul 13 21:33:03 +0800 2012			3467443366204941	3467443366204941				3467443366204941	0		#	0	<a href=" rel="nofollow">专业版微博</a>	#虹夕诺雅植物集#今天给大家带来关于度假村内花儿的介绍。紫藤花，这是生长在虹夕诺雅轻井泽度假村内的野生植物，花语―醉人的恋情、沉迷的爱。紫藤花主要分布在中国、日本和朝鲜，具有非常优秀的园林观赏、装饰作用，同时也可食用和入药。			2037350781	00	0	1397724391773
2320764-	2		14	Mon Aug 05 17:51:36 +0800 2013			3607994128615391	3607994128615391				3607994128615391	0		#	91	<a href=" rel="nofollow">专业版微博</a>	#虹夕诺雅#京都米其林星餐厅夏季料理，味觉、视觉、嗅觉、触觉、精神，五感结合的享受！@米其林指南 @面包旅行 @蚂蜂窝旅游攻略 @日本旅游美食大收集			2037350781	00	0	1397724391774
2320765-	0		0	Fri May 11 10:08:54 +0800 2012			3444440758565202	3444440758565202				3444440758565202	0			1	<a href=" rel="nofollow">微博 weibo.com</a>	回复@麦韬旅游:感谢推荐！#虹夕诺雅 冲绳#是虹夕诺雅品牌下的第三家酒店，于今年6月1日开业。请大家多多支持！ //@麦韬旅游:要我我会推荐这家 @星野集团			2037350781	00	3444257115626625	1397724391774
2320766-	0		1	Mon Jun 20 09:42:05 +0800 2011			12660809433	12660809433				5620111273442553999	0		#	0	<a href=" rel="nofollow">微博 weibo.com</a>	【野鸟之森林】旅居在星野度假村的中西悟堂（野鸟协会创建者），称星野温泉周边的森林是日本极其稀有的野鸟之宝库，之后，于1974年被指定为国立轻井泽野鸟森林，以保护生态环境。每年都有100种以上的野鸟飞到这里来，并筑巢生存，成为了观察鸟类的向往之地。			2037350781	00	0	1397724391774
2320767-	1		7	Thu Jul 25 20:36:35 +0800 2013			3604049381525830	3604049381525830				3604049381525830	0		#	27	<a href=" rel="nofollow">专业版微博</a>	[xkl顶]让你的五感更加喜爱甜品！第8届轻井泽甜品博览会将于8月6~9日、在星野Hotel Bleston Court与大家甜蜜相约。在此期间内入住#虹夕诺雅#轻井泽或#星野梦缘#HBC的客人请一定不要错过这场甜品世界的梦幻奇遇~			2037350781	00	0	1397724391775
2320768-	0		3	Wed Jun 29 09:37:03 +0800 2011			13226577260	13226577260				5623449742927965575	0			1	<a href=" rel="nofollow">微博 weibo.com</a>	美好的#轻井泽#！			2037350781	00	12817370880	1397724391775
2320769-	0		7	Wed Mar 20 16:13:49 +0800 2013			3557960002926609	3557960002926609				3557960002926609	0			7	<a href=" rel="nofollow">专业版微博</a>	[bm可爱]很适合现在的心情~			2037350781	00	3557632650502630	1397724391775
2320770-	0		9	Wed Jun 05 20:48:30 +0800 2013			3585932987357782	3585932987357782				3585932987357782	0		#	9	<a href=" rel="nofollow">微活动</a>	15套云海明信片等你领回家~快来参加“星野TOMAMU云海明信片有奖竞答”吧 地址：			2037350781	00	0	1397724391776
2320771-	0		2	Thu Jun 30 18:05:45 +0800 2011			13332152428	13332152428				5623951919098582564	0		#	2	<a href=" rel="nofollow">微博 weibo.com</a>	#日本 轻井泽#鸣子百合，百合花的一种，主要生长在山林的树下，因为看起来像田地里的“防鸟铃”所以在日本被称为“鸣子百合”。春至夏季开花，白色，生喜冷凉，冬季茎叶萎凋休眠。 ＊拍摄在#轻井泽#星野度假村			2037350781	00	0	1397724391776
2320772-	0		6	Fri Oct 28 09:26:49 +0800 2011			3373402144692239	3373402144692239				3373402144692239	0			2	<a href=" rel="nofollow">微博 weibo.com</a>	今天@董璇 @高云翔在云端 在我们#轻井泽#的#星野梦缘 石之教堂#举办属于2个人的婚礼仪式！祝他们幸福！！			2037350781	00	3373400577735068	1397724391776
2320773-	0		2	Thu May 16 11:14:44 +0800 2013			3578540840759389	3578540840759389				3578540840759389	0			0	<a href=" rel="nofollow">专业版微博</a>	[太开心]社长还是那么帅~我下次一定要去你的时光花园看看~//@日本宅人-凌蔺: 决定要做的事情再晚再累也要实施啊~[嘻嘻]而且星野先生时间很难排的说~@星野集团 他来我们@时光花园咖啡 真实开心死我了[心]关键是他很喜欢我们的咖啡店！！很关键！			2037350781	00	3577400652846664	1397724391776
2320774-	0		6	Fri Jun 10 11:01:33 +0800 2011			12063495725	12063495725				5616420900101155727	0		#	6	<a href=" rel="nofollow">微博 weibo.com</a>	为普及地下铁礼仪，方便乘客乘坐，1974年9月起东京地铁每月都会更换最新的地下铁宣传海报。2011年度的最新海报标语是“瞅到过酱紫的人”，巧用动物生动幽默的形象，向人们呼吁正确乘坐地下铁的礼仪规范。2011年4月版----つめて座って、もうひと席。ご�力を（挨着坐，多个位，谢谢大家合作。）			2037350781	00	0	1397724391777
2320775-	0		1	Fri Aug 05 23:38:26 +0800 2011			3343175880428083	3343175880428083				3343175880428083	0			1	<a href=" rel="nofollow">微博 weibo.com</a>	//@长腿叔叔：谢谢@头条博客 的推荐			2037350781	00	3343123258739401	1397724391777
2320776-	0		0	Mon Sep 26 10:21:55 +0800 2011			3361819599407231	3361819599407231				3361819599407231	0		#	1	<a href=" rel="nofollow">微博 weibo.com</a>	#星野梦缘 轻井泽高原教堂#所在的#轻井泽#，附近的浅间山是一座火山，在山脚下所拍摄的婚纱照真的是非常浪漫。			2037350781	00	0	1397724391777
2320777-	0		1	Mon Jun 13 09:27:02 +0800 2011			12227632752	12227632752				5617509798870728605	0		#	3	<a href=" rel="nofollow">微博 weibo.com</a>	为普及地下铁礼仪，方便乘客乘坐，1974年9月起东京地铁每月都会更换最新的地下铁宣传海报。2011年度的最新海报标语是“瞅到过酱紫的人”，巧用动物生动幽默的形象，向人们呼吁正确乘坐地下铁的礼仪规范。2011年5月版---あせらず走らず、ゆとりをもって。（请莫慌不要跑，留点宽裕从容些。）			2037350781	00	0	1397724391777
2320778-	0		3	Wed Aug 01 19:33:07 +0800 2012			3474298561863898	3474298561863898				3474298561863898	0		#	3	<a href=" rel="nofollow">专业版微博</a>	中国和日本的暑期都已经到来，在#虹夕诺雅 轻井泽#可以看到超多小朋友和学生，对孩子们来说，参加Picchio野鸟森林的safari就是非常适合的亲近大自然的活动。Picchio的向导手中是飞鼠的1:1玩偶，超乎想象吧~原来这超萌物还是个大家伙[拍手]			2037350781	00	0	1397724391778
2320779-	0		3	Wed Oct 12 10:26:11 +0800 2011			3367618878850900	3367618878850900				3367618878850900	0		#	8	<a href=" rel="nofollow">微博 weibo.com</a>	10月3日，一对北京的新人在#星野梦缘 石之教堂#的独特的空间之下，举行独一无二的只属于两个人的婚礼仪式，清晰庄重的感觉，一生最感动的瞬间定格在此刻！			2037350781	00	0	1397724391778
2320780-	0		3	Sat Aug 13 16:44:26 +0800 2011			3345970796817038	3345970796817038				3345970796817038	0		#	2	<a href=" rel="nofollow">微博 weibo.com</a>	分享图片.#星野梦缘#轻井泽高原教堂，为新人准备的小温暖。			2037350781	00	0	1397724391778
2320781-	0		7	Wed Sep 05 10:45:51 +0800 2012			3486849437387228	3486849437387228				3486849437387228	0		#	2	<a href=" rel="nofollow">专业版微博</a>	北京已经开始转凉，而轻井泽的早晚也有了凉意。最近一段时间，每天天气都是这么好^~^在8月份，#石之教堂#会开放到晚上十点，大家看到的白色灯塔会在晚上来装饰#石之教堂#，充满了庄严和神秘感[许愿]而#高原教堂#则会用500个以上的蜡烛来装点，让人感到温馨和浪漫[羞嗒嗒]			2037350781	00	0	1397724391779
2320782-	0		8	Tue Nov 15 10:48:44 +0800 2011			3379945743095592	3379945743095592				3379945743095592	0			0	<a href=" rel="nofollow">微博 weibo.com</a>	恭喜恭喜！！[鼓掌][鼓掌]这期滑雪的有我们#北海道#的#星野TOMAMU度假村#吗？？期待中~			2037350781	00	3379793066221624	1397724391779
2320783-	0		1	Wed Jul 11 23:22:29 +0800 2012			3466746143250673	3466746143250673				3466746143250673	0		#	8	<a href=" rel="nofollow">专业版微博</a>	这里是梁静茹的《崇拜》，是林宥嘉的《勉强幸福》，是纯净剔透到窒息的祈祷，是天父博爱的祝福，是幸福的第一步脚印。#北海道TOMAMU#的【水の教堂】在此处为你而美好。			2037350781	00	0	1397724391779
2320784-	0		5	Wed Sep 14 15:44:29 +0800 2011			3357552121218332	3357552121218332				3357552121218332	0		#	7	<a href=" rel="nofollow">微博 weibo.com</a>	昨天在#星野梦缘 轻井泽高原教堂#，一对来自北京的新人举行了婚礼。#轻井泽#的天气也特别晴朗。蓝天上飘着白云~在蔚蓝的天空下的闪耀这的两个人的结婚戒指，好浪漫！！！ @elleire @西服小丑脱帽			2037350781	00	0	1397724391779
2320785-	0		0	Wed Mar 28 09:35:13 +0800 2012			3428487220618012	3428487220618012				3428487220618012	0			0	<a href=" rel="nofollow">媒体版微博</a>	#星野梦缘 石之教堂#www.xingyejituan.com/wedding			2037350781	00	3428313572191001	1397724391780
2320786-	0		1	Thu Mar 22 14:34:13 +0800 2012			3426388134716379	3426388134716379				3426388134716379	0		#	1	<a href=" rel="nofollow">iPhone客户端</a>	#酷讯旅游体验师分享会# 星野集团作为合作伙伴参加，支持更多的人行动去旅游！@酷讯旅游 总裁讲话。			2037350781	00	0	1397724391780
2320787-	0		5	Mon Nov 07 16:14:19 +0800 2011			3377128576079234	3377128576079234				3377128576079234	0		#	4	<a href=" rel="nofollow">微博 weibo.com</a>	分享图片.#轻井泽#11月4日的红叶,是不是很漂亮!!!			2037350781	00	0	1397724391780
2320788-	0		1	Thu Apr 25 16:42:17 +0800 2013			3571013126653512	3571013126653512				3571013126653512	0		#	1	<a href=" rel="nofollow">专业版微博</a>	#星野猜猜看#在日本很多地方都保留着精巧独特的手工艺制作技术，这些经过民间匠人巧思妙想制作出来的精美艺术品，大多极富源于自然的灵感与智慧。今天带给大家的题目是，这些美丽多彩的木质拼接手工艺品是哪里的特产、叫什么名字呢？快来官网寻找答案吧 正确答案明天揭晓~			2037350781	00	0	1397724391781
2320789-	0		1	Thu Jul 07 11:17:29 +0800 2011			13825881530	13825881530				5626444305799881910	0			3	<a href=" rel="nofollow">微博 weibo.com</a>	//@日本国家旅游局JNTO：京都是日本之行一定要去的一个地方。“新浪日本旅游探路行”用亲身感受告诉我们现在的京都是安全的。希望朋友们继续关注日本。			2037350781	00	12749636318	1397724391781
2320790-	0		8	Tue May 29 10:08:36 +0800 2012			3450963664507882	3450963664507882				3450963664507882	0		#	5	<a href=" rel="nofollow">专业版微博</a>	#星野梦缘 水之教堂#在属于我们的世界，许下我们的誓言。在蓝蓝的天空下，随风摇摆的树木和鸟儿们的朗朗鸣叫声… 一个被北海道大自然环绕，随着季节的变化而不同风景的场所。在建筑师安藤忠雄所创造的教堂里，自然界的神灵们将成为证人。早！幸福的人们！			2037350781	00	0	1397724391781
2320791-	0		0	Thu Nov 24 14:15:50 +0800 2011			3383259351810184	3383259351810184				3383259351810184	0			0	<a href=" rel="nofollow">微博 weibo.com</a>	#虹夕诺雅 轻井泽#！请看博文！			2037350781	00	3382477691912356	1397724391781
2320792-	0		0	Thu Dec 13 11:45:50 +0800 2012			3522740931284148	3522740931284148				3522740931284148	0		#	0	<a href=" rel="nofollow">专业版微博</a>	#星野梦缘#圣诞节越来越近，轻井泽高原教堂的庭院中也越来越有圣诞气息。今年圣诞树仍由星野Hotel Bleston Court的全体同事一起来设计完成,大家用闪亮剔透的水晶和彩带做成的各种美丽形状装点圣诞树，整个庭院中也别有一番风味[求关注]酒店大堂的圣诞树看上去则更传统,早早就布置了各式花朵和彩球~			2037350781	00	0	1397724391782
2320793-	0		4	Tue Jun 12 17:00:47 +0800 2012			3456140824162404	3456140824162404				3456140824162404	0		#	1	<a href=" rel="nofollow">专业版微博</a>	#星野RISONARE小滨岛#帆板玩乐绝佳地。位于冲绳离岛的小滨岛每年都吸引日本全国的帆板爱好者聚集于此。因为它的绝佳地理位置，具备每天安定的风速及宽广的坡度使得小滨岛的东海岸可以说是神创造的帆板胜地。热爱帆板的童鞋及0基础盆友不妨来这里体验，1个小时即可学会哟！！			2037350781	00	0	1397724391782
2320794-	0		2	Thu Apr 11 16:19:21 +0800 2013			3565933920296376	3565933920296376				3565933920296376	0			0	<a href=" rel="nofollow">专业版微博</a>	哈哈~我想起来每次到日本，早中晚餐加起来差不多要吃6、7个小时，真是超幸福的人生！只要有美食就可以开心一整天~~话说琉球料理怎么样~			2037350781	00	3565830963274519	1397724391782
2320795-	0		2	Thu Jun 14 18:16:24 +0800 2012			3456884629178208	3456884629178208				3456884629178208	0		#	0	<a href=" rel="nofollow">专业版微博</a>	博古斯世界烹饪大赛亚洲选拔赛结果揭晓：第一名、新加坡；第二名：日本（星野Bleston Court Yukawatan总厨师长#浜田统之#）；第三名：斯里兰卡；第四名：中国。这四位将前往法国里昂参加2013年1月举办的世界大赛。值得一提的是现场唯一一个助理奖被日本团队获得。祝贺获奖的厨师们！			2037350781	00	0	1397724391783
2320796-	0		0	Wed Oct 12 14:23:31 +0800 2011			3367678605912254	3367678605912254				3367678605912254	0			1	<a href=" rel="nofollow">微博 weibo.com</a>	希望更多的人来到轻井泽，拥有更多美好的回忆！//@�寅-快�幸福每一天：鼓掌!轻井泽的确是个浪漫，让人心生太多美好的地方，我和爱人牵手走在轻井泽，一起骑自行车在林间小道，午后依偎在咖啡馆的沙发里看书，那场景那感觉很难忘~~~~~			2037350781	00	3367618878850900	1397724391783
2320797-	0		1	Tue Jan 29 10:55:06 +0800 2013			3539760393518531	3539760393518531				3539760393518531	0			1	<a href=" rel="nofollow">360安全浏览器</a>	转发微博			2037350781	00	3538615764674769	1397724391783
2320798-	0		2	Fri Apr 13 22:39:03 +0800 2012			3434482684460003	3434482684460003				3434482684460003	0			2	<a href=" rel="nofollow">微博 weibo.com</a>	马上去看看，嘿嘿！ 我还没看呢//@王月心:[爱你][花心] //@薇子在看来看去:期待点击率继续攀高[威武][干杯][干杯]@陈思成 @佟丽娅 @�叫我uncle @星野集团 @杨杨旭 @茵紫周 @CuSO4 //@小Fsir:看着点击量瞬间暴涨一万，我都不想下班了~[嘻嘻]			2037350781	00	3434437511890154	1397724391784
2320799-	0		1	Tue Jul 26 17:11:03 +0800 2011			15377863946	15377863946				3339454513529414	0		#	3	<a href=" rel="nofollow">微博 weibo.com</a>	安藤忠雄#星野梦缘#水之教堂。冬天是不是有不一样的美？但那种感觉你们懂的~[心]			2037350781	00	0	1397724391784
2320800-	0		2	Mon May 21 18:13:40 +0800 2012			3448186641116881	3448186641116881				3448186641116881	0		#	2	<a href=" rel="nofollow">微博 weibo.com</a>	@Tinky_丁：请问机场到度假村的巴士最晚几点？我坐20：00到达的航班还有车吗？----dear @Tinky_丁：感谢您的咨询！20:00到达的话应该是没有航班了。但是应该是还有新干线可以乘坐的，直接到TOMAMU站即可。以下图片为夏季#星野TOMAMU#夏季巴士运行表，您可以查看一下，希望对你有所帮助哟！			2037350781	00	0	1397724391784
2320801-	0		2	Mon Jun 03 10:42:33 +0800 2013			3585055723494158	3585055723494158				3585055723494158	0			2	<a href=" rel="nofollow">360浏览器超速版</a>	#虹夕诺雅 京都#很快将要推出非常惊艳的活动哦@星野集团			2037350781	00	3583707477158324	1397724391784
2320802-	0		4	Tue Apr 10 11:37:48 +0800 2012			3433229106886536	3433229106886536				3433229106886536	0		#	1	<a href=" rel="nofollow">微博 weibo.com</a>	时尚旅游“2012中国旅游金榜”投票已拉开帷幕，支持#虹夕诺雅 轻井泽# （HOSHINOYA Karuizawa）(日本）与#虹夕诺雅 京都 #（HOSHINOYA Kyoto）（日本），请点击下面链接			2037350781	00	0	1397724391785
2320803-	2		1	Fri Nov 22 11:16:38 +0800 2013			3647395008845610	3647395008845610				3647395008845610	0		#	10	<a href=" rel="nofollow">360浏览器超速版</a>	最具圣诞气氛的#家庭度假村# RISONARE山梨八岳，150米长的甜椒小路被300棵圣诞树温暖围绕。和最重要的人来这里吧，在满天星斗的祝福下，在走向ZONA花园教堂的路上度过今年最后的浪漫节日。 圣诞点灯仪式：11月8日~12月25日，每晚日落~22:00[发礼物][要礼物]			2037350781	00	0	1397724391785
2320804-	0		5	Fri Apr 13 11:21:46 +0800 2012			3434312235767014	3434312235767014				3434312235767014	0			1	<a href=" rel="nofollow">微博 weibo.com</a>	4月19日，敬请期待！！ //@陈思成官方网站:又文艺又清新又帅又害羞的陈导，真让人受不了了！！！怎么能等到19号呢？？？[可怜][可怜]#风尚志携手陈思成佟丽娅日本行#			2037350781	00	3434127858147070	1397724391785
2320805-	0		2	Thu Sep 29 18:31:57 +0800 2011			3363030083684803	3363030083684803				3363030083684803	0			0	<a href=" rel="nofollow">微博 weibo.com</a>	谢谢你！对的，我们6月份有邀请旅游情报的编辑到#虹夕诺雅 轻井泽#体验！谢谢你看到！对的，轻井泽（离东京1个小时的避暑胜地）和京都各有一家，2012年#虹夕诺雅 冲绳#也即将开业！下次请您一定要来虹夕诺雅体验！			2037350781	00	3351443470546219	1397724391785
2320806-	0		0	Wed Dec 14 15:00:34 +0800 2011			3390518375197058	3390518375197058				3390518375197058	0			0	<a href=" rel="nofollow">微博 weibo.com</a>	回复@hosinoya:NO,NO,NO，正式的用英文名是HOSHINOYA Karuizawa.中文是虹夕诺雅 轻井泽[可爱][可爱][可爱] //@hosinoya:酒店就是@星野集团 旗下的位于轻井泽的度假酒店！名字就是我的微博名字。。。我那是日文串法，正式英文是hoshinoya resort[哈哈][哈哈][哈哈]			2037350781	00	3390469077924245	1397724391786
2320807-	2		3	Thu Sep 05 19:11:03 +0800 2013			3619248155070253	3619248155070253				3619248155070253	0		#	3	<a href=" rel="nofollow">专业版微博</a>	很久没有发布#虹夕诺雅#冲绳的消息，大家是不是很想念~即将到来的11月份种子取祭和奉纳艺能活动是竹富岛每一年最盛大隆重的祭祀，热闹的种子取祭仪式究竟是什么样子呢？ 有图有真相，今年等你来！			2037350781	00	0	1397724391786
2320808-	0		0	Wed Nov 02 10:30:23 +0800 2011			3375230080819129	3375230080819129				3375230080819129	0			0	<a href=" rel="nofollow">微博 weibo.com</a>	[鼓掌] [鼓掌] [鼓掌] ！			2037350781	00	3375052064515785	1397724391786
2320809-	1		1	Wed Jul 31 13:18:55 +0800 2013			3606113566070757	3606113566070757				3606113566070757	0			2	<a href=" rel="nofollow">专业版微博</a>	这个完全不用担心~因为虹夕诺雅 冲绳全部48间客房都是独户独院落的VILLA型客室，算上院子每间客房面积约250~300�，和周围“邻居”之间有非常宽敞的空间隔离哦[偷笑] //@朝阳之心:漂亮，但木结构太多的话不知隔音效果怎么样。			2037350781	00	3573952167199962	1397724391787
2320810-	0		1	Fri Dec 16 10:09:56 +0800 2011			3391170002244262	3391170002244262				3391170002244262	0			0	<a href=" rel="nofollow">微博 weibo.com</a>	开心啊！听到这样的评语！#虹夕诺雅 轻井泽#的奢华与顶级并不只表现在外在[哈哈][哈哈][哈哈]我们会不断努力的！亲爱的@hosinoya [good]			2037350781	00	3390997484609889	1397724391787
2320811-	0		3	Fri Jun 29 09:18:13 +0800 2012			3462185013368249	3462185013368249				3462185013368249	0			0	<a href=" rel="nofollow">微博 weibo.com</a>	[羞嗒嗒]照片拍得好棒~			2037350781	00	3461984559762121	1397724391787
2320812-	0		2	Tue Jun 26 11:18:46 +0800 2012			3461128182785413	3461128182785413				3461128182785413	0		#	5	<a href=" rel="nofollow">专业版微博</a>	最近几天一直没有出现云海的北海道#星野TOMAMU#，今天早晨终于又见到[浮云]云海[浮云]啦！受太平洋副热带高气压气流控制，今早Terrace气温为9℃-13℃，云海可见时间持续了约40分钟，在7:30时展露出全貌。上图：云海初阶段景观，下图：眺望云海中（视野约50m）。云海Terrace的营业时间为5:00-8:00。			2037350781	00	0	1397724391787
2320813-	0		11	Thu Jul 14 12:10:38 +0800 2011			14393557288	14393557288				5629055598666614580	0		#	6	<a href=" rel="nofollow">微博 weibo.com</a>	送上可爱的日本便当~~~吃饱饱~[西瓜]			2037350781	00	0	1397724391788
2320814-	0		3	Wed Aug 01 19:39:06 +0800 2012			3474300059051619	3474300059051619				3474300059051619	0		#	1	<a href=" rel="nofollow">专业版微博</a>	向导是一位蛇类专家,他告诉我们蜥蜴喜欢温暖的地方,因为夏季的轻井泽格外凉爽,所以Picchio摆放了一些砖石供蜥蜴和蛇类产卵休息。果然掀开砖块看到了蜥蜴，但是它跑得太快没有抓拍到。看到这飞蛾的幼虫是不是会害怕？其实手感真的超级棒！软绵绵~亲手摸过它，是不是很勇敢~[喜得金牌]			2037350781	00	0	1397724391788
2320815-	0		0	Tue Mar 27 09:37:06 +0800 2012			3428125306513055	3428125306513055				3428125306513055	0			1	<a href=" rel="nofollow">媒体版微博</a>	转发微博。			2037350781	00	3428029944749954	1397724391788
2320816-	0		1	Thu Feb 07 15:37:39 +0800 2013			3543092990376427	3543092990376427				3543092990376427	0			1	<a href=" rel="nofollow">专业版微博</a>	好吧~我也保持队形~大家抓紧去粉雪天堂滑雪吧~			2037350781	00	3542692305017934	1397724391789
2320817-	0		2	Tue Sep 20 17:45:54 +0800 2011			3359757004189802	3359757004189802				3359757004189802	0		#	1	<a href=" rel="nofollow">专业版微博</a>	在#轻井泽#的大街上经常看到自行车。#轻井泽#这个避暑圣地和自行车非常配合。#星野梦缘 轻井泽高原教堂#周围也经常看到骑自行车来观光的人。也有新人很想拍这样的婚纱照，自由自在的感觉！			2037350781	00	0	1397724391789
2320818-	0		0	Mon Jun 04 09:45:32 +0800 2012			3453132186635765	3453132186635765				3453132186635765	0		#	1	<a href=" rel="nofollow">专业版微博</a>	新的一周开始了。打起精神，大家继续加油！#虹夕诺雅 轻井泽#明媚的绿荫送给你。			2037350781	00	0	1397724391789
2320819-	1		6	Wed Sep 11 21:24:34 +0800 2013			3621456074394353	3621456074394353				3621456074394353	0		#	1	<a href=" rel="nofollow">百度旅游</a>	#星野TOMAMU#夏季旅行攻略画册，《北海道，盛夏花开时节》，那么美的北海道，那么可爱的人，那么欢乐的小伙伴们，想起好多好多回忆~话归正题，大家可以照着玩，明年提前早早预定，在7月份前来，可以看到最美的富良野和美瑛！（分享自 @百度旅游）  			2037350781	00	0	1397724391789
2320820-	1		2	Thu Dec 20 12:45:47 +0800 2012			3525292733486089	3525292733486089				3525292733486089	0		#	2	<a href=" rel="nofollow">专业版微博</a>	#虹夕诺雅冬季魅力#12月21日是二十四节气中的“冬至”，虹夕诺雅 京都的客人可以体验自制香料的乐趣~冬季的熏香料称为�坊，是以沈香、白檀为主香，带有甘甜气息的温暖熏香。客人可以从约10种原料中自己调配，制作出属于自己的icon smell[赞啊]做好的香包别忘记回家噢~			2037350781	00	0	1397724391790
2320821-	0		0	Sat Oct 29 16:00:27 +0800 2011			3373863593940065	3373863593940065				3373863593940065	0			0	<a href=" rel="nofollow">微博 weibo.com</a>	哈哈~你们开心就好！我们的工作人员真的很用心哦~			2037350781	00	3373838456872854	1397724391790
2320822-	0		2	Mon Jun 03 10:42:33 +0800 2013			3585055723494158	3585055723494158				3585055723494158	0			2	<a href=" rel="nofollow">360浏览器超速版</a>	#虹夕诺雅 京都#很快将要推出非常惊艳的活动哦@星野集团			2037350781	00	3583707477158324	1397724391790
2320823-	0		0	Mon Jun 11 14:32:26 +0800 2012			3455741102519715	3455741102519715				3455741102519715	0		#	0	<a href=" rel="nofollow">专业版微博</a>	[话筒][话筒]星野Bleston Court Yukawatan总厨师长#浜田统之#将作为日本代表参加第14届博古斯世界美食竞技烹饪大赛，此大赛被业内一致公认为当今国际法式西餐烹饪界的奥林匹克。浜田先生曾得过多个国际大奖，丰富的经验以及独到的烹饪手法必将会有卓越的表现，请您为他加油！6月13日，上海浦东展览馆。			2037350781	00	0	1397724391790
2320824-	0		3	Fri Dec 09 10:27:24 +0800 2011			3388637682869218	3388637682869218				3388637682869218	0		#	5	<a href=" rel="nofollow">微博 weibo.com</a>	#虹夕诺雅 轻井泽#雪景!清晨走过这样的路,身处于这样的景,呼吸这样的空气,其实细小的幸福真的可以很简单。#虹夕诺雅 轻井泽#--“日本另一个世界”中的世外桃源。			2037350781	00	0	1397724391791
2320825-	0		0	Wed Oct 10 11:43:59 +0800 2012			3499547638391862	3499547638391862				3499547638391862	0		#	0	<a href=" rel="nofollow">专业版微博</a>	#红叶速报#这几天的北京秋高气爽，真是难得的好天气~与此同时#虹夕诺雅 轻井泽#已经可以看到明显转红的树叶啦！再过不久，度假村就将迎来一年中最丰盛热情的时节啦~好期待[飞个吻]在度假村中也有精彩丰富的季节魅力活动等待您的光临[推荐]			2037350781	00	0	1397724391791
2320826-	2		0	Tue Aug 06 15:03:03 +0800 2013			3608314099304598	3608314099304598				3608314099304598	0		#	3	<a href=" rel="nofollow">专业版微博</a>	北京：我是帝都是政治文化中心 TOMAMU：我21℃ 上海：我是魔都是国际大都会 TOMAMU：我21℃ 香港：我是亚洲金融中心 TOMAMU：我21℃ 东京：我是亚洲流行文化发源地 TOMAMU：我21℃ 马代：我是蜜月天堂人间净土 TOMAMU：我21℃ 巴厘：我是梦幻国度最美海岛 TOMAMU：我21℃[hold住]			2037350781	00	0	1397724391791
2320827-	0		0	Fri Oct 14 09:40:37 +0800 2011			3368332187499915	3368332187499915				3368332187499915	0		#	0	<a href=" rel="nofollow">微博 weibo.com</a>	#虹夕诺雅 轻井泽##星野温泉##自1904年（明治37年）作为星野温泉开汤以来，倍受各方文化界人士和艺术家们追捧的源流型温泉。弱碱性温泉被称作“美肤之温泉”而出名。在红叶、大自然的美景中，泡泡百年温泉，真的是一个很不错的选择！			2037350781	00	0	1397724391792
2320828-	2		2	Sat Jul 20 06:09:06 +0800 2013			3602019132947227	3602019132947227				3602019132947227	0		#	2	<a href=" rel="nofollow">三星Galaxy SIII</a>	#星野TOMAMU#今天的云海			2037350781	00	0	1397724391792
2320829-	6		3	Fri Nov 01 21:27:43 +0800 2013			3639938648261082	3639938648261082				3639938648261082	0		#	11	<a href=" rel="nofollow">三星Galaxy SIII</a>	#虹夕诺雅#轻井泽，今日红叶快报！10月底~11月初是轻井泽高原红叶最盛的时节。			2037350781	00	0	1397724391792
2320830-	0		2	Mon Aug 22 20:02:21 +0800 2011			3349282094611736	3349282094611736				3349282094611736	0			4	<a href=" rel="nofollow">微博 weibo.com</a>	转发微博。			2037350781	00	3349246535674946	1397724391792
2320831-	0		2	Wed Aug 07 17:59:00 +0800 2013			3608720774795274	3608720774795274				3608720774795274	0			6	<a href=" rel="nofollow">微博 weibo.com</a>	日本画家 西口保~走过童年的四季时光，猜猜看都是哪里~			2037350781	00	3604644401698624	1397724391793
2320832-	0		1	Thu Aug 09 11:08:17 +0800 2012			3477070610768639	3477070610768639				3477070610768639	0		#	1	<a href=" rel="nofollow">专业版微博</a>	上周日在#星野梦缘##Hotel Bleston Court#的高原教堂里，由福音音乐（Gospel）组合The Voice of Japan为前来做礼拜的教众带了一场精彩的音乐会。由日本Gospel最高权威的龟�友香带领的The Voice of Japan，他们歌声让人时而感动，时而兴奋。关于#星野梦缘#更多详情,请前往www.xingyejituan.com			2037350781	00	0	1397724391793
2320833-	0		1	Wed Mar 21 13:47:31 +0800 2012			3426013990028539	3426013990028539				3426013990028539	0		#	5	<a href=" rel="nofollow">微博 weibo.com</a>	为了与自然共存--在#虹夕诺雅 轻井泽#的能源资源规划中，从最初开始，就有以自然能源替代矿物燃料这一想法。那是因为，从前身的星野温泉酒店的时代开始，利用水力发电实现了电力自给这一历史也起到了影响作用。曾考虑使用风力发电和太阳光利用等各种方法，结果最终决定使用温泉热量和天然地热。			2037350781	00	0	1397724391793
2320834-	0		0	Sun May 13 14:12:39 +0800 2012			3445226876199508	3445226876199508				3445226876199508	0		#	0	<a href=" rel="nofollow">微博 weibo.com</a>	#世上只有妈妈好# 她的一切总与我有关，感谢母亲，祝福天下母亲！[心]			2037350781	00	0	1397724391793
2320835-	0		2	Fri May 18 10:45:48 +0800 2012			3446986759636571	3446986759636571				3446986759636571	0			0	<a href=" rel="nofollow">微博 weibo.com</a>	超棒的。#星野梦缘 石之教堂#祝福Kun[心]Ran//@黄钟仪: KunRan恭喜呢！！@星野集团 石之教堂真美！！！@方静weddingme 值得推荐噢！			2037350781	00	3446739060768353	1397724391794
2320836-	0		1	Thu Nov 03 09:24:55 +0800 2011			3375575999935892	3375575999935892				3375575999935892	0			0	<a href=" rel="nofollow">微博 weibo.com</a>	#虹夕诺雅 轻井泽#秋季早餐，日本的料理很重视时节性。			2037350781	00	3375323471934369	1397724391794
2320837-	0		1	Sat Oct 29 16:03:31 +0800 2011			3373864365918909	3373864365918909				3373864365918909	0			0	<a href=" rel="nofollow">微博 weibo.com</a>	为他们祝福！！			2037350781	00	3373608376442305	1397724391794
2320838-	0		10	Mon Nov 11 12:48:56 +0800 2013			3643431970912991	3643431970912991				3643431970912991	0			4	<a href=" rel="nofollow">三星Galaxy SIII</a>	双子座也需要在美好的红叶季外出！月底轻井泽GO~GO~			2037350781	00	3643429521003972	1397724391795
2320839-	0		4	Thu Oct 27 09:47:25 +0800 2011			3373044940994725	3373044940994725				3373044940994725	0			1	<a href=" rel="nofollow">微博 weibo.com</a>	哈哈~轻井泽一年四季豆很美哦~//@方静weddingme：石之教堂和Yukawatan餐厅都有介绍呢，冬天好像也不错看。[音乐盒] @星野集团			2037350781	00	3371803242943962	1397724391795
2320840-	0		2	Wed Dec 07 11:02:05 +0800 2011			3387921633939511	3387921633939511				3387921633939511	0			2	<a href=" rel="nofollow">新浪微群</a>	北海道#星野TOMAMU度假村#直升机滑雪，转起来！[围观] //@滑单板的严冰: 据日本开直升机的说，我们是第一批来北海道HELISKI的中国人  @北京奔流车队 @星野集团 @遥远的小黑 - 原文地址：			2037350781	00	0	1397724391795
2320841-	0		0	Mon Jul 23 22:08:20 +0800 2012			3471076137546382	3471076137546382				3471076137546382	0			3	<a href=" rel="nofollow">微博 weibo.com</a>	[转发]			2037350781	00	3470913641328223	1397724391795
2320842-	0		2	Fri Jul 08 10:21:21 +0800 2011			13904681756	13904681756				5626800925523088663	0			3	<a href=" rel="nofollow">微博 weibo.com</a>	至少3条，真是没法说了，[可怜] //@Realchi：至少四条，我的压力真不是二班的大呀。//@图图甜心：不想工作，想骂人。没了。[汗] 说明我的压力不够大？			2037350781	00	13897548949	1397724391796
2320843-	0		0	Mon Jul 16 09:59:18 +0800 2012			3468355941927617	3468355941927617				3468355941927617	0		#	1	<a href=" rel="nofollow">专业版微博</a>	又是新的一周，各位早上好！[立志青年]#虹夕诺雅 轻井泽#周边的【春榆广场】因为里面生长了100多棵榆树，而且春天开花，所以得名春榆广场。在这片被森林和小河环绕的木质阳台广场上,常年设以“食”为主的信州特产观光精品店。(图1为春榆树叶)			2037350781	00	0	1397724391796
2320844-	0		2	Sun May 13 14:03:21 +0800 2012			3445224536075333	3445224536075333				3445224536075333	0			1	<a href=" rel="nofollow">微博 weibo.com</a>	您好！在中国国内应该是有一部分旅行社在做我们的产品，但是#星野TOMAMU#的交通是非常方便。酒店本身有机场到度假村的接送巴士，或者您在机场乘坐新干线直达“TOMAMU”站。在“TOMAMU”站有度假村的接送巴士。交通是很方便的。			2037350781	00	3441599504142935	1397724391796
2320845-	0		17	Fri Jul 26 11:24:04 +0800 2013			3604272723692993	3604272723692993				3604272723692993	0			19	<a href=" rel="nofollow">360浏览器超速版</a>	[浮云][浮云]这就是旅行，你不可能强求一场美丽的邂逅，但意外的惊喜往往会出现在不远处[浮云][浮云]			2037350781	00	3604265286869505	1397724391797
2320846-	0		2	Fri Feb 10 16:10:27 +0800 2012			3411554450106739	3411554450106739				3411554450106739	0			0	<a href=" rel="nofollow">微博搜索</a>	感谢你对#虹夕诺雅 京都#的喜爱！[心]希望在那里留下了美好回忆！			2037350781	00	3407894970438546	1397724391797
2320847-	0		1	Tue Apr 10 14:50:19 +0800 2012			3433277555383115	3433277555383115				3433277555383115	0			3	<a href=" rel="nofollow">微博 weibo.com</a>	转发微博			2037350781	00	3430130200509575	1397724391797
2320848-	0		7	Sat Aug 27 11:14:51 +0800 2011			3350961284469526	3350961284469526				3350961284469526	0		#	2	<a href=" rel="nofollow">iPhone客户端</a>	#星野梦缘#昨天是婚博会的第一天，由于是周5，人不是很多。但是！！这次我们从日本租赁了6台ipad给客人讲解，但是！！怪我们自己太疏忽，被拿走了一台。ipad的魅力难挡啊~现场的日本同事伤心地哭了。			2037350781	00	0	1397724391797
2320849-	0		3	Tue Jun 04 19:12:14 +0800 2013			3585546385368912	3585546385368912				3585546385368912	0		#	3	<a href=" rel="nofollow">分享按钮</a>	对话星野集团社长星野佳路 一个崇尚自由的快乐男人-他出生于日本长野县的轻井泽，从小便对自然有种独特的热爱；他是星野家族的第四代传人，他用他的想法和经验调整了家族企业的运营方针；他是个没有架子的老板，他会与员工一起吃住工作；他是个滑雪发烧友，只要一谈到这项运动就 			2037350781	00	0	1397724391798
2320850-	0		0	Fri Dec 30 09:40:33 +0800 2011			3396236038596660	3396236038596660				3396236038596660	0			0	<a href=" rel="nofollow">微博 weibo.com</a>	哈哈，图片很美呀！文字也很美！出差辛苦了！喜欢就好！			2037350781	00	3396040973358341	1397724391798
2320851-	0		2	Mon Aug 13 10:20:29 +0800 2012			3478508132858061	3478508132858061				3478508132858061	0		#	1	<a href=" rel="nofollow">专业版微博</a>	【舌尖上的北海道～厚岸牡�】位于北海道�南部，�面�７３９．０８平方km2，厚岸�牡�有其他�地的牡�没有的独特的「甜味」，肉质鲜美有弹性。�年１０月初旬在厚岸举行约１０天的「牡�节」，牡�控可以大饱口福。			2037350781	00	0	1397724391798
2320852-	0		0	Fri Dec 23 16:46:42 +0800 2011			3393806571794167	3393806571794167				3393806571794167	0			0	<a href=" rel="nofollow">微博 weibo.com</a>	！！！！[鼓掌][鼓掌][鼓掌][鼓掌]谢谢！！			2037350781	00	3393801709728004	1397724391798
2320853-	0		1	Mon Aug 20 10:50:55 +0800 2012			3481052506717851	3481052506717851				3481052506717851	0		#	0	<a href=" rel="nofollow">专业版微博</a>	@Voyage新旅行 #2012年度高端酒店评选#隆重开幕，#虹夕诺雅 冲绳#作为唯一入围的日本酒店角逐“最佳亚太海岛酒店”奖，各位喜爱虹夕诺雅的fans快请前往投票页面为#虹夕诺雅 冲绳#投上宝贵的一票吧！			2037350781	00	0	1397724391799
2320854-	0		0	Thu Jan 17 16:13:14 +0800 2013			3535491808853768	3535491808853768				3535491808853768	0			0	<a href=" rel="nofollow">360安全浏览器</a>	事实证明你画的其实蛮好的~字少学的超快！哈哈~			2037350781	00	3532841386469706	1397724391799
2320855-	0		2	Fri Nov 25 12:08:05 +0800 2011			3383589590525575	3383589590525575				3383589590525575	0		#	3	<a href=" rel="nofollow">微博 weibo.com</a>	冬季马上来了！认识#北海道#从#星野TOMAMU滑雪度假村#开始！今年更多魅力！@凯撒旅游 北京出发：东瀛贺岁--日本东京北海道6日温泉滑雪之旅			2037350781	00	0	1397724391799
2320856-	0		6	Fri Aug 26 20:36:49 +0800 2011			3350740320446642	3350740320446642				3350740320446642	0		#	3	<a href=" rel="nofollow">微博 weibo.com</a>	#星野梦缘 蜜月许誓#这次婚博会，只要对星野梦缘感兴趣，到展会现场的你就可以拿到这个手腕型的USB！！！里面有星野梦缘各个教堂的图片和视频等！2G的！！可以装很多东西，也可以戴在手腕上！！关键是颜色真的超漂亮的~~！！你们多多来！我们多多送！！~颜色真的超美！！			2037350781	00	0	1397724391800
2320857-	0		0	Tue May 15 11:27:25 +0800 2012			3445910069573133	3445910069573133				3445910069573133	0		#	2	<a href=" rel="nofollow">微博 weibo.com</a>	#虹夕诺雅 京都#获得@时尚旅游杂志 颁发的2012年度最受欢迎境外酒店奖项。感谢各位的投票支持！感谢@时尚旅游杂志 奉上如此精彩的晚会！感谢大家！！			2037350781	00	0	1397724391800
2320858-	0		2	Wed Jul 04 12:24:07 +0800 2012			3464043735830565	3464043735830565				3464043735830565	0			0	<a href=" rel="nofollow">微博 weibo.com</a>	又见老宋的文章~怎么样，是不是心痒痒的，也想躲懒在这里，过两天吃货的生活？[转发]			2037350781	00	3464012190253833	1397724391800
2320859-	0		0	Thu Jan 17 16:11:20 +0800 2013			3535491317803013	3535491317803013				3535491317803013	0			0	<a href=" rel="nofollow">专业版微博</a>	Hal餐厅是品类超齐全的自助餐厅，在这里可以品尝到日式和西式的各种美食，还有超美的雪原景观~			2037350781	00	3532840317168181	1397724391800
2320860-	0		0	Wed Sep 04 18:39:10 +0800 2013			3618877735328141	3618877735328141				3618877735328141	0		#	1	<a href=" rel="nofollow">专业版微博</a>	第76届东京・国际礼品博览会于今日开催！9/4~6日、东京Big Sight，涵盖日本国内先锋设计品牌、欧洲舶来品、艺术家特别展等等，从居家小物到旅行户外，产品丰富到CRY！先来一睹为快吧( ? � ` )? 			2037350781	00	0	1397724391801
2320861-	0		1	Mon Sep 17 14:14:12 +0800 2012			3491250520486064	3491250520486064				3491250520486064	0			2	<a href=" rel="nofollow">微博 weibo.com</a>	[gst帅毙了]			2037350781	00	3491158187461279	1397724391801
2320862-	0		1	Fri Dec 23 14:35:29 +0800 2011			3393773545266737	3393773545266737				3393773545266737	0		#	2	<a href=" rel="nofollow">微博 weibo.com</a>	#星野Hotel Bleston Court#位于#日本 轻井泽#，以推出各种美食和甜点闻名，很多客人特地从东京前来品尝这里的下午茶和法国料理晚餐。每年的#圣诞#的创意法国料理大餐，都吸引着无数东京的情侣前来。客房和晚餐总是一个月前就已经被预订满。专业糕点师制作的各种精致圣诞小甜点和圣诞饼干小屋（全可吃）			2037350781	00	0	1397724391801
2320863-	0		2	Wed Jul 11 10:24:54 +0800 2012			3466550444664496	3466550444664496				3466550444664496	0			0	<a href=" rel="nofollow">专业版微博</a>	转发微博			2037350781	00	3466347608341479	1397724391802
2320864-	0		0	Wed May 08 13:10:11 +0800 2013			3575670796035990	3575670796035990				3575670796035990	0			0	<a href=" rel="nofollow">专业版微博</a>	#星野猜猜看#公布答案咯~这个小东西在日本叫“飞鼠”，在国内也叫“鼯鼠”，属于松鼠科。在#虹夕诺雅#轻井泽度假村，我们的PICCHIO生态保护组织工作人员始终致力于当地生态生物保护，每天晚上会组织大家进行目击飞鼠的活动，目击率可达90%！上个月飞鼠妈妈生下2只飞鼠宝宝因此上了当地报纸哦~			2037350781	00	3575361059617154	1397724391802
2320865-	0		2	Thu Aug 04 12:23:04 +0800 2011			3342643530750835	3342643530750835				3342643530750835	0		#	4	<a href=" rel="nofollow">微博 weibo.com</a>	�菜（sobana）--花期为8～9月，主要为紫色铃铛形状。�是山崖的意思，也就是说花枝伸展的样子好像是挂在岩石边。拍摄于#虹夕诺雅 轻井泽#内。			2037350781	00	0	1397724391802
2320866-	0		4	Wed Aug 08 20:45:37 +0800 2012			3476853513283120	3476853513283120				3476853513283120	0		#	2	<a href=" rel="nofollow">专业版微博</a>	今天和大家分享的是#虹夕诺雅 轻井泽#植物集~更多虹夕诺雅的信息，请前往中文官网了解 www.xingyejituan.com			2037350781	00	0	1397724391802
2320867-	0		1	Tue Jan 31 13:12:24 +0800 2012			3407885768224998	3407885768224998				3407885768224998	0			0	<a href=" rel="nofollow">微博 weibo.com</a>	随时欢迎！！www.xingyejituan.com/ski			2037350781	00	3407881202760731	1397724391803
2320868-	0		4	Mon Sep 03 16:05:46 +0800 2012			3486205175601252	3486205175601252				3486205175601252	0		#	0	<a href=" rel="nofollow">专业版微博</a>	在轻井泽#Hotel Bleston Court#,每周日都会举办一个Gospel礼拜，是任何人都可以参加的简单礼拜，所以轻井泽#高原教堂#有一个专门的福音乐队。教堂的牧师都很亲切友善,他们正在为Gospel音乐会排练，三名超高人气的牧师一起表演很是难得[得瑟]，工作人员就偷偷拍了下来~有机会一定要来参加一下呀[好爱哦]			2037350781	00	0	1397724391803
2320869-	0		18	Tue May 07 10:18:22 +0800 2013			3575265160506795	3575265160506795				3575265160506795	0			5	<a href=" rel="nofollow">360浏览器超速版</a>	今年的云海相关设施和活动会全面大提升！3个云海展望台、多处云海咖啡厅，跟可以体验云海YOGA！让我一起期待5月25日[good] @日本精彩无限 @日本国家旅游局JNTO @交通公社新纪元国旅-悠逸旅游网 @空肚皮 @铮馒头 @桔猪			2037350781	00	3574531123427340	1397724391803
2320870-	0		4	Wed May 08 12:55:46 +0800 2013			3575667159863567	3575667159863567				3575667159863567	0			9	<a href=" rel="nofollow">专业版微博</a>	很多童鞋问云海的地址，这里统一回复一下。云海在北海道中部的星野TOMAMU度假村，从新千岁机场和札幌去可以坐火车或巴士约1-2小时。上顶气温约10度请各位要穿厚的衣服上去看，以免着凉。另外，云海属于自然现象不能保证100%能看到。一般来说7-8月的出现概率最高约50%左右。官网：			2037350781	00	3574531123427340	1397724391803
2320871-	0		3	Tue Jun 04 19:12:14 +0800 2013			3585546385368912	3585546385368912				3585546385368912	0		#	3	<a href=" rel="nofollow">分享按钮</a>	对话星野集团社长星野佳路 一个崇尚自由的快乐男人-他出生于日本长野县的轻井泽，从小便对自然有种独特的热爱；他是星野家族的第四代传人，他用他的想法和经验调整了家族企业的运营方针；他是个没有架子的老板，他会与员工一起吃住工作；他是个滑雪发烧友，只要一谈到这项运动就 			2037350781	00	0	1397724391804
2320872-	0		0	Mon Mar 04 17:40:23 +0800 2013			3552183578230387	3552183578230387				3552183578230387	0		#	0	<a href=" rel="nofollow">新浪体育</a>	星野Hotel Bleston Court度假村de Yukawatan法餐厅主厨滨田统之获得博古斯四季料理大赛第三名！    （分享自 @新浪户外）			2037350781	00	0	1397724391804
2320873-	0		7	Tue Aug 20 19:29:10 +0800 2013			3613454499865714	3613454499865714				3613454499865714	0			18	<a href=" rel="nofollow">专业版微博</a>	#秋日花草茶有奖转发#距离东京两小时车程的轻井泽被称为东京富人们的后院。夏日避暑，秋日赏枫，标高千米的高原配上露天美肌温泉，留下秋日清爽好梦。虹夕诺雅轻井泽度假酒店 并转发，截止8月30日。			2037350781	00	3613449692859021	1397724391804
2320874-	1		3	Wed Oct 16 16:45:33 +0800 2013			3634069432380053	3634069432380053				3634069432380053	0			5	<a href=" rel="nofollow">360浏览器超速版</a>	#星野界#箱根，以“箱根二十汤”之首的箱根汤本温泉为泉源使用，今年秋季特别推出“寄木细工之间”月见台，感受日本传统和式茶室风情 			2037350781	00	3632884013497209	1397724391805
2320875-	2		12	Thu Aug 29 18:38:39 +0800 2013			3616703282295092	3616703282295092				3616703282295092	0		#	4	<a href=" rel="nofollow">专业版微博</a>	今天帝都的天气真是逆天了！心情一天大好，特发#星野界#箱根  附近著名观光地芦之湖眺望富士山的当日实拍美图。点击链接有惊喜，别说我告诉你们哟~			2037350781	00	0	1397724391805
2320876-	0		0	Fri Apr 26 20:33:20 +0800 2013			3571433655809214	3571433655809214				3571433655809214	0			0	<a href=" rel="nofollow">优酷网连接分享</a>	一个小小的寄木细工盒子，需要的工序和时间之繁杂、构思之巧奇超乎你的想象！【视频：寄木�工的制作流程】   而这样的寄木细工匠人目前在箱根地区仅有不足100人。在星野集团旗下精品温泉旅馆――星野界 箱根 的CHAYA茶室，你仍可以看到精美的寄木细工制品。			2037350781	00	0	1397724391805
2320877-	0		0	Fri Dec 02 11:31:41 +0800 2011			3386117145304609	3386117145304609				3386117145304609	0			0	<a href=" rel="nofollow">微博 weibo.com</a>	#虹夕诺雅 轻井泽#日本嘉助餐厅的怀石料理~			2037350781	00	3385832993661636	1397724391805
2320878-	0		0	Thu Sep 01 09:17:40 +0800 2011			3352743733761414	3352743733761414				3352743733761414	0		#	0	<a href=" rel="nofollow">微博 weibo.com</a>	分享图片.生命在于运动！#虹夕诺雅 轻井泽#森林养生活动！新的一个月，新的一天，早安！			2037350781	00	0	1397724391806
2320879-	0		1	Fri Apr 20 15:55:35 +0800 2012			3436917854569567	3436917854569567				3436917854569567	0		#	3	<a href=" rel="nofollow">微博 weibo.com</a>	#星野TOMAMU度假村#在这个夏天有很多值得期待的体验在等着您！“体验北国地域文化”揭开这个主题，TOMAMU可为您呈现多种体验项目，多彩的自然体育设施包括高尔夫球场和日本最大的室内造浪游泳场等。并且还拥有只有在TOMAMU才能欣赏到的自然奇观--云海！从TOMAMU开始畅游北海道吧！			2037350781	00	0	1397724391806
2320880-	0		11	Fri Sep 07 19:58:00 +0800 2012			3487713162008227	3487713162008227				3487713162008227	0		#	2	<a href=" rel="nofollow">专业版微博</a>	#星野界 热海#精品温泉旅馆于2012年9月6日盛大开业啦!这是星野集团旗下的精品温泉旅馆品牌―#星野界#的第8家设施，坐落于可以将相模湾尽收眼底的静冈县热海伊豆山上。纯和风客房和古典洋房两种客室内布置有古香古色的家具,房间内更有高台可以看到相模湾美丽的海景。[得意地笑]			2037350781	00	0	1397724391806
2320881-	0		1	Fri Nov 18 12:15:15 +0800 2011			3381054679561368	3381054679561368				3381054679561368	0			0	<a href=" rel="nofollow">微博 weibo.com</a>	#虹夕诺雅 轻井泽#体验记~感谢@REALCHI 。真是写得很具体呢~			2037350781	00	3381029213956586	1397724391806
2320882-	0		3	Fri Jun 01 09:37:27 +0800 2012			3452042993016367	3452042993016367				3452042993016367	0		#	6	<a href=" rel="nofollow">专业版微博</a>	[话筒][话筒]大家！六一快乐！今天同时也是#虹夕诺雅 冲绳#开业的日子！这是#虹夕诺雅#品牌下第[3]家奢华度假酒店。度假村面积[1][6]英亩，[4][8]栋单层木制别墅，[3]种房型，独立私人花园，红色瓦片房顶，保留当地传统建筑的特色。请小心不要破坏传统建筑保护区里的建筑和被人们真爱的环境。			2037350781	00	0	1397724391807
2320883-	0		0	Thu Dec 08 11:24:26 +0800 2011			3388289652322051	3388289652322051				3388289652322051	0		#	3	<a href=" rel="nofollow">微博 weibo.com</a>	#星野梦缘 石之教堂#是不是特别有感觉？日本#轻井泽#终于下了第一场雪。教堂在晚上周围也有彩灯来装饰，烛光灯笼映照下的石之教堂与白雪，有一种别有风味的吻合感。很有feel！			2037350781	00	0	1397724391807
2320884-	0		3	Wed Apr 03 12:02:35 +0800 2013			3562970199843598	3562970199843598				3562970199843598	0			3	<a href=" rel="nofollow">专业版微博</a>	美景配神器！一起来星野TOMAMU度假村嗨翻天~			2037350781	00	3562599180791714	1397724391807
2320885-	0		2	Fri May 18 10:54:38 +0800 2012			3446988986902610	3446988986902610				3446988986902610	0			2	<a href=" rel="nofollow">微博搜索</a>	感谢对#虹夕诺雅 京都#的推荐！~！			2037350781	00	3446431862159373	1397724391808
2320886-	0		5	Mon Nov 28 09:59:35 +0800 2011			3384644414401204	3384644414401204				3384644414401204	0			1	<a href=" rel="nofollow">专业版微博</a>	感谢推荐！#虹夕诺雅 轻井泽#			2037350781	00	3384441605009729	1397724391808
2320887-	0		7	Tue Jun 28 09:03:07 +0800 2011			13154671612	13154671612				5623069913202038832	0		#	3	<a href=" rel="nofollow">微博 weibo.com</a>	#虹夕诺雅 京都#穿上和服走在自然的花草与人工打造的精致园林中。--《新京报》震后静游日本关西报道。			2037350781	00	0	1397724391808
2320888-	0		2	Mon Jul 04 18:41:26 +0800 2011			13620980248	13620980248				5625445455313313494	0			0	<a href=" rel="nofollow">微博 weibo.com</a>	回复@刘孜:嗯嗯嗯！是什么时候住的呢？是杂志邀请去的吗？谢谢你喜欢我们的酒店！~[耶] //@刘孜:回复@星野集团:有啊！杂志出刊后，我会把专栏转发到我的博客，好的设计应该与更多的人分享！			2037350781	00	13379961900	1397724391808
2320889-	1		0	Fri Apr 26 20:10:13 +0800 2013			3571427838412125	3571427838412125				3571427838412125	0			0	<a href=" rel="nofollow">专业版微博</a>	#星野猜猜看#这是箱根地区才有的纯手工品―寄木细工！寄木细工起源于江户时代，根据不同树木的天然颜色差异设计和拼接制造而成，到了明治时代工艺不断进步，寄木细工的样式和复杂程度达到了前所未有的高峰。制作寄木细工大约会使用50种不同的树木木材，常用的有杉木、桧木、桐木、樱木等，你答对了么？			2037350781	00	3571013126653512	1397724391809
2320890-	0		2	Fri Jun 15 16:43:33 +0800 2012			3457223646277514	3457223646277514				3457223646277514	0		#	2	<a href=" rel="nofollow">专业版微博</a>	#虹夕诺雅 轻井泽#度假村内的野鸭子孵下鸭宝宝，正在河边散步。拍摄於度假村内。很有爱有木有~			2037350781	00	0	1397724391809
2320891-	0		1	Wed Apr 18 09:58:46 +0800 2012			3436103288003112	3436103288003112				3436103288003112	0			1	<a href=" rel="nofollow">微博 weibo.com</a>	[鼓掌][鼓掌]//@朱奕凝: 两封情书都很感人。真心话总能打动人。昨天看时忍了很久才没让眼泪掉下来。// @佟丽娅 :真心的感谢@风尚志 所有的兄弟姐妹，为我们记录下一幕幕的美好。第一次收到他给我的情书。。。让我先哭一会。。。[害羞]//@王月心:我所能做的 就是和你一起走向未来。[鼓掌][泪]			2037350781	00	3435759271363354	1397724391809
2320892-	0		4	Thu Jan 31 15:52:52 +0800 2013			3540560108951900	3540560108951900				3540560108951900	0			1	<a href=" rel="nofollow">专业版微博</a>	参加比赛的240位选手们加油！！我们下个月见~			2037350781	00	3540551461199699	1397724391809
2320893-	0		0	Tue Jun 28 10:29:04 +0800 2011			13159862928	13159862928				5623092062349464639	0			4	<a href=" rel="nofollow">微博 weibo.com</a>	#虹夕诺雅 京都#在每个人眼里都是那么美好！！			2037350781	00	13157771860	1397724391810
2320894-	0		0	Tue Oct 25 16:09:48 +0800 2011			3372416395224386	3372416395224386				3372416395224386	0		#	0	<a href=" rel="nofollow">微博 weibo.com</a>	分享图片。#日本 轻井泽#街景。现在#轻井泽#正是红叶的季节，非常的漂亮！走过这个小道，可以走到#星野温泉#：蜻蜓之汤。附件的整片都是星野地区，可以做车免费到另一个设施，非常方便！步行也是非常推荐！			2037350781	00	0	1397724391810
2320895-	0		9	Wed Jun 05 20:48:30 +0800 2013			3585932987357782	3585932987357782				3585932987357782	0		#	9	<a href=" rel="nofollow">微活动</a>	15套云海明信片等你领回家~快来参加“星野TOMAMU云海明信片有奖竞答”吧 地址：			2037350781	00	0	1397724391810
2320896-	0		0	Mon Jan 16 09:47:21 +0800 2012			3402398343540352	3402398343540352				3402398343540352	0			0	<a href=" rel="nofollow">微博 weibo.com</a>	周6的活动真的超热闹的！谢谢大家捧场！！！//@午晔tuili: TOMANU真的很赞，不管是冬天滑雪还是夏天乘凉。除了房间比较小之外，挑不出啥毛病了。最喜欢林中温泉和水景教堂。			2037350781	00	3402064355114465	1397724391811
2320897-	0		0	Thu Jan 12 17:30:32 +0800 2012			3401065354212590	3401065354212590				3401065354212590	0			0	<a href=" rel="nofollow">iPhone客户端</a>	超棒的！！！期待！！[哈哈][哈哈][哈哈][哈哈] //@Realchi:晚会开始了			2037350781	00	3401064235462224	1397724391811
2320898-	0		1	Fri Dec 14 16:08:05 +0800 2012			3523169316712188	3523169316712188				3523169316712188	0		#	3	<a href=" rel="nofollow">专业版微博</a>	北京一早厚厚的雪到了现在已经基本化掉了。来看看北海道#星野TOMAMU度假村#在12月初的雪情吧！是不是很有带着雪板跑去滑雪的冲动呀[好激动]			2037350781	00	0	1397724391811
2320899-	0		0	Thu Jul 12 19:40:29 +0800 2012			3467052649920866	3467052649920866				3467052649920866	0			0	<a href=" rel="nofollow">专业版微博</a>	啊~~好开心你和老公还都满意~这是这一季的怀石料理么？看着就好棒！真心邀请你和家人、朋友今后前往我们的其他设施~也希望能和你交个朋友哦~~[爱你]			2037350781	00	3467049768979427	1397724391812
2320900-	0		1	Wed Nov 09 19:53:20 +0800 2011			3377908469423326	3377908469423326				3377908469423326	0		#	4	<a href=" rel="nofollow">微博 weibo.com</a>	#星野奥入��流酒店#也正是红叶的季节！这个时节去#日本旅游#真的可以看见非常美的景色！			2037350781	00	0	1397724391812
2320901-	0		0	Fri Apr 06 10:13:31 +0800 2012			3431758343804745	3431758343804745				3431758343804745	0			0	<a href=" rel="nofollow">关联博客</a>	星野界 松本 精品温泉旅馆 			2037350781	00	0	1397724391812
2320902-	0		1	Mon Nov 14 10:22:06 +0800 2011			3379576648295969	3379576648295969				3379576648295969	0		#	1	<a href=" rel="nofollow">微博 weibo.com</a>	#星野梦缘 轻井泽高原教堂#和#石之教堂#所在的#轻井泽#，红叶已经快接近尾声。除了枫叶以外，栗树也会变红。红叶的时节真是很短暂!			2037350781	00	0	1397724391812
2320903-	0		0	Thu Aug 23 19:07:35 +0800 2012			3482264660363157	3482264660363157				3482264660363157	0		#	0	<a href=" rel="nofollow">专业版微博</a>	七夕送花啦！为大家带来#虹夕诺雅 轻井泽植物集#，美丽的花儿和真诚款客之心，祝福大家七夕快乐[七夕]朝朝暮暮！			2037350781	00	0	1397724391813
2320904-	0		2	Tue Apr 16 10:16:52 +0800 2013			3567654637924185	3567654637924185				3567654637924185	0			1	<a href=" rel="nofollow">360浏览器超速版</a>	水牛车环岛游是#虹夕诺雅#冲绳 竹富岛的一大特色！清晨暖洋洋的日光下，坐上水牛车，听老人弹着三弦琴唱起原著民的歌。生活就该这样慢悠悠，快乐而舒展吧~			2037350781	00	3565542381756548	1397724391813
2320905-	2		12	Thu Aug 29 18:38:39 +0800 2013			3616703282295092	3616703282295092				3616703282295092	0		#	4	<a href=" rel="nofollow">专业版微博</a>	今天帝都的天气真是逆天了！心情一天大好，特发#星野界#箱根  附近著名观光地芦之湖眺望富士山的当日实拍美图。点击链接有惊喜，别说我告诉你们哟~			2037350781	00	0	1397724391813
2320906-	0		7	Thu May 16 20:55:50 +0800 2013			3578687075603698	3578687075603698				3578687075603698	0		#	2	<a href=" rel="nofollow">专业版微博</a>	星野TOMAMU度假村中的HAL自助餐厅，从5月11日起开设了特别限定的当地时令蔬菜“道产Professional Corner”。北海道之所以可以出现云海的奇景，是因为当地温差非常大，而这样的温差也另当地时蔬茁壮而甘甜。这个冰芦笋虽然别处也可以见到，但是北海道产的却会更加粗壮！来看云海的客人记得尝尝哦~			2037350781	00	0	1397724391814
2320907-	0		0	Sat Jul 09 10:55:46 +0800 2011			13988235246	13988235246				5627180879642785667	0		#	1	<a href=" rel="nofollow">微博 weibo.com</a>	哈雷戴维森的活动，在TOMAMU举行，几百位车主骑着他们自豪的哈雷戴维森摩托车云集星野TOMAMU度假村@北海道。			2037350781	00	0	1397724391814
2320908-	0		0	Tue Aug 07 13:32:36 +0800 2012			3476382161599958	3476382161599958				3476382161599958	0		#	0	<a href=" rel="nofollow">专业版微博</a>	早上做完早安深呼吸瑜伽，回房间的路上看到#虹夕诺雅 轻井泽#内，春天出生的小鸭子都已经长大，鸭妈妈带着小鸭子们出来嬉水~[爱你]			2037350781	00	0	1397724391814
2320909-	0		0	Mon Jul 09 00:43:30 +0800 2012			3465679368089496	3465679368089496				3465679368089496	0		#	1	<a href=" rel="nofollow">专业版微博</a>	珊瑚石矮墙外，是辽阔世界；墙内，有绿荫红花，有香茗绕齿，这不似旅程，更像归途。#虹夕诺雅 冲绳#			2037350781	00	0	1397724391814
2320910-	0		0	Mon Jun 25 09:52:10 +0800 2012			3460744001547820	3460744001547820				3460744001547820	0			0	<a href=" rel="nofollow">专业版微博</a>	是哟是哟，林宥嘉的这首MV是在我们#轻井泽##石之教堂#拍的。超有Feel！！！[鼓掌][鼓掌]//@徐然kelly: 好眼熟的地方哦。[可爱]真怀念那个时候... @星野集团 [心]			2037350781	00	3459712890631705	1397724391815
2320911-	0		2	Mon Sep 19 10:12:06 +0800 2011			3359280414038877	3359280414038877				3359280414038877	0		#	8	<a href=" rel="nofollow">专业版微博</a>	9月份正是向日葵的繁盛季节。#星野梦缘 水之教堂#所在的#北海道#这个季节的向日葵园一望无垠，一生难忘的婚纱照当然要在这里拍摄了。			2037350781	00	0	1397724391815
2320912-	0		6	Mon Jul 02 23:55:15 +0800 2012			3463492893954710	3463492893954710				3463492893954710	0		#	0	<a href=" rel="nofollow">专业版微博</a>	与您分享的是京都岚山夏季风之物语---��捕鱼特典。每年夏天，在岚山都会举行传统活动��捕鱼，在点着篝火的船上，船家用��来捕捉鱼类。乘坐特制的屋形小舟，感受夜空下体验着已有千年历史的传统特色魅力。			2037350781	00	0	1397724391815
2320913-	0		0	Wed Nov 02 11:45:41 +0800 2011			3375249028620418	3375249028620418				3375249028620418	0			0	<a href=" rel="nofollow">微活动</a>	#微群大变身#新版首页上线！			2037350781	00	3371677214124537	1397724391815
2320914-	0		2	Tue Nov 15 10:18:51 +0800 2011			3379938222627999	3379938222627999				3379938222627999	0		#	2	<a href=" rel="nofollow">微博 weibo.com</a>	在#日本#，位于星野地区的另外一家酒店#Hotel Bleston Court#已经慢慢有了圣诞节的氛围了！圣诞SHOP已经开业，各种关于圣诞的东西都已经开始出售了~~~这个小房子是不是很有feel~			2037350781	00	0	1397724391816
2320915-	0		1	Sat Jul 16 16:57:26 +0800 2011			14569153312	14569153312				3335827207991386	0			4	<a href=" rel="nofollow">微博 weibo.com</a>	[心] 是滴是滴！~			2037350781	00	14567897966	1397724391816
2320916-	0		2	Fri Mar 16 18:15:52 +0800 2012			3424269582933827	3424269582933827				3424269582933827	0		#	7	<a href=" rel="nofollow">微博 weibo.com</a>	周末愉快！[心]（图为虹夕诺雅 京都客房）			2037350781	00	0	1397724391816
2320917-	0		0	Sun Aug 28 20:39:40 +0800 2011			3351465813534535	3351465813534535				3351465813534535	0		#	0	<a href=" rel="nofollow">专业版微博</a>	#星野梦缘 蜜月许誓#上海婚博会今天结束了！！星野梦缘，6大教堂！2个人的蜜月，2个人的誓言，2个人的深情许誓，相爱所以选择相许终身，星野梦缘就是为你们创造专属于你们的两人空间！			2037350781	00	0	1397724391817
2320918-	0		6	Wed Aug 01 16:13:46 +0800 2012			3474248385171510	3474248385171510				3474248385171510	0		#	5	<a href=" rel="nofollow">新浪微群</a>	 #7月云海大回放# IN【离天国最近的咖啡厅】�【云海展望台】。7月份共出现云海21次，出现概率约为68%。现在把7月中出现的最精彩的云海呈现给大家，希望能在炎炎的夏日给大家带去一丝北海道的清凉。 - 原文地址：			2037350781	00	0	1397724391817
2320919-	0		0	Tue Feb 07 18:53:29 +0800 2012			3410508310697055	3410508310697055				3410508310697055	0		#	1	<a href=" rel="nofollow">微博 weibo.com</a>	创造#虹夕诺雅#的人。“如果能够更多地在珍惜日本原有特色的同时走现代化之路,大家的生活与周围的风景将是个什么模样呢”，这一好奇心是#虹夕诺雅#计划的开端。描绘“另一个日本”，是在维护这片土地上独自的价值观、生态系统以及文化的同时，完成符合时代发展空想世界。 			2037350781	00	0	1397724391817
2320920-	0		0	Wed Jul 18 20:28:17 +0800 2012			3469239006337169	3469239006337169				3469239006337169	0			1	<a href=" rel="nofollow">专业版微博</a>	好美好美~			2037350781	00	3469185097350920	1397724391818
2320921-	0		8	Thu May 03 18:03:08 +0800 2012			3441661009346841	3441661009346841				3441661009346841	0			5	<a href=" rel="nofollow">微博 weibo.com</a>	不错哟，夏季去北海道绝对不能错过的！#星野TOMAMU度假村#云海//@玩家旅游杂志: 这真是漫步云端了~~			2037350781	00	3441599504142935	1397724391818
2320922-	0		1	Fri Oct 19 16:03:40 +0800 2012			3502874484576963	3502874484576963				3502874484576963	0		#	15	<a href=" rel="nofollow">专业版微博</a>	[推荐]热烈庆祝#虹夕诺雅 京都#的怀石料理餐厅在今天发行的《2013年@米其林指南 京都・大阪・奈良・神户》中被评为米其林一星餐厅！[撒花]料理长久保田先生出身京都烹饪老店，在法国米其林三星餐厅悟出“用简单方法烹饪美味料理”的真谛。他从食材中提出京都料理不可或缺的“鲜”，使每道菜都充满惊喜。			2037350781	00	0	1397724391818
2320923-	0		0	Mon Aug 27 11:03:05 +0800 2012			3483592287713997	3483592287713997				3483592287713997	0			2	<a href=" rel="nofollow">专业版微博</a>	回复@ON表参道:是呀~除了倒数第二张 那算是轻井泽的一个景点 叫白丝瀑布 不是我们度假村的 剩下都是虹夕诺雅 轻井泽的景色~[求关注] //@ON表参道:@星野集团 这是你们的吗？			2037350781	00	3482587455026922	1397724391819
2320924-	3		18	Tue Aug 20 17:31:29 +0800 2013			3613424883972349	3613424883972349				3613424883972349	0		#	67	<a href=" rel="nofollow">专业版微博</a>	#虹夕诺雅#京都  很多小伙伴闹不懂，同样是枫树和红叶，为什么京都这么红？吼吼，那是因为京都岚山多是五角枫和鸡爪槭，这是最叶红如血的品种呀~真赤红叶之秋――给你一个说走就走的理由！@星野集团			2037350781	00	0	1397724391819
2320925-	0		2	Thu Aug 02 10:36:41 +0800 2012			3474525943162132	3474525943162132				3474525943162132	0		#	2	<a href=" rel="nofollow">专业版微博</a>	为大家带来#虹夕诺雅 轻井泽#的泡浴新伴侣！自近日起虹夕诺雅的季节室内浴除了柠檬、薄荷外，更新添了茴香为泡浴药草。茴香有保温效果和利尿作用，特别适合恢复疲劳。下面就是季节浴新成员：茴香君[拍手]和深受欢迎的柠檬浴			2037350781	00	0	1397724391819
2320926-	0		0	Mon Sep 12 19:39:58 +0800 2011			3356886607351143	3356886607351143				3356886607351143	0			0	<a href=" rel="nofollow">微博 weibo.com</a>	转发微博。			2037350781	00	3356864516222875	1397724391819
2320927-	0		2	Mon Dec 10 11:57:00 +0800 2012			3521656578370114	3521656578370114				3521656578370114	0			0	<a href=" rel="nofollow">360安全浏览器</a>	感谢各位喜爱#云海展望台#的朋友们在今年夏季的支持！冬季的TOMAMU已经银装素裹，最棒的粉雪雪质和美丽的北海道冬景正在等待大家前来畅滑度假~			2037350781	00	3517308536138438	1397724391820
2320928-	0		1	Fri Jul 29 10:03:17 +0800 2011			15570196886	15570196886				3340434026203762	0		#	6	<a href=" rel="nofollow">微博 weibo.com</a>	分享图片。			2037350781	00	0	1397724391820
2320929-	0		13	Wed Sep 04 20:18:55 +0800 2013			3618902850761470	3618902850761470				3618902850761470	0		#	24	<a href=" rel="nofollow">专业版微博</a>	小伙伴们，金秋即将来临，星野集团特别精选东京地区最受欢迎的4家温泉度假村―#虹夕诺雅#轻井泽、#星野界#箱根、热海、伊东，推出官网限定特别优惠活动，详情在此			2037350781	00	0	1397724391820
2320930-	0		1	Fri Apr 26 21:30:34 +0800 2013			3571448063060278	3571448063060278				3571448063060278	0		#	2	<a href=" rel="nofollow">专业版微博</a>	#今日京都#4月26日，雨。温暖的春雨滋润着青葱绿叶顺着叶尖滴下，新绿的枫叶也会快快成长起来。这样闪闪发光的日子里，虹夕诺雅 京都的客人一定要到庭院中来散散步。5月1日起，度假村的园艺师将在浓浓春意的庭院中和大家分享“京都园艺师的春之庭美学”，一起来感受春天的魅力吧			2037350781	00	0	1397724391821
2320931-	0		2	Thu Jul 07 13:29:58 +0800 2011			13836981202	13836981202				5626478446497003905	0		#	4	<a href=" rel="nofollow">微博 weibo.com</a>	今天是日本的七夕节。七夕在日语中读作「たなばた」或「しちせき」,是日本自古以来的庆典活动,也是日本一年中最重要的五大传统节日之一。每年7月7日晚上，将写着愿望的各色短签、装饰物挂在竹叶上，向星星许愿的习惯至今仍然保留着。#虹夕诺雅 轻井泽#在这特别的日子会举行制作人形娃娃的活动（图）。			2037350781	00	0	1397724391821
2320932-	0		4	Fri Aug 26 22:25:01 +0800 2011			3350767549917273	3350767549917273				3350767549917273	0			0	<a href=" rel="nofollow">微博 weibo.com</a>	回复@黛儿塔:我们这边也有疏忽，下次需要更注意！ //@黛儿塔:转发此微博:悲哀啊//@王超irwin:如果是谁误拿了，还是赶快还给人家吧。工作人员丢了这个，估计也是要被罚吧。			2037350781	00	3350743743155587	1397724391821
2320933-	0		2	Thu May 16 11:14:44 +0800 2013			3578540840759389	3578540840759389				3578540840759389	0			0	<a href=" rel="nofollow">专业版微博</a>	[太开心]社长还是那么帅~我下次一定要去你的时光花园看看~//@日本宅人-凌蔺: 决定要做的事情再晚再累也要实施啊~[嘻嘻]而且星野先生时间很难排的说~@星野集团 他来我们@时光花园咖啡 真实开心死我了[心]关键是他很喜欢我们的咖啡店！！很关键！			2037350781	00	3577400652846664	1397724391821
2320934-	0		0	Fri Jul 15 09:26:15 +0800 2011			14463973802	14463973802				3335351276235232	0		#	5	<a href=" rel="nofollow">微博 weibo.com</a>	分享图片,日本现在特别流行的泡沫喷雾器，据说是日本夏天节电下产生的人气产品，可以喷在身体任何部位，达到酷暑里的一丝快感，名字还可叫北极物语~[风扇]			2037350781	00	0	1397724391822
2320935-	0		0	Tue Sep 04 18:47:08 +0800 2012			3486608176969825	3486608176969825				3486608176969825	0		#	0	<a href=" rel="nofollow">专业版微博</a>	9月14日起，位于山梨县八岳山的#星野RISONARE#家庭度假村将迎来#万圣节特别活动#，小朋友们将和爸爸妈妈们一起穿上巫师装，参加度假村内各种万圣节主题活动。			2037350781	00	0	1397724391822
2320936-	0		2	Tue Jul 05 17:24:02 +0800 2011			13694567996	13694567996				5625796594657334911	0		#	6	<a href=" rel="nofollow">微博 weibo.com</a>	#虹夕诺雅 京都#日本京都西郊岚山之下，泛着船儿，带你到一个世外桃源去！~~			2037350781	00	0	1397724391822
2320937-	0		10	Fri Jan 25 20:07:35 +0800 2013			3538449879434889	3538449879434889				3538449879434889	0			1	<a href=" rel="nofollow">专业版微博</a>	@桔猪 的文章和图片又把我带回到寒冷却浪漫的TOMAMU，一起来看 @铮馒头 @空肚皮 @北海道旅游达人			2037350781	00	0	1397724391822
2320938-	0		0	Fri Dec 14 16:37:28 +0800 2012			3523176707080123	3523176707080123				3523176707080123	0			3	<a href=" rel="nofollow">360安全浏览器</a>	刚刚朋友问到北海道的天气和温度，就看到了这条微博，转给大家，超实用！原作者补充，还有记得戴太阳镜或雪镜~			2037350781	00	3520206280602770	1397724391823
2320939-	2		1	Fri Jul 19 01:16:21 +0800 2013			3601583076258373	3601583076258373				3601583076258373	0			11	<a href=" rel="nofollow">三星Galaxy SIII</a>	#虹夕诺雅#轻井泽，让人到来便不愿离开的地方			2037350781	00	3601061762127446	1397724391823
2320940-	3		4	Mon Dec 16 12:23:38 +0800 2013			3656109178502604	3656109178502604				3656109178502604	0		#	2	<a href=" rel="nofollow">360浏览器超速版</a>	#星野#集团�磐梯猫魔#滑雪#度假村于上周六正式开始这个雪季的运营啦！昨天的一场小雪，雪场积雪达到30~50cm，自然雪的雪质非常棒，细腻柔软的雪质非常适合滑雪。早上8点半时的图片，雪场的人还不多，到了上午人就慢慢多起来了。			2037350781	00	0	1397724391823
2320941-	1		0	Tue May 07 10:12:54 +0800 2013			3575263788539440	3575263788539440				3575263788539440	0			0	<a href=" rel="nofollow">360浏览器超速版</a>	2013北海道樱花预测			2037350781	00	3574921043061553	1397724391824
2320942-	0		0	Tue Aug 06 17:09:43 +0800 2013			3608345975614650	3608345975614650				3608345975614650	0			1	<a href=" rel="nofollow">关联博客</a>	[转载]【日本.北海道】走进绿色童话中 			2037350781	00	0	1397724391824
2320943-	1		6	Fri Jun 07 16:25:31 +0800 2013			3586591581033694	3586591581033694				3586591581033694	0		#	12	<a href=" rel="nofollow">专业版微博</a>	虹夕诺雅 巴厘度假村概念图大曝光！6月5日星野集团在东京举行了顶级奢华度假酒店品牌#虹夕诺雅#的首家海外设施――虹夕诺雅 巴厘度假村的新闻发布会，期间公布了度假村的概念手绘图。相信2014年6月开业的虹夕诺雅 巴厘会将日本本土顶级酒店服务于美丽的巴厘完美结合，带给大家更多惊喜与期待！			2037350781	00	0	1397724391824
2320944-	0		0	Mon Aug 01 17:57:07 +0800 2011			15812644907	15812644907				3341640433488179	0		#	2	<a href=" rel="nofollow">微博 weibo.com</a>	#虹夕诺雅 京都#划着船儿也能感受日本文化的气息！			2037350781	00	0	1397724391825
2320945-	0		1	Sun Dec 18 00:11:54 +0800 2011			3391744277141747	3391744277141747				3391744277141747	0			0	<a href=" rel="nofollow">iPhone客户端</a>	[good] //@携程旅行网:近期想去日本的童鞋们，火速看过来！“日本最好的免费旅行景点TOP20”新鲜出炉啦！又好玩又省钱，帮你打造超级经济划算的日本之旅哦！ @日本国家旅游局JNTO			2037350781	00	3391710235761735	1397724391825
2320946-	0		0	Thu Jan 31 10:51:31 +0800 2013			3540484272011815	3540484272011815				3540484272011815	0		#	2	<a href=" rel="nofollow">专业版微博</a>	#星野春季魅力#星野RISONARE 热海 家庭度假村位于日本的产茶名乡静冈县内，今年春季特别为到访的客人提供春茶采摘的体验项目。我们为参加体验的客人准备了专业的采茶服装，更有儿童号码，换好服装后先拍个照~随后大家将前往可以饱览富士山美景的茶园，体验亲手采茶、制茶、品茶的乐趣~			2037350781	00	0	1397724391825

