1446379-	1		1	Tue Mar 05 07:12:30 +0800 2013			3552387954323143	3552387954323143				3552387954323143	0		#	6	<a href=" rel="nofollow">新浪博客</a>	《橄榄油迷迭香烤鸡排》，清新的风味，烤鸡排时在鸡排下垫上一些蔬菜，鸡排烤熟，蔬菜也熟了，这一次的劳动可以把肉菜和蔬菜都一次搞定，特别适合小家庭或者单身人士，真的简单又方便。 (来自 @头条博客) -     @新浪美食 @厦门美食 @厦门美食在热推			1515178230	00	0	1397721864000
1446380-	0		5	Mon Feb 25 19:58:44 +0800 2013			3549681671851632	3549681671851632				3549681671851632	0			7	<a href=" rel="nofollow">三星Galaxy SIII</a>	哈哈哈哈哈哈，笑屎了[哈哈][哈哈][哈哈][哈哈][哈哈]，太残暴了！！！[偷笑]			1515178230	00	3549666609803085	1397721864000
1446381-	1		3	Sat Jan 05 20:17:50 +0800 2013			3531204701672770	3531204701672770				3531204701672770	0			7	<a href=" rel="nofollow">三星Galaxy SIII</a>	笑屎了[哈哈][哈哈][哈哈]毛超级长的长毛兔[馋嘴]//@椰子澳洲海带go:@凌�� @庭庭咯			1515178230	00	3531204051481762	1397721864000
1446382-	6		1	Sun Nov 10 09:35:33 +0800 2013			3643020915928721	3643020915928721				3643020915928721	0			17	<a href=" rel="nofollow">专业版微博</a>	周末午餐走起，童年的味道～[偷笑]			1515178230	00	3642428512895323	1397721864001
1446383-	0		28	Fri Jan 04 13:03:31 +0800 2013			3530733014813044	3530733014813044				3530733014813044	0		#	5	<a href=" rel="nofollow">三星Galaxy SIII</a>	这帮小破孩纸非要吃隔壁，傻了吧，不好吃[鄙视][鄙视][鄙视]			1515178230	00	0	1397721864001
1446384-	2		6	Fri Mar 22 07:47:45 +0800 2013			3558557414536235	3558557414536235				3558557414536235	0			2	<a href=" rel="nofollow">关联博客</a>	5度液种全麦朗姆葡萄干吐司 			1515178230	00	0	1397721864001
1446385-	6		9	Mon Mar 24 23:09:31 +0800 2014			3691785735938051	3691785735938051				3691785735938051	0			27	<a href=" rel="nofollow">iPad客户端</a>	[蜡烛][蜡烛][蜡烛]			1515178230	00	3691772792530232	1397721864001
1446386-	1		6	Mon Feb 25 18:21:44 +0800 2013			3549657274078195	3549657274078195				3549657274078195	0		#	0	<a href=" rel="nofollow">三星Galaxy SIII</a>	劳累了一天，在下班的公车上能有一个位置真是幸福[太开心]#幸福在哪里#			1515178230	00	0	1397721864002
1446387-	2		3	Fri Aug 30 15:51:46 +0800 2013			3617023676153637	3617023676153637				3617023676153637	0			15	<a href=" rel="nofollow">微博 weibo.com</a>	[委屈]好可怜的娃！为什么医院不敢收？是查不到原因吗？如果有医生看到这条微博，可以帮忙看看吗？[可怜]			1515178230	00	3616573736195603	1397721864002
1446388-	5		11	Wed Feb 19 10:33:00 +0800 2014			3679636548323602	3679636548323602				3679636548323602	0		#	2	<a href=" rel="nofollow">微博 weibo.com</a>	今日微信公众平台更新：蜜汁叉烧pizza制作过程和杭州美食“羊汤饭店”，想看的朋友你懂的，扫一扫哈[嘻嘻]			1515178230	00	0	1397721864002
1446389-	14		21	Sun Mar 16 22:46:42 +0800 2014			3688880887104832	3688880887104832				3688880887104832	0		#	71	<a href=" rel="nofollow">三星Galaxy SIII</a>	台湾保存完好的眷村四四南村现今已变成年轻人喜欢的带有文创，时尚，清新小文艺的聚集地，今天还有diy产品小市集，饰品，健康食品，化妆品，diy烘焙甜品应有尽有，跟做烘焙的妹妹们聊天好开心。好丘的Bagel不可不尝，硬质面包里馅料丰富，口感劲道，真的很美味[赞]@台湾自由行			1515178230	00	0	1397721864003
1446390-	12		7	Fri Dec 13 21:00:38 +0800 2013			3655152127141645	3655152127141645				3655152127141645	0		#	28	<a href=" rel="nofollow">Android客户端</a>	亲爱的@艾薇Vi 新婚快乐，新娘子好美丽[爱你]，狠狠的要幸福啦[耶] 我在这里:			1515178230	00	0	1397721864003
1446391-	10		16	Sun Apr 13 16:32:13 +0800 2014			3698933509454967	3698933509454967				3698933509454967	0		#	2	<a href=" rel="nofollow">三星Galaxy SIII</a>	澳门第二天，老街，大三巴，那家著名的蛋挞，你们懂的[害羞]，今天的澳门25度，在路上走着都想赶紧回酒店[汗]，果然胖子脂肪太多太怕热，中午在酒店吃得也很好，原料新鲜，制作用心，吃得一直点头，你们也懂的[嘘]威尼斯人里闲逛，出来遇到明星，看图都懂的[阴险] 我在这里:			1515178230	00	0	1397721864003
1446392-	0		7	Sat Jan 12 13:54:41 +0800 2013			3533644993450825	3533644993450825				3533644993450825	0			0	<a href=" rel="nofollow">微博 weibo.com</a>	我同意！[汗]曾经喝完一大碗的我表示。。。。还可以。。。接受。。。。。 //@谷声图书柳帆:确实挺好喝！			1515178230	00	3533633925651727	1397721864004
1446393-	0		2	Fri Nov 01 10:54:46 +0800 2013			3639779360709748	3639779360709748				3639779360709748	0			0	<a href=" rel="nofollow">微博 weibo.com</a>	回复@黄施雅同学:这个应该会有用！！！ //@黄施雅同学:做饭前先抹层睡眠面膜，做完饭后再洗掉，挡油烟啊			1515178230	00	3639768224643218	1397721864004
1446394-	5		8	Wed Feb 05 20:43:00 +0800 2014			3674716629757686	3674716629757686				3674716629757686	0			1	<a href=" rel="nofollow">iPad客户端</a>	哇，看起来很棒啊[馋嘴][花心][鼓掌]			1515178230	00	3674400966763399	1397721864004
1446395-	0		39	Mon Oct 29 20:31:05 +0800 2012			3506565657050992	3506565657050992				3506565657050992	0			0	<a href=" rel="nofollow">微博 weibo.com</a>	#我可能不会爱你#好纠结但是还不错看的电视剧，得奖也是情理之中，BUT，爱就是爱，不爱就是不爱，哪里这么多我可能不会爱你？难怪喜欢山药细面，够粘[吃货]@幸福米米鱼 是吧？			1515178230	00	0	1397721864005
1446396-	4		3	Tue Feb 25 09:46:46 +0800 2014			3681799245057704	3681799245057704				3681799245057704	0			0	<a href=" rel="nofollow">三星Galaxy SIII</a>	[偷笑][偷笑][偷笑]深夜烘焙咩？			1515178230	00	3681783583139827	1397721864005
1446397-	1		10	Sat May 04 21:56:37 +0800 2013			3574353717739747	3574353717739747				3574353717739747	0			22	<a href=" rel="nofollow">三星Galaxy SIII</a>	[好喜欢]当之无愧的冠军。。。明天我老娘看到这条应该会频频点头[偷乐][偷乐]			1515178230	00	3574343294879795	1397721864005
1446398-	0		2	Tue Dec 11 15:07:50 +0800 2012			3522067003155090	3522067003155090				3522067003155090	0			0	<a href=" rel="nofollow">微访谈</a>	基于这个好多人曾提的问题在这里回答一下，��现在的上班时间比以前提早了一小时，早晨当然是有吃早餐啦，多是自己烤焙的蛋糕或者面包，但是要再拍出来上传分享，时间上可能就不允许了，抱歉哈各位～[泪]			1515178230	00	3521745879445362	1397721864006
1446399-	0		7	Thu Dec 06 20:40:57 +0800 2012			3520338883245720	3520338883245720				3520338883245720	0			6	<a href=" rel="nofollow">三星Galaxy SIII</a>	真的赞！[鼓掌][good]			1515178230	00	3520330221855398	1397721864006
1446400-	8		26	Tue Aug 06 11:41:32 +0800 2013			3608263385762186	3608263385762186				3608263385762186	0		#	6	<a href=" rel="nofollow">360安全浏览器</a>	为了拍这种一人食的盖饭特意去买的大碗，变态啊，咩哈哈[偷笑]。今天中午是豆瓣酱茄子，不想全吃素啦，切了崇武鱼卷扔进去，蒜蓉地瓜叶，荷包蛋点酱油。嗯，就酱！！！[xkl转圈]			1515178230	00	0	1397721864006
1446401-	1		15	Wed Jun 12 17:30:53 +0800 2013			3588419974398035	3588419974398035				3588419974398035	0		#	0	<a href=" rel="nofollow">Android客户端</a>	我家花花宝贝发给我的，不能蛋腚[泪][泪]，保护措施一定要严密[怒]！！！不过我真心讨厌打伞，太讨厌了！！老爷儿们心思的糙女不想打伞啊！！[鄙视][抓狂][抓狂]@花TaTa			1515178230	00	0	1397721864007
1446402-	4		3	Sat Jan 04 21:30:33 +0800 2014			3663132184021050	3663132184021050				3663132184021050	0			26	<a href=" rel="nofollow">iPad客户端</a>	我亲爱的小民律，开心开心[鼓掌][鼓掌][鼓掌]			1515178230	00	3662985358536553	1397721864007
1446403-	10		14	Sat Feb 01 15:28:10 +0800 2014			3673187847747579	3673187847747579				3673187847747579	0		#	1	<a href=" rel="nofollow">360安全浏览器</a>	不出门的日子，阳光和下午茶都不可辜负！[阳光]用鲜榨复合果汁取代咖啡也是不错的选择[彩虹]			1515178230	00	0	1397721864007
1446404-	0		0	Thu Oct 25 06:46:27 +0800 2012			3504908583580144	3504908583580144				3504908583580144	0			13	<a href=" rel="nofollow">iPad客户端</a>	[可怜][可怜]好可怜！求帮助[泪][泪][泪]//@Tella的下午茶: @凌�� //@獠牙绵羊: //@莲蓬鬼话: //@桃小香: B型帮转//@老牛叔叔://@雕工小匠: [爱心传递] //@云雾山庄001: //@香迪-红馆:@心理咨询师黄小梅:需要的是AB型血			1515178230	00	3504231971980507	1397721864008
1446405-	1		7	Sat Sep 29 22:16:31 +0800 2012			3495720558105872	3495720558105872				3495720558105872	0			0	<a href=" rel="nofollow">微博 weibo.com</a>	很喜欢丁丁，可是这歌好像不适合她，选错了。。。			1515178230	00	0	1397721864008
1446406-	2		6	Thu Jun 13 17:22:41 +0800 2013			3588780303099466	3588780303099466				3588780303099466	0		#	1	<a href=" rel="nofollow">Android客户端</a>	#做一回重庆人#下午出发朝天门，先到重庆规划展览馆看有关于重庆发展的一系列历史，变迁和远期规划，@延参法师 仍然是媒体追逐的焦点[哈哈]@新浪重庆			1515178230	00	0	1397721864008
1446407-	0		11	Sun Sep 16 17:15:42 +0800 2012			3490933813250792	3490933813250792				3490933813250792	0			5	<a href=" rel="nofollow">S60客户端</a>	#厦门在保钓#//@新浪厦门:关注，这一路同行的人			1515178230	00	3490900229112539	1397721864009
1446408-	0		20	Sun Oct 07 07:53:03 +0800 2012			3498402362463892	3498402362463892				3498402362463892	0		#	1	<a href=" rel="nofollow">S60客户端</a>	一大早的…有个阿姨在公车上打电话说嫁女儿给女儿买了两万多的金饰[偷笑]…各种大声…估计全车都听见了…[哈哈]…厦门开始有点点微凉…早晨可以薄长袖咯～早安各位……[打哈气]			1515178230	00	0	1397721864009
1446409-	0		20	Sat Nov 17 16:17:51 +0800 2012			3513387298676856	3513387298676856				3513387298676856	0			4	<a href=" rel="nofollow">三星Galaxy SIII</a>	[害羞]大家普遍都说，字！该练练了！！！			1515178230	00	3513372676840335	1397721864009
1446410-	0		8	Wed Apr 03 00:13:05 +0800 2013			3562791643994047	3562791643994047				3562791643994047	0		#	0	<a href=" rel="nofollow">三星Galaxy SIII</a>	yummy[花心] Good night~[亲亲]			1515178230	00	0	1397721864009
1446411-	2		5	Fri Aug 30 19:01:35 +0800 2013			3617071436565272	3617071436565272				3617071436565272	0			9	<a href=" rel="nofollow">关联博客</a>	黄桃挞 			1515178230	00	0	1397721864010
1446412-	0		20	Tue Nov 06 13:06:56 +0800 2012			3509352990203781	3509352990203781				3509352990203781	0		#	3	<a href=" rel="nofollow">三星Galaxy SIII</a>	听闺蜜@xmrick 说麦麦的双层鱼堡好吃，今天来试试，味道还可以！妈咪还是给她买板烧，配红茶。女人不要喝太多凉的，对身体不好！姐妹们切记！！			1515178230	00	0	1397721864010
1446413-	2		8	Wed Sep 11 10:47:36 +0800 2013			3621295780200555	3621295780200555				3621295780200555	0			0	<a href=" rel="nofollow">360安全浏览器</a>	老师双节快乐[耶]，要分cherry老师吃哦[偷笑][阴险]			1515178230	00	3621294106505429	1397721864010
1446414-	3		11	Thu Oct 24 12:29:44 +0800 2013			3636904157160400	3636904157160400				3636904157160400	0			2	<a href=" rel="nofollow">360安全浏览器</a>	[泪]面团啊面团你肿么了			1515178230	00	3636902793641670	1397721864011
1446415-	5		7	Fri Nov 15 12:14:22 +0800 2013			3644872827292487	3644872827292487				3644872827292487	0			16	<a href=" rel="nofollow">360安全浏览器</a>	特喜欢的妞～[爱你]			1515178230	00	3644850119232777	1397721864011
1446416-	4		30	Sat Feb 16 19:54:20 +0800 2013			3546419077617773	3546419077617773				3546419077617773	0		#	4	<a href=" rel="nofollow">三星Galaxy SIII</a>	晚上的活儿就是这个[挖鼻屎]，韭菜虾皮鸡蛋馅儿。。。			1515178230	00	0	1397721864012
1446417-	6		1	Sat Jul 06 15:20:27 +0800 2013			3597084458952291	3597084458952291				3597084458952291	0			21	<a href=" rel="nofollow">Android客户端</a>	萌倒我了，超级可爱啊[亲亲][亲亲]。这个才是真正的柔软的胖纸[偷笑][偷笑]//@周瑷玛:��要@凌�� //@胖猫儿爷:[亲亲]//@您一定会笑喷: 可爱			1515178230	00	3596802554960294	1397721864012
1446418-	1		2	Sat Apr 06 12:31:50 +0800 2013			3564064734060271	3564064734060271				3564064734060271	0			3	<a href=" rel="nofollow">微博 weibo.com</a>	不错，很有意思！[得意地笑]//@小苹果倪: 亲们若留下“寻人咖啡”，估计很快就被Fans领走了哟			1515178230	00	3563892825416020	1397721864012
1446419-	1		0	Sun May 12 12:10:28 +0800 2013			3577105311676418	3577105311676418				3577105311676418	0			1	<a href=" rel="nofollow">微博 weibo.com</a>	西�那每�啦[笑哈哈][笑哈哈]闽南人看得懂！！！			1515178230	00	3576686526439436	1397721864012
1446420-	2		20	Thu Jan 03 23:08:27 +0800 2013			3530522879481969	3530522879481969				3530522879481969	0		#	1	<a href=" rel="nofollow">三星Galaxy SIII</a>	低糖低油全麦黑麦面包[汗]，长得跟歪脖树似的[生病]，发酵巨慢，膨胀力强劲[打哈气]，给某妞妞她爹的，我可以去睡了，安～[困]			1515178230	00	0	1397721864013
1446421-	2		2	Fri Aug 16 09:13:22 +0800 2013			3611849977026176	3611849977026176				3611849977026176	0			6	<a href=" rel="nofollow">关联博客</a>	鲜虾玉米肉蒸蛋 			1515178230	00	0	1397721864013
1446422-	0		13	Mon Dec 10 18:09:21 +0800 2012			3521750278989413	3521750278989413				3521750278989413	0			3	<a href=" rel="nofollow">微博 weibo.com</a>	哇，亲爱的。弹弹波配方丢个过来，哼哼，手痒了！[江南style]			1515178230	00	3521748085402197	1397721864013
1446423-	1		1	Tue Jun 25 13:15:01 +0800 2013			3593066625486967	3593066625486967				3593066625486967	0			2	<a href=" rel="nofollow">微博 weibo.com</a>	重庆味儿，人情味儿！[心]//@陈辰: #做一回重庆人#真正的重庆味道不是具体到哪个区哪家店的一道菜，而是在不断翻炒里融入的浓浓的人情味。@史浩祺 @VJ张进 @凌�� @张振华 @曾子一 @陈忠卫 @阿甘 @Nicole的生活书 @熊猫小明 @湖上淡云飘 @刘韶清 @刘�� @阿滋楠 @孙礼纪事 @杨孝文 @万小e勇气			1515178230	00	3592780787845202	1397721864014
1446424-	4		4	Fri Feb 28 09:28:25 +0800 2014			3682881786851474	3682881786851474				3682881786851474	0			6	<a href=" rel="nofollow">Android客户端</a>	回复@Cherry李小羊:市面上的北海道实际上是起酥面包，面皮和黄油折叠后擀卷烘烤，是金砖土司，而网络上的北海道配方是源自日本的北海道牛奶土司，用牛奶，淡奶油，蛋白等为主要辅料制作的，根本是两个不同产品。#市售北海道土司与家庭烘焙北海道牛奶土司的区别#			1515178230	00	3682200673824345	1397721864014
1446425-	15		17	Mon Dec 16 09:58:41 +0800 2013			3656072705784613	3656072705784613				3656072705784613	0		#	2	<a href=" rel="nofollow">WeicoHD.iPad</a>	寒冷的冬日需要积蓄能量，所以我的心告诉我想吃巧克力蛋糕了[偷笑]，看到印佳小妞做，实在忍不住，昨晚上也烤了个巧克力海绵，夹了巧克力甘纳许，肥肥的有能量[抱抱]。早晨打了玉米羹，不加糖，配巧克力蛋糕，大满足[鼓掌]			1515178230	00	0	1397721864015
1446426-	0		9	Mon Apr 29 21:27:13 +0800 2013			3572534383137991	3572534383137991				3572534383137991	0		#	2	<a href=" rel="nofollow">三星Galaxy SIII</a>	回家轻松一下[甩甩手]，泰国卡乐美虾味条好吃，推荐！[好爱哦]			1515178230	00	0	1397721864015
1446427-	0		4	Mon Apr 22 16:03:11 +0800 2013			3569916130809381	3569916130809381				3569916130809381	0			7	<a href=" rel="nofollow">微博 weibo.com</a>	艹，没人性的死骗子。[抓狂][怒]			1515178230	00	3569872849824030	1397721864015
1446428-	1		2	Wed Feb 13 12:06:03 +0800 2013			3545214067650734	3545214067650734				3545214067650734	0			3	<a href=" rel="nofollow">三星Galaxy SIII</a>	正能量[good]			1515178230	00	3545198640471616	1397721864016
1446429-	1		5	Fri Mar 08 08:21:44 +0800 2013			3553492536841283	3553492536841283				3553492536841283	0			25	<a href=" rel="nofollow">微博 weibo.com</a>	疯掉，太美了！！[gst耐你]//@筱古: 哦后，看这漫天星斗//@樱的食彩浪漫: 一大早被这美美的片子治愈得一塌糊涂。。。瞬间忘记了今天黄沙+花粉+PM2.5的洗劫已将我几乎击溃T_T。。。			1515178230	00	3551680811457874	1397721864016
1446430-	15		20	Sat Apr 05 22:40:39 +0800 2014			3696127121487018	3696127121487018				3696127121487018	0		#	0	<a href=" rel="nofollow">三星Galaxy SIII</a>	美女儿和沙茶火锅儿[害羞][害羞]深夜拉仇恨[偷笑]			1515178230	00	0	1397721864016
1446431-	2		8	Wed Dec 18 13:50:22 +0800 2013			3656855790339893	3656855790339893				3656855790339893	0		#	4	<a href=" rel="nofollow">Android客户端</a>	厦门的土豪金[偷笑][偷笑]			1515178230	00	0	1397721864016
1446432-	2		14	Tue Jul 02 07:03:38 +0800 2013			3595509874640711	3595509874640711				3595509874640711	0		#	11	<a href=" rel="nofollow">新浪博客</a>	发表了博文 《黑麦核桃乳酪包》 -  前天的微博里，闺蜜艾特了我一条关于厦门某家高校开设西点班的通知，文章末尾一句，爱他就来学烤面包吧，本科哦～～，这话一石激起千层浪，好多人同我一样捶胸顿足恨没晚生几 			1515178230	00	0	1397721864017
1446433-	1		0	Fri Apr 19 09:08:21 +0800 2013			3568724562458458	3568724562458458				3568724562458458	0			2	<a href=" rel="nofollow">关联博客</a>	懒人业余餐厅 			1515178230	00	0	1397721864017
1446434-	0		3	Thu Jan 17 18:28:32 +0800 2013			3535525850201915	3535525850201915				3535525850201915	0			0	<a href=" rel="nofollow">三星Galaxy SIII</a>	哇，开始倒计时，坐等[爱你][花心][花心][花心][花心]			1515178230	00	3535501376505335	1397721864017
1446435-	0		2	Fri Dec 14 12:56:13 +0800 2012			3523121032393952	3523121032393952				3523121032393952	0			13	<a href=" rel="nofollow">三星Galaxy SIII</a>	[泪]@S断了兔子的耳朵 有木有。。。			1515178230	00	3523114434696839	1397721864018
1446436-	0		2	Mon Apr 15 22:28:45 +0800 2013			3567476438602657	3567476438602657				3567476438602657	0			8	<a href=" rel="nofollow">专业版微博</a>	这是我理想婚礼的主色调，中国红和圣洁白。以后我的婚礼调一定是这个！[太开心]还有中国传统褂裙也是必备[亲亲]，白婚纱就可有可无了[右哼哼]			1515178230	00	3567463700501073	1397721864018
1446437-	0		1	Tue Dec 11 21:26:53 +0800 2012			3522162381670075	3522162381670075				3522162381670075	0			0	<a href=" rel="nofollow">微博 weibo.com</a>	咦，为神马我没有收到这条艾特！！为毛！！为毛！！[吐血]。赶紧约出来，我要妍色姐姐美美的日历和名信片！！！[花心]			1515178230	00	3516218675988907	1397721864018
1446438-	0		1	Fri Feb 08 15:12:21 +0800 2013			3543449011417444	3543449011417444				3543449011417444	0		#	0	<a href=" rel="nofollow">三星Galaxy SIII</a>	蜂蜜百合银耳羹[打哈气]下午茶？！			1515178230	00	0	1397721864019
1446439-	0		11	Thu Jan 03 17:02:19 +0800 2013			3530430731289650	3530430731289650				3530430731289650	0			19	<a href=" rel="nofollow">三星Galaxy SIII</a>	[偷笑][偷笑][偷笑]//@薛蛮子:女童鞋们，凡有家暴倾向的男盆友一个都不原谅，一个也不饶恕！一个也不能嫁！不管他花言巧语，睹咒发誓，叩头抢地。到头来都是狗改不了吃屎！回答只是一个字：NO!万一己经嫁了马上找专家咨询，立刻纠正家暴倾向，如果不改，用围脖的语言：果断取消关注！			1515178230	00	3530333507085263	1397721864019
1446440-	0		5	Sat Nov 17 16:51:55 +0800 2012			3513395875990274	3513395875990274				3513395875990274	0			0	<a href=" rel="nofollow">三星Galaxy SIII</a>	[爱你]谢谢我师傅			1515178230	00	3513378272524880	1397721864020
1446441-	0		7	Thu May 23 11:54:33 +0800 2013			3581087576379839	3581087576379839				3581087576379839	0			9	<a href=" rel="nofollow">三星Galaxy SIII</a>	新书作品抢先放送，夏天的芒果季必不可少一杯芒果慕斯哦[爱你][甩甩手]			1515178230	00	3581059268203747	1397721864020
1446442-	1		9	Sun Nov 03 20:29:16 +0800 2013			3640648714018424	3640648714018424				3640648714018424	0			3	<a href=" rel="nofollow">微博 weibo.com</a>	回复@淇淇611:嗯哼，这孩子是来歪楼�呀[偷笑]，有做过，不错吃哦，奶酪蔓越莓大排包，地址戳 //@淇淇611:有没有用奶酪做面包的方子，推荐一个，多谢[爱你]			1515178230	00	3640637070836191	1397721864020
1446443-	0		3	Tue Oct 02 10:57:03 +0800 2012			3496636728247534	3496636728247534				3496636728247534	0			10	<a href=" rel="nofollow">S60客户端</a>	国外的温馨提示标语除了英语和本国母语外一定有中文不是没有道理的…中国人的环境保护意识不是一般的差！到处丢人！！//@珠峰野人:[怒][怒][怒][怒][怒][怒][怒]逼校园封闭啊!			1515178230	00	3496496777211246	1397721864021
1446444-	1		20	Sun Sep 16 18:23:16 +0800 2012			3490950817378715	3490950817378715				3490950817378715	0		#	5	<a href=" rel="nofollow">S60客户端</a>	刚刚出炉…热乎乎的光饼[花心]…卖光饼的大叔说他的光饼是用老面发酵…不能用酵母…不然饼皮不会香…虽然只是个路边摊…但是我瞬间被这话感动…特意漏过一班车等着光饼出炉。果然！这光饼皮子烤得外脆内软…内馅儿是微辣的肉末…一整个饼吃完还有意犹未尽的感觉…一个1.5元…便宜又好吃[花心]			1515178230	00	0	1397721864021
1446445-	0		15	Wed May 29 09:47:27 +0800 2013			3583229916946555	3583229916946555				3583229916946555	0			0	<a href=" rel="nofollow">微博 weibo.com</a>	据说现在行理还没找回来，这也太耽误事儿了，多少得给个说法儿啊！			1515178230	00	3582603699730945	1397721864022
1446446-	16		25	Mon Jan 06 09:22:45 +0800 2014			3663673803516986	3663673803516986				3663673803516986	0		#	30	<a href=" rel="nofollow">三星Galaxy SIII</a>	最近勤快了点，继续发早餐，前几天做的液种胚芽葡萄干面包今天取出来回炉依旧软嫩非常，连老妈都赞叹不已，好吃！每顿早餐都要有鸡蛋的鸡蛋达人今天做了培根厚蛋烧，还有热热的奶油紫薯露，因为之前的香芋浓汤我爹说太稠了，紫薯特意做成饮品类，加了奶油更加细腻柔滑有滋味，水果是草莓！早安！[太阳]			1515178230	00	0	1397721864022
1446447-	3		4	Fri Dec 06 10:49:22 +0800 2013			3652461581347995	3652461581347995				3652461581347995	0			6	<a href=" rel="nofollow">关联博客</a>	【杭州】最有杭州特色的三家早餐店 			1515178230	00	0	1397721864023
1446448-	0		4	Thu Dec 12 10:52:13 +0800 2013			3654636626321050	3654636626321050				3654636626321050	0			4	<a href=" rel="nofollow">微博 weibo.com</a>	双12就是花钱的节奏，不要怪我没通知你们，这家做特价，东西很好吃，我要速度去买了[猪头]			1515178230	00	3654627427645833	1397721864023
1446449-	11		22	Tue Mar 25 14:42:42 +0800 2014			3692020579423661	3692020579423661				3692020579423661	0		#	1	<a href=" rel="nofollow">三星Galaxy SIII</a>	抱着三包吴宝春暴走[泪]，估计一个多礼拜不用做面包了，哈哈哈哈[haha][haha]			1515178230	00	0	1397721864023
1446450-	0		6	Sat Feb 02 19:00:30 +0800 2013			3541332100325074	3541332100325074				3541332100325074	0			2	<a href=" rel="nofollow">iPad客户端</a>	[偷笑][馋嘴][馋嘴][鼓掌][鼓掌][鼓掌]			1515178230	00	3540947738696853	1397721864024
1446451-	1		0	Sun Jun 02 09:44:14 +0800 2013			3584678659446196	3584678659446196				3584678659446196	0			2	<a href=" rel="nofollow">专业版微博</a>	[鼓掌]求征有特长，有爱心，爱小盆友，有童心之人士哦～			1515178230	00	3584084036786479	1397721864024
1446452-	7		5	Mon Mar 17 10:48:11 +0800 2014			3689062458231242	3689062458231242				3689062458231242	0		#	1	<a href=" rel="nofollow">三星Galaxy SIII</a>	天然包围的香草气息，与清新为伍，这里是植物的家[爱你]，设施装备几乎都是废物利用，来这里当一回小朋友，课外实践开始?。 我在:			1515178230	00	0	1397721864024
1446453-	1		2	Sun Feb 24 12:49:16 +0800 2013			3549211210015370	3549211210015370				3549211210015370	0			2	<a href=" rel="nofollow">三星Galaxy SIII</a>	也感谢你喜欢[鼓掌]			1515178230	00	3549004761237027	1397721864025
1446454-	5		25	Sat Sep 14 11:00:10 +0800 2013			3622386106451450	3622386106451450				3622386106451450	0		#	1	<a href=" rel="nofollow">360安全浏览器</a>	我的微博头像，2010年在@睡眼惺忪may 姐姐家里做月饼的时候她帮我拍的，转眼都三年过去了，又是一年中秋节要到了，好快啊[可怜]@桑梓的生活情书 提前祝各位亲们节日快乐！[太开心]要看月饼是怎么做的，可以点 这里，博文我昨天刚发。[xkl转圈]			1515178230	00	0	1397721864025
1446455-	3		16	Mon Jan 28 13:11:23 +0800 2013			3539432303029391	3539432303029391				3539432303029391	0		#	1	<a href=" rel="nofollow">三星Galaxy SIII</a>	一段时间没来吃，好味道涨价了，味道还是一样不错，没退步就好！			1515178230	00	0	1397721864025
1446456-	6		17	Fri Aug 16 15:17:41 +0800 2013			3611941660632768	3611941660632768				3611941660632768	0		#	8	<a href=" rel="nofollow">Android客户端</a>	今天的下午茶实在太有爱[爱你]，闺蜜还没来我就先开动了[偷笑]。卡维拉的新品杯子慕斯，杯杯都是动物造型，慕斯口味也很不错，粉色兔子杯是蜜桃荔枝，好适合夏天的赶脚，蓝色猫猫杯是我一直喜欢的咖啡榛果，好过瘾[鼓掌] 我在这里:			1515178230	00	0	1397721864026
1446457-	0		10	Sat Jan 05 19:50:54 +0800 2013			3531197923322711	3531197923322711				3531197923322711	0		#	5	<a href=" rel="nofollow">三星Galaxy SIII</a>	全自动洗手机[嘻嘻]@Attitude17-30			1515178230	00	0	1397721864026
1446458-	0		4	Fri Dec 28 15:12:26 +0800 2012			3528228737762472	3528228737762472				3528228737762472	0			6	<a href=" rel="nofollow">专业版微博</a>	[赞]不错的好地方。			1515178230	00	3527846099911183	1397721864026
1446459-	3		2	Thu Apr 18 12:15:23 +0800 2013			3568409239369696	3568409239369696				3568409239369696	0			29	<a href=" rel="nofollow">三星Galaxy SIII</a>	在一起在一起在一起[哈哈][哈哈][哈哈]笑爆了[哈哈][哈哈]			1515178230	00	3568406298935698	1397721864026
1446460-	0		5	Wed Nov 14 21:02:26 +0800 2012			3512371756622884	3512371756622884				3512371756622884	0			1	<a href=" rel="nofollow">微博 weibo.com</a>	赶紧来！[鼓掌][亲亲]			1515178230	00	3512340270322894	1397721864027
1446461-	0		9	Thu Sep 13 07:56:22 +0800 2012			3489705893369617	3489705893369617				3489705893369617	0			1	<a href=" rel="nofollow">S60客户端</a>	合约价是嘛东西？到天朝加了各种税就远远不止咯…更惨的是税他妈的都给谁贪走了？我们屁民就不知道了[挖鼻屎][挖鼻屎]			1515178230	00	3489699823492911	1397721864027
1446462-	2		22	Sat Jul 06 11:59:01 +0800 2013			3597033762297714	3597033762297714				3597033762297714	0		#	4	<a href=" rel="nofollow">Android客户端</a>	在路边看到石橄榄，非常新鲜，买一把回去炖汤，瘦肉，排骨，猪尾巴，随便炖[哈哈]。石橄榄学名石仙桃，清热养阴，化痰止咳，润肺生津，夏天吃很不错哦[鼓掌]			1515178230	00	0	1397721864027
1446463-	7		7	Mon Mar 17 23:35:23 +0800 2014			3689255526487417	3689255526487417				3689255526487417	0		#	0	<a href=" rel="nofollow">三星Galaxy SIII</a>	台湾花园大酒店，菜色很用心精致，第一道的沙拉超大份，用料丰富；一鱼两吃的橙汁鱼排，蹄筋烧海参都很有诚意；gua包里的卤肉炖的软烂入味，细嫩嫩的口感让人惊艳；没拍的干烧大明虾我好爱，调味酱汁是类似泰式甜辣酱，新鲜大虾搭配酸甜酱汁让人吮指回味[馋嘴] 我在这里:			1515178230	00	0	1397721864028
1446464-	0		3	Sat Dec 28 08:04:41 +0800 2013			3660392666609090	3660392666609090				3660392666609090	0		#	1	<a href=" rel="nofollow">三星Galaxy SIII</a>	Morning南京，今天去高淳，天气不错[太阳]@南京曰报 @南京市旅游委员会 @高淳发布 @高淳旅游 @高淳老街njgclj #带着微博韶南京#			1515178230	00	0	1397721864028
1446465-	0		5	Sat Sep 22 10:32:35 +0800 2012			3493006692832979	3493006692832979				3493006692832979	0			0	<a href=" rel="nofollow">S60客户端</a>	#High歌#张玮唱的比原唱好太多！[haha]			1515178230	00	0	1397721864029
1446466-	1		2	Tue Aug 13 10:37:48 +0800 2013			3610784065889123	3610784065889123				3610784065889123	0			4	<a href=" rel="nofollow">关联博客</a>	液种意式综合香料吐司和黑椒菌菇香肠吐司pizza 			1515178230	00	0	1397721864029
1446467-	1		5	Wed Apr 10 21:35:55 +0800 2013			3565651207708838	3565651207708838				3565651207708838	0		#	0	<a href=" rel="nofollow">三星Galaxy SIII</a>	[挖鼻屎]臭脚丫四只，某女自己来认领。。。			1515178230	00	0	1397721864029
1446468-	1		6	Fri Nov 22 19:32:05 +0800 2013			3647519689487169	3647519689487169				3647519689487169	0		#	0	<a href=" rel="nofollow">Android客户端</a>	@宴遇吴嵘 [鄙视][鄙视][鄙视]居然让我们吃盐巴，好意思嘛你！！！@牯岭街少年 @海鲜大叔 我在这里:			1515178230	00	0	1397721864030
1446469-	0		22	Fri Nov 16 12:20:46 +0800 2012			3512965255381253	3512965255381253				3512965255381253	0		#	21	<a href=" rel="nofollow">三星Galaxy SIII</a>	我看来不仅是面控，还是炸酱面控，到面店总是不自觉的点炸酱面[馋嘴] 我在:			1515178230	00	0	1397721864030
1446470-	3		45	Sun May 05 08:55:21 +0800 2013			3574519497586251	3574519497586251				3574519497586251	0		#	3	<a href=" rel="nofollow">三星Galaxy SIII</a>	从小跟父母一起喝茶，很久没喝会怀念的老味道?#随手拍#老纸真的是八零后！[好喜欢] 我在:			1515178230	00	0	1397721864030
1446471-	26		21	Fri Feb 21 08:35:39 +0800 2014			3680331796125011	3680331796125011				3680331796125011	0		#	29	<a href=" rel="nofollow">新浪博客</a>	买了一罐栗子泥，用了一些来制作栗子奶油蛋糕，还剩下大半罐当然要来做个面包。栗子面包卷，我想你很久了！！！这次的配方我个人蛮喜欢，昨天晚上又烤了一炉一样的，看着面包在烤箱内慢慢膨发长大，发了个贴子感慨，烘焙真是幸福！分享凌�� 《栗子面包卷》 (来自 @头条博客)  			1515178230	00	0	1397721864031
1446472-	0		0	Fri Mar 15 19:56:43 +0800 2013			3556204150403731	3556204150403731				3556204150403731	0		#	1	<a href=" rel="nofollow">三星Galaxy SIII</a>	将招牌菜以日式定食方式呈现，大厨好有心思[good]@厦门美食在热推 @Vince的齐幻世界 @厦门磐基皇冠假日酒店			1515178230	00	0	1397721864031
1446473-	8		3	Mon Mar 24 16:55:02 +0800 2014			3691691494501291	3691691494501291				3691691494501291	0		#	0	<a href=" rel="nofollow">iPad客户端</a>	太舒服啦，根本不想出门。就这么呆着吧。			1515178230	00	0	1397721864032
1446474-	0		9	Thu May 30 23:14:56 +0800 2013			3583795510575909	3583795510575909				3583795510575909	0			16	<a href=" rel="nofollow">微博 weibo.com</a>	[转发]汗。。用过里面的五款。。。。。。也不能说全是菜市香拉，香奈儿五号和真我就很经典，绿茶和安娜苏算菜市香还差不多。弱弱的，明天还要去拿一瓶奇迹Q香傍身的桑不起[黑线]@椰子澳洲海带go 你懂的。。。			1515178230	00	3583787482554664	1397721864032
1446475-	4		20	Mon Jun 03 10:42:58 +0800 2013			3585055824174682	3585055824174682				3585055824174682	0			5	<a href=" rel="nofollow">专业版微博</a>	这集running man真心超爆笑，嘉宾是《拥抱太阳的月亮》里的痴情皇帝和《致美丽的你》里面的小可爱李�雨。刚好有链接推荐大家来看啦，看完心情会很好，咩哈哈哈哈[嘻嘻][偷笑][偷笑]			1515178230	00	3583594561983474	1397721864032
1446476-	0		2	Sun Nov 04 23:22:04 +0800 2012			3508783013571793	3508783013571793				3508783013571793	0			3	<a href=" rel="nofollow">三星Galaxy SIII</a>	祥哥大作必须支持！[干杯][太开心]			1515178230	00	3508781629315309	1397721864032
1446477-	0		4	Thu Oct 25 10:54:36 +0800 2012			3504971037118439	3504971037118439				3504971037118439	0			14	<a href=" rel="nofollow">S60客户端</a>	红遍网络的小宝…看一次爱一次…那无辜的小眼神儿超可爱[哈哈]			1515178230	00	3504964879540772	1397721864033
1446478-	0		6	Fri Dec 07 19:33:01 +0800 2012			3520684183696536	3520684183696536				3520684183696536	0		#	12	<a href=" rel="nofollow">三星Galaxy SIII</a>	很久没吃的心素依旧好味，依旧用心，推荐用心的素食店家。@老波头 @厦门晚报美食周刊 我在:			1515178230	00	0	1397721864033
1446479-	0		5	Fri Mar 22 19:55:19 +0800 2013			3558740521246890	3558740521246890				3558740521246890	0			10	<a href=" rel="nofollow">微博 weibo.com</a>	不知道习大大以后的执政能力如何，就目前为止最让人满意的肯定是第一夫人，气场啊！气质啊！！[鼓掌]			1515178230	00	3558718664505457	1397721864033
1446480-	0		11	Thu Jan 17 19:13:45 +0800 2013			3535537237667541	3535537237667541				3535537237667541	0		#	2	<a href=" rel="nofollow">三星Galaxy SIII</a>	今天的背景很萌哈[偷笑]@Vince的齐幻世界 @李糟了 @湖碟轩厦门  @想胖的老猫			1515178230	00	0	1397721864034
1446481-	0		3	Tue Mar 12 00:09:20 +0800 2013			3554818171618667	3554818171618667				3554818171618667	0			5	<a href=" rel="nofollow">微博 weibo.com</a>	这么牛逼[可怜] //@厦门美食在热推:@凌�� @小编蘑菇 蘑菇牌卡布！爱动手的学习来			1515178230	00	3554796315085393	1397721864034
1446482-	0		4	Tue Sep 04 08:21:24 +0800 2012			3486450701930006	3486450701930006				3486450701930006	0			6	<a href=" rel="nofollow">专业版微博</a>	爱食之人必备@想胖的老猫 @minipigletti @xmrick			1515178230	00	3486117917108528	1397721864034
1446483-	0		4	Sat Dec 15 19:44:39 +0800 2012			3523586210194313	3523586210194313				3523586210194313	0		#	6	<a href=" rel="nofollow">三星Galaxy SIII</a>	“丸的盛宴”，一起来“丸”@融绘 @牯岭街少年 @海鲜大叔 @小企9999 @厨界祥哥 @朕是ZZ @小仕子  @珠峰野人 @xmrick @厦门晚报美食周刊 @闻香识包子			1515178230	00	0	1397721864035
1446484-	5		14	Mon Jun 10 17:32:49 +0800 2013			3587695681252925	3587695681252925				3587695681252925	0			0	<a href=" rel="nofollow">Android客户端</a>	刚有人发微博艾特我，是一位我不认识的陌生人，微博内容是说某家理发店造型做得很好，貌似还不是厦门的，我想对这位亲说， 我没钱打飞的理发[汗]，单次理发费用不能超过20。。。我是穷人[泪][泪]，请以后不要艾特我了，谢谢！[汗][汗][汗]			1515178230	00	0	1397721864035
1446485-	0		27	Tue May 07 16:32:33 +0800 2013			3575359331384687	3575359331384687				3575359331384687	0		#	0	<a href=" rel="nofollow">三星Galaxy SIII</a>	Hot yoga我坚持到了[纠结][得意地笑][好棒]，全身湿透透[霹雳][推荐][推荐] 我在:			1515178230	00	0	1397721864035
1446486-	0		0	Tue Dec 11 14:52:32 +0800 2012			3522063144688512	3522063144688512				3522063144688512	0			0	<a href=" rel="nofollow">微访谈</a>	好味道口口相传，有时候是朋友推荐，有时候是自己误打误撞，也有看到网络食友推荐，喜欢吃美食就要多关注这方面动态，好吃的就跑不掉哈～[嘻嘻]			1515178230	00	3521747846028211	1397721864036
1446487-	0		22	Tue Oct 16 21:49:40 +0800 2012			3501874394746560	3501874394746560				3501874394746560	0			3	<a href=" rel="nofollow">微博 weibo.com</a>	[汗][挖鼻屎]我家太后现在买东西可高级了，都是电话预定的了，现在正打电话给卖猪肉的，预定明天拿二根蹄膀[�]			1515178230	00	0	1397721864036
1446488-	10		2	Mon Aug 26 21:11:15 +0800 2013			3615654520969751	3615654520969751				3615654520969751	0			18	<a href=" rel="nofollow">微博 weibo.com</a>	哇靠，太对我口味了[害羞][挖鼻屎][挖鼻屎][挖鼻屎]			1515178230	00	3615635265259591	1397721864036
1446489-	0		59	Wed Dec 12 21:46:01 +0800 2012			3522529584914364	3522529584914364				3522529584914364	0			0	<a href=" rel="nofollow">微博 weibo.com</a>	双11就买了个充电宝，看着别人大包小包，总感觉自己不会持家啊！！双12就想着一定得买点啥，不然心理不平衡[挖鼻屎]，果然，花一个晚上收了个包，收了床被子，还是觉得不够，我再买点啥呢？[思考]你们都买了咩？[ppb鼓掌]			1515178230	00	0	1397721864037
1446490-	6		2	Mon Nov 25 13:13:33 +0800 2013			3648511599583518	3648511599583518				3648511599583518	0			4	<a href=" rel="nofollow">关联博客</a>	【杭州】厦门至杭州，四天三夜行攻略 			1515178230	00	0	1397721864037
1446491-	1		9	Sun May 19 17:06:40 +0800 2013			3579716575611608	3579716575611608				3579716575611608	0			5	<a href=" rel="nofollow">三星Galaxy SIII</a>	小子翅膀硬了？[怒]『中国渔船被朝鲜扣押索要60万』			1515178230	00	0	1397721864037
1446492-	2		1	Sat Feb 16 17:27:32 +0800 2013			3546382134413149	3546382134413149				3546382134413149	0			11	<a href=" rel="nofollow">三星Galaxy SIII</a>	亲娘啊[哈哈]连发型都好像[偷笑][偷笑]			1515178230	00	3546372727178107	1397721864037
1446493-	0		23	Sat Nov 03 06:58:06 +0800 2012			3508173006245296	3508173006245296				3508173006245296	0		#	10	<a href=" rel="nofollow">新浪博客</a>	奶香玉米吐司： 一直以来，我做面包都很计较面团是否打得到位，即便是用所谓的全自动面包机也一定是用半自动方式，要亲自检验面团筋膜，这次不管了，全扔给面包机，从头到尾都是他搞定，就当个小试验咯，还好成品状态还不错，嘎嘎。  @凌�� @康百事电器 @潇潇的简约厨房    			1515178230	00	0	1397721864038
1446494-	0		1	Fri Sep 21 10:45:00 +0800 2012			3492647430099371	3492647430099371				3492647430099371	0			4	<a href=" rel="nofollow">S60客户端</a>	！！！！！！！！！//@叶拍狼:这个时候伤者应该是要恨日本人？还是自己买日本车？还是自己人？ //@皮花花6: 故意伤人罪一定要重惩！			1515178230	00	3492639611088203	1397721864038
1446495-	7		6	Mon Sep 16 13:18:10 +0800 2013			3623145611298484	3623145611298484				3623145611298484	0		#	1	<a href=" rel="nofollow">Android客户端</a>	[委屈]忙到现在才吃饭@枫多士 黑椒烤肠三明治[花心]			1515178230	00	0	1397721864038
1446496-	28		50	Fri Mar 28 10:58:03 +0800 2014			3693051203048891	3693051203048891				3693051203048891	0		#	41	<a href=" rel="nofollow">微博 weibo.com</a>	禾祥首府楼下新开了一家甜品店叫千乐滋，路过的时候瞄了一眼，发现一个熟悉的身影，再仔细一瞅，居然是法式甜品可露丽，惊讶于厦门居然有人做这个，于是进去点了一份，这家做的居然不错，而且我可以肯定他们用的是铜筑可露丽模，表皮酥脆，内里湿润甜蜜，还加了香草籽，做得非常用心，焦糖布丁也好吃！			1515178230	00	0	1397721864039
1446497-	7		9	Mon Feb 03 13:45:00 +0800 2014			3673886660587288	3673886660587288				3673886660587288	0		#	5	<a href=" rel="nofollow">微博 weibo.com</a>	【杭州】【九溪烟树】：春蚕吐丝狮峰织，迷雾流烟扑面湿。天光云影青川走，嫩芽翘舌茶花迟。千沟万壑十八涧，重峦叠嶂落九溪。一路欢歌入钱水，九溪烟树天下知。			1515178230	00	0	1397721864039
1446498-	5		9	Fri Jun 07 07:42:21 +0800 2013			3586459925566266	3586459925566266				3586459925566266	0		#	17	<a href=" rel="nofollow">新浪博客</a>	今天上滑蛋牛肉饭，熊孩子在网上看到某家餐厅的滑蛋牛肉饭照片儿，突然就止不住馋劲儿了，贪吃的人们你们懂的，平时上班族来上一份这样的快速饭，也是简单美味又方便。分享自凌��  《滑蛋牛肉饭》(来自 @头条博客) -    @新浪美食			1515178230	00	0	1397721864039
1446499-	1		10	Thu Oct 11 14:41:28 +0800 2012			3499954699638629	3499954699638629				3499954699638629	0			6	<a href=" rel="nofollow">S60客户端</a>	帅哥不管穿神马都是帅的[哈哈]			1515178230	00	3499951037989253	1397721864040
1446500-	0		10	Thu Oct 11 20:46:52 +0800 2012			3500046659801046	3500046659801046				3500046659801046	0			0	<a href=" rel="nofollow">微博 weibo.com</a>	请问，《画皮II》得过奖么？老了，欣赏不来[衰]			1515178230	00	0	1397721864040
1446501-	11		22	Tue Mar 25 14:42:42 +0800 2014			3692020579423661	3692020579423661				3692020579423661	0		#	1	<a href=" rel="nofollow">三星Galaxy SIII</a>	抱着三包吴宝春暴走[泪]，估计一个多礼拜不用做面包了，哈哈哈哈[haha][haha]			1515178230	00	0	1397721864040
1446502-	17		4	Fri Apr 04 08:28:19 +0800 2014			3695550236651075	3695550236651075				3695550236651075	0			5	<a href=" rel="nofollow">360安全浏览器</a>	[抓狂]手痒手痒，我都好久没做面包了。。。给你点个赞！[亲亲]			1515178230	00	3695542049572093	1397721864041
1446503-	0		0	Sat Oct 27 21:56:18 +0800 2012			3505862330828232	3505862330828232				3505862330828232	0			4	<a href=" rel="nofollow">微博 weibo.com</a>	好吧[黑线]是我。。。。。。			1515178230	00	3505862109034534	1397721864041
1446504-	1		17	Sat Nov 03 07:20:11 +0800 2012			3508178567835349	3508178567835349				3508178567835349	0			1	<a href=" rel="nofollow">关联博客</a>	康百事面包机试用：奶香玉米吐司 			1515178230	00	0	1397721864041
1446505-	4		4	Fri Feb 28 09:28:25 +0800 2014			3682881786851474	3682881786851474				3682881786851474	0			6	<a href=" rel="nofollow">Android客户端</a>	回复@Cherry李小羊:市面上的北海道实际上是起酥面包，面皮和黄油折叠后擀卷烘烤，是金砖土司，而网络上的北海道配方是源自日本的北海道牛奶土司，用牛奶，淡奶油，蛋白等为主要辅料制作的，根本是两个不同产品。#市售北海道土司与家庭烘焙北海道牛奶土司的区别#			1515178230	00	3682200673824345	1397721864042
1446506-	2		6	Fri Apr 12 11:32:50 +0800 2013			3566224212336517	3566224212336517				3566224212336517	0			2	<a href=" rel="nofollow">微博 weibo.com</a>	哈哈哈哈哈哈，今天正好在忙，谢谢亲！！么么哒～//@wendyning: @保持心情微笑 @冰冰鱼的围脖 看这里[偷笑]@凌�� 我扩散你的方子啦[嘻嘻]			1515178230	00	3558545498385536	1397721864042
1446507-	1		3	Mon Jun 10 12:08:31 +0800 2013			3587614072157691	3587614072157691				3587614072157691	0			1	<a href=" rel="nofollow">微博 weibo.com</a>	自给自足的感觉最好了，炒饭里加些葱花更香哦～[得意地笑]			1515178230	00	3587600860131921	1397721864042
1446508-	0		2	Fri Jan 11 22:12:02 +0800 2013			3533407764041973	3533407764041973				3533407764041973	0			20	<a href=" rel="nofollow">微博 weibo.com</a>	哎呦哎呦，快来我这里。[花心][得意地笑]			1515178230	00	3533266722196547	1397721864042
1446509-	2		8	Thu Sep 26 08:24:12 +0800 2013			3626695502151560	3626695502151560				3626695502151560	0			6	<a href=" rel="nofollow">360安全浏览器</a>	哇塞，你也是红豆多多吐司，上次好多人说看了这款面包有密集恐惧症[偷笑]			1515178230	00	3626695174730256	1397721864043
1446510-	3		4	Fri Nov 29 22:33:50 +0800 2013			3650102155383265	3650102155383265				3650102155383265	0			6	<a href=" rel="nofollow">关联博客</a>	【杭州】河坊街遇到定胜糕 			1515178230	00	0	1397721864043
1446511-	0		9	Mon Jun 03 10:59:52 +0800 2013			3585060076797869	3585060076797869				3585060076797869	0			0	<a href=" rel="nofollow">三星Galaxy SIII</a>	不能一样哦亲，你可以买代糖替代白糖，但是代糖的量要减少一些，代糖一般好像甜度比白糖高一些，具体问一下糖尿病食品专卖店的销售人员哦。			1515178230	00	3585059062237929	1397721864043
1446512-	1		6	Thu May 02 14:54:21 +0800 2013			3573522683128736	3573522683128736				3573522683128736	0			5	<a href=" rel="nofollow">微博 weibo.com</a>	[偷乐]悠着点儿，别撑着咯，买点山楂丸备着呀，哈哈哈哈哈哈[鼓掌]			1515178230	00	3573519512320684	1397721864044
1446513-	0		34	Sat Oct 20 07:15:00 +0800 2012			3503103833768566	3503103833768566				3503103833768566	0		#	3	<a href=" rel="nofollow">新浪博客</a>	好似很久没有给家里人做饭吃了，逮到难得的休息日，在家里包了饺子，�了饭，炒了菜，烤了面包，爱吃爱做的人都爱囤货，不管是囤吃的还是囤食材，囤吃的大家都懂，囤食材就是为了想吃就有得做，做了就能吃，一切还是为了吃！  -     @凌�� @潇潇的简约厨房			1515178230	00	0	1397721864044
1446514-	14		33	Wed Mar 12 23:36:29 +0800 2014			3687443863188130	3687443863188130				3687443863188130	0		#	28	<a href=" rel="nofollow">iPad客户端</a>	小鱼神卡到手，今天和闺蜜又吃饭又shopping好开心[偷笑]，表妹靓点餐厅今天凭小鱼专属金卡吃饭菜金5折巨划算，不深夜放毒对不起吃货们啊[偷笑][偷笑]@厦门美食在热推 @李糟了 @Vince的齐幻世界 			1515178230	00	0	1397721864044
1446515-	0		1	Wed May 29 14:50:21 +0800 2013			3583306148844954	3583306148844954				3583306148844954	0			0	<a href=" rel="nofollow">微博 weibo.com</a>	亲，我要一瓶10+manuka蜂蜜，记得去玩之前给我下单啊！！！[抓狂]			1515178230	00	3583305372836171	1397721864045
1446516-	1		0	Fri Apr 19 18:23:06 +0800 2013			3568864166123957	3568864166123957				3568864166123957	0			1	<a href=" rel="nofollow">微博 weibo.com</a>	4月19日开奖，恭喜@羽小觞 和@CAbbe菜 获得今天送出的奖品，请二位同学把地址、姓名、电话等联系方式私信我哦。明天是周六，周六周日二天不开奖哦，但是大家还是可以继续给力转发，说不定下周一就抽到你了哦。			1515178230	00	3567327008453795	1397721864045
1446517-	5		2	Wed Nov 06 10:24:17 +0800 2013			3641583628664471	3641583628664471				3641583628664471	0			1	<a href=" rel="nofollow">360安全浏览器</a>	哎妈，把这事儿给忘了，吃货福利，扛扛滴，十份儿，孩子们走几个呗～[哈哈]			1515178230	00	3640870332642177	1397721864045
1446518-	0		5	Sat Jan 05 09:08:34 +0800 2013			3531036274887547	3531036274887547				3531036274887547	0			2	<a href=" rel="nofollow">微博 weibo.com</a>	偶家楼上直升鸡来了。烘烘烘烘烘的。。。。。[汗]			1515178230	00	0	1397721864045
1446519-	0		3	Thu Nov 08 20:29:28 +0800 2012			3510189128458433	3510189128458433				3510189128458433	0			16	<a href=" rel="nofollow">微话题</a>	不以善小而不为！授人玫瑰，手有余香！[心] 			1515178230	00	3509441573793299	1397721864046
1446520-	1		22	Sun Jun 30 21:46:20 +0800 2013			3595007237944422	3595007237944422				3595007237944422	0			30	<a href=" rel="nofollow">Android客户端</a>	[晕]我要去烤本证吗？？//@周瑷玛:哈哈哈@凌�� //@厦门的那点事:理工学院新增烤面包专业~			1515178230	00	3594870562160679	1397721864046
1446521-	0		17	Mon Mar 25 12:26:12 +0800 2013			3559714652488633	3559714652488633				3559714652488633	0			6	<a href=" rel="nofollow">专业版微博</a>	真是美到爆！[威武]			1515178230	00	3559518774927557	1397721864046
1446522-	23		26	Mon Mar 03 21:27:45 +0800 2014			3684149975890338	3684149975890338				3684149975890338	0		#	12	<a href=" rel="nofollow">360安全浏览器</a>	晚上回家，能吃到老爹炖了一天的四物牛肚牛筋汤，胶质醇厚，嘴唇都要粘起来了[馋嘴]，浑身热呼呼啊，好想再来点面条[偷笑]			1515178230	00	0	1397721864047
1446523-	9		2	Sat Mar 29 15:30:03 +0800 2014			3693482042453900	3693482042453900				3693482042453900	0		#	7	<a href=" rel="nofollow">微博 weibo.com</a>	临床营养学硕士，营养师，亲爱的的馒头娘TELLA出书咯，做为好友，我觉得好开心呀[太开心]，《营养小煮意》86道家常美味贴心打造家庭营养餐桌，全书以维生素、矿物质、碳水化合物、蛋白质、脂肪等为菜系区分，更加直观打造营养系美食，爱生活爱家人，此书可以拥有哦[耶]@Tella陈珊珊			1515178230	00	0	1397721864047
1446524-	0		3	Fri Dec 07 23:41:35 +0800 2012			3520746728732219	3520746728732219				3520746728732219	0			5	<a href=" rel="nofollow">iPad客户端</a>	[抓狂]水饺可以打包吗？？？？？超级好吃[抓狂][抓狂][抓狂][抓狂][抓狂][抓狂]			1515178230	00	3520746309840546	1397721864047
1446525-	4		28	Sun Nov 17 07:34:59 +0800 2013			3645527290184601	3645527290184601				3645527290184601	0		#	0	<a href=" rel="nofollow">Android客户端</a>	早安杭州[嘻嘻]楼下就是吴山夜市，有啥吃的附近？肚子饿了！[泪] 我在这里:			1515178230	00	0	1397721864048
1446526-	2		7	Fri May 31 12:11:04 +0800 2013			3583990835644549	3583990835644549				3583990835644549	0			107	<a href=" rel="nofollow">三星Galaxy SIII</a>	这次这个对了，榴莲冻芝士做起来。[偷乐]			1515178230	00	3583988688461604	1397721864048
1446527-	0		5	Sun Dec 16 17:43:02 +0800 2012			3523917987829724	3523917987829724				3523917987829724	0			0	<a href=" rel="nofollow">三星Galaxy SIII</a>	[花心][花心][花心]都狠帅@融绘 @宴遇吴嵘 魅力啦！！			1515178230	00	3523917039668010	1397721864048
1446528-	24		11	Mon Mar 17 13:49:06 +0800 2014			3689107987577915	3689107987577915				3689107987577915	0		#	7	<a href=" rel="nofollow">三星Galaxy SIII</a>	吃到这些菜太感动了，同桌有一位老教授在，晚辈实在不敢拍照，只能手机偷拍几张来分享，不管是凉菜，白切腌鸡，还是酸菜白肉火锅，葱油饼等都大大有水准，点320个赞都不过分！听说开了十几年了，好吃！！！感动到要飙泪了[爱你][泪][泪]，餐厅名字请看最后一图。 我在:			1515178230	00	0	1397721864048
1446529-	1		5	Fri May 10 21:33:14 +0800 2013			3576522163965743	3576522163965743				3576522163965743	0			23	<a href=" rel="nofollow">微博 weibo.com</a>	呀呀个呸的。。我去～[黑线][泪流满面]			1515178230	00	3576518615917314	1397721864049
1446530-	0		29	Tue Oct 02 18:43:26 +0800 2012			3496754098128426	3496754098128426				3496754098128426	0		#	0	<a href=" rel="nofollow">S60客户端</a>	我在双合家园吃水饺…哎………[委屈]没有车回家…			1515178230	00	0	1397721864049
1446531-	1		19	Wed Nov 28 18:28:33 +0800 2012			3517406461196543	3517406461196543				3517406461196543	0		#	4	<a href=" rel="nofollow">三星Galaxy SIII</a>	叁拾余香，尚可！			1515178230	00	0	1397721864049
1446532-	5		37	Mon Jul 29 17:11:07 +0800 2013			3605447225796873	3605447225796873				3605447225796873	0		#	1	<a href=" rel="nofollow">Android客户端</a>	给人A了两根狗饼尝尝啥味道[害羞]，正吃着，觉得有点苦，那人从后面跑过来说这是除臭的，mb[怒]不会S吧？			1515178230	00	0	1397721864050
1446533-	0		3	Mon Dec 24 10:34:05 +0800 2012			3526709141784504	3526709141784504				3526709141784504	0			11	<a href=" rel="nofollow">三星Galaxy SIII</a>	我今天也看到这个女的了，穿第一图里的校服[汗][汗]			1515178230	00	3526706108834568	1397721864050
1446534-	3		21	Fri Nov 01 10:55:51 +0800 2013			3639779633587544	3639779633587544				3639779633587544	0			2	<a href=" rel="nofollow">微博 weibo.com</a>	回复@叶拍狼:看看，这是男人的择偶标准，妞子们，下厨房不可怕哈～～ //@叶拍狼:真正的美是从内而外的，我认为会下厨的女人最美。个人择偶标准面相要看，但更看中会不会做家务，指甲涂了blingbling的钻，都不在考虑范围中！			1515178230	00	3639768224643218	1397721864050
1446535-	1		5	Sun Feb 10 09:32:15 +0800 2013			3544088198035887	3544088198035887				3544088198035887	0			23	<a href=" rel="nofollow">三星Galaxy SIII</a>	春晚的亮点就是网友的吐槽，有人同意么？[鼓掌]			1515178230	00	3543955902269315	1397721864050
1446536-	0		3	Mon Dec 17 15:49:40 +0800 2012			3524251854315074	3524251854315074				3524251854315074	0		#	1	<a href=" rel="nofollow">三星Galaxy SIII</a>	[偷笑]森气了@S断了兔子的耳朵			1515178230	00	0	1397721864051
1446537-	4		2	Sun Mar 24 12:57:33 +0800 2013			3559360154686387	3559360154686387				3559360154686387	0			0	<a href=" rel="nofollow">三星Galaxy SIII</a>	从早上开始就头晕脑胀，丢三落四，各种错误频发，真是加班加个三两天，智力回到幼稚园[抓狂][抓狂][抓狂]坑丫的！！！			1515178230	00	0	1397721864051
1446538-	0		5	Thu Dec 06 10:30:53 +0800 2012			3520185354553396	3520185354553396				3520185354553396	0			1	<a href=" rel="nofollow">三星Galaxy SIII</a>	耶耶耶，张厨威武[馋嘴][馋嘴][馋嘴]！！！			1515178230	00	3520155642938702	1397721864051
1446539-	1		48	Tue Jan 01 23:11:14 +0800 2013			3529798787968742	3529798787968742				3529798787968742	0		#	4	<a href=" rel="nofollow">三星Galaxy SIII</a>	抽风晚上做马卡龙，开始整材料时发现没糖又叫货，七搞八搞到现在[哼]，好吧，这孩子不愧是我生产的，连TM身材都跟我一样[抓狂][抓狂]，肥！！！			1515178230	00	0	1397721864051
1446540-	0		3	Mon Nov 05 09:55:04 +0800 2012			3508942317151793	3508942317151793				3508942317151793	0			2	<a href=" rel="nofollow">三星Galaxy SIII</a>	我们能做得可以更多[心]，一起为希望小学助个力吧[做鬼脸]			1515178230	00	3508934344464198	1397721864052
1446541-	6		17	Fri Oct 04 09:01:02 +0800 2013			3629603878980283	3629603878980283				3629603878980283	0		#	1	<a href=" rel="nofollow">Android客户端</a>	家中断粮，吃了一天外购面包立马不适应，昨儿晚上带病整起来，天气渐凉，发酵放屋外发得好慢，等烤完都11点多了，不过早上一刀子下去还是很爽啊[哈哈]，面包机版的红豆乱卷土司，有红豆沙和红豆颗粒，家里人都喜欢红豆吖[偷笑]，今日感悟#家中有粮才是真土豪#，没粮都吃不饱土豪个P吖[阴险]			1515178230	00	0	1397721864052
1446542-	0		8	Sat Jan 05 22:59:32 +0800 2013			3531245394729469	3531245394729469				3531245394729469	0			27	<a href=" rel="nofollow">微博 weibo.com</a>	气场强大，我喜欢这妹纸！[亲亲]			1515178230	00	3530690639829974	1397721864052
1446543-	1		37	Tue Oct 30 19:45:19 +0800 2012			3506916540352619	3506916540352619				3506916540352619	0		#	1	<a href=" rel="nofollow">S60客户端</a>	猜…这个是什么？[哈哈]			1515178230	00	0	1397721864053
1446544-	6		17	Mon Aug 12 19:16:46 +0800 2013			3610552281025390	3610552281025390				3610552281025390	0		#	2	<a href=" rel="nofollow">Android客户端</a>	无印良品的东西真是我的死穴[花心][花心][花心]			1515178230	00	0	1397721864053
1446545-	0		5	Wed Oct 03 21:18:23 +0800 2012			3497155480126809	3497155480126809				3497155480126809	0			3	<a href=" rel="nofollow">微博 weibo.com</a>	[汗]@周瑷玛 大妈，给咱家俩孩子搞得村村的如何？			1515178230	00	3492644179622918	1397721864053
1446546-	1		4	Mon Feb 18 11:01:13 +0800 2013			3547009694450270	3547009694450270				3547009694450270	0			30	<a href=" rel="nofollow">三星Galaxy SIII</a>	哈哈哈哈哈哈[嘻嘻][嘻嘻]			1515178230	00	3547006112461569	1397721864054
1446547-	0		1	Tue Sep 18 07:31:10 +0800 2012			3491511490659206	3491511490659206				3491511490659206	0			11	<a href=" rel="nofollow">S60客户端</a>	祝福！[haha]			1515178230	00	3491478238439217	1397721864054
1446548-	3		4	Tue Apr 16 20:56:44 +0800 2013			3567815665985069	3567815665985069				3567815665985069	0			11	<a href=" rel="nofollow">三星Galaxy SIII</a>	没看过，就在网上看了邓超和羽泉夺冠的视频，其他木有了[汗][思考]			1515178230	00	3567486890597962	1397721864054
1446549-	3		6	Sat Sep 14 14:41:58 +0800 2013			3622441928383420	3622441928383420				3622441928383420	0			3	<a href=" rel="nofollow">360安全浏览器</a>	习惯就好，我爸把我的五花肉肉脯拿去炒菜，把我做沙拉的奶油生菜拿去煮汤我都没说啥[打哈欠]			1515178230	00	3622440905509188	1397721864054
1446550-	13		14	Tue Mar 18 19:57:58 +0800 2014			3689563199698476	3689563199698476				3689563199698476	0		#	0	<a href=" rel="nofollow">三星Galaxy SIII</a>	耶耶耶[耶][耶]看到草泥马了，好开熏[偷笑][偷笑]			1515178230	00	0	1397721864055
1446551-	0		11	Tue Feb 05 11:00:03 +0800 2013			3542298359488147	3542298359488147				3542298359488147	0			12	<a href=" rel="nofollow">三星Galaxy SIII</a>	蚵啊煎的小清新（视频） 来过厦门，喜欢这道菜的盆友可以自学啦[爱你][馋嘴][花心]@文怡  @菜菜的食摄空间 @老鱼家的戏			1515178230	00	3541630827432849	1397721864055
1446552-	0		3	Sat Sep 01 20:48:58 +0800 2012			3485551665591044	3485551665591044				3485551665591044	0			2	<a href=" rel="nofollow">微博 weibo.com</a>	@珠峰野人 [阴险]			1515178230	00	3485527032770964	1397721864055
1446553-	0		8	Sun Oct 21 00:06:23 +0800 2012			3503358352388625	3503358352388625				3503358352388625	0			0	<a href=" rel="nofollow">iPad客户端</a>	心里有事儿真就睡不着了。[落叶]			1515178230	00	0	1397721864056
1446554-	1		15	Thu Oct 11 21:17:12 +0800 2012			3500054284890205	3500054284890205				3500054284890205	0			0	<a href=" rel="nofollow">微博 weibo.com</a>	莫言，不认识，我是不看小说的�丝女。。。[�][思考]			1515178230	00	0	1397721864056
1446555-	4		4	Wed Nov 06 17:07:55 +0800 2013			3641685210477783	3641685210477783				3641685210477783	0			5	<a href=" rel="nofollow">关联博客</a>	鹭园四季，来自海南的椰子鸡火锅 			1515178230	00	0	1397721864056
1446556-	0		15	Mon Apr 15 21:29:35 +0800 2013			3567461545245307	3567461545245307				3567461545245307	0			0	<a href=" rel="nofollow">三星Galaxy SIII</a>	 @幸福米米鱼 @芽芽米修 我们的东西快来了[花心][花心]//@S-berry-shoppinghol:尼玛好好包啊！！[嘻嘻]话说国外连那个包装纸都尼玛贵[泪][泪][泪]			1515178230	00	3567366896261344	1397721864057
1446557-	5		3	Fri May 31 16:08:42 +0800 2013			3584050633849101	3584050633849101				3584050633849101	0			33	<a href=" rel="nofollow">三星Galaxy SIII</a>	真棒[haha]，北京的哥们儿，姐们儿们走一个呗！[手套]			1515178230	00	3583730918228006	1397721864057
1446558-	6		15	Mon Nov 04 08:20:06 +0800 2013			3640827601696989	3640827601696989				3640827601696989	0			9	<a href=" rel="nofollow">Android客户端</a>	一大早看到这个好感动，是你自己也很厉害，做得很好哦[爱你][爱你][赞]			1515178230	00	3640726963351316	1397721864057
1446559-	0		2	Thu Jun 06 12:47:57 +0800 2013			3586174444120177	3586174444120177				3586174444120177	0			22	<a href=" rel="nofollow">微博 weibo.com</a>	我记得几年前在第八菜市场看到城管把一个四五十岁阿姨的装菜筐子抢过来，推倒又踩了几脚的。原来城管开工前练无影脚是历史传统？？#好牛逼好强大好害怕#[可怜]嘤。。嘤。。嘤。。。			1515178230	00	3584667037108809	1397721864057
1446560-	4		5	Sun Jul 28 10:18:44 +0800 2013			3604981058129293	3604981058129293				3604981058129293	0			2	<a href=" rel="nofollow">Android客户端</a>	昨天才和我咨询土司盒，今天土司就出来了，第一次做这么好真的好厉害！[爱你][good]			1515178230	00	3604965547519834	1397721864058
1446561-	8		9	Fri Aug 09 21:03:26 +0800 2013			3609491960605314	3609491960605314				3609491960605314	0		#	9	<a href=" rel="nofollow">Android客户端</a>	五缘湾水乡酒店，盛夏果实，以当际水果为主制作一整桌水果佳肴。喜欢精致巧手卷，脆皮卷内是韭菜蔬果粒，混合香气和脆皮搭配我喜欢。蓝莓鳕鱼扒，鳕鱼裹粉炸过淋蓝莓汁提味解腻。椰香脆奶虾，鲜虾拍椰丝，底部垫炸椰奶，喜欢炸椰奶外脆内嫩的口感，椰香浓郁！ 我在:			1515178230	00	0	1397721864058
1446562-	0		14	Fri Sep 20 22:35:57 +0800 2013			3624735528720696	3624735528720696				3624735528720696	0			1	<a href=" rel="nofollow">360安全浏览器</a>	萱萱唱《我是不是你最疼爱的人》，这首歌她来唱太适合了，各种带感，好好听[ppb鼓掌]			1515178230	00	0	1397721864058
1446563-	3		44	Sun Feb 17 21:55:44 +0800 2013			3546812017085801	3546812017085801				3546812017085801	0		#	10	<a href=" rel="nofollow">三星Galaxy SIII</a>	这牌儿饼干好吃的说，这几年家里常备款[馋嘴]			1515178230	00	0	1397721864058
1446564-	4		7	Sun Mar 02 00:41:17 +0800 2014			3683473904500284	3683473904500284				3683473904500284	0			19	<a href=" rel="nofollow">iPad客户端</a>	祈愿诸佛菩萨引领逝者远离苦难、往生净土；伤者脱离生命危险、健康平安！世间无有灾厄，世界永久和平！???			1515178230	00	3683472088595075	1397721864059
1446565-	0		13	Sat Mar 30 13:03:41 +0800 2013			3561536029363009	3561536029363009				3561536029363009	0		#	2	<a href=" rel="nofollow">三星Galaxy SIII</a>	lunch 。。。。。只为填饱肚子。。。。。			1515178230	00	0	1397721864059
1446566-	1		11	Fri Mar 07 10:09:56 +0800 2014			3685428953702633	3685428953702633				3685428953702633	0			0	<a href=" rel="nofollow">三星Galaxy SIII</a>	抓起来罚站[哼]			1515178230	00	3685254240083839	1397721864059
1446567-	1		7	Mon Jun 10 17:51:41 +0800 2013			3587700429048072	3587700429048072				3587700429048072	0			2	<a href=" rel="nofollow">Android客户端</a>	昨天我看到一个女的对另一个哭着的女的说，当初是你要分手的，现在又哭是要怎样？[汗]，#地球太危险，我要回火星#。。[泪]			1515178230	00	3587699782778130	1397721864060
1446568-	2		5	Thu May 23 08:50:54 +0800 2013			3581041354544273	3581041354544273				3581041354544273	0			5	<a href=" rel="nofollow">微博 weibo.com</a>	脸越来越小，越来越瘦是要闹怎样？让哇们介种胖纸情何以堪？[哼][怒]			1515178230	00	3581039609409212	1397721864060
1446569-	1		1	Thu Jan 03 15:28:57 +0800 2013			3530407221600806	3530407221600806				3530407221600806	0			1	<a href=" rel="nofollow">三星Galaxy SIII</a>	[嘻嘻]听起			1515178230	00	3530406236155882	1397721864060
1446570-	1		10	Fri Jun 14 11:32:29 +0800 2013			3589054551584840	3589054551584840				3589054551584840	0		#	1	<a href=" rel="nofollow">Android客户端</a>	#做一回重庆人#流水线车间，整车从最小部件开始拼装到出厂全在这里完成，威武得不得了。这样的车间能允许我们拍照，@长安福特 真阔气[鼓掌][赞]，虽然我不是车友，但是好奇宝宝喜欢看这种霸气的汽车大工厂[花心][花心] @新浪重庆 @任_小妹 @想胖的老猫			1515178230	00	0	1397721864060
1446571-	2		15	Fri Apr 26 22:15:32 +0800 2013			3571459374522160	3571459374522160				3571459374522160	0			0	<a href=" rel="nofollow">三星Galaxy SIII</a>	早上和磊哥在泉州打车，目的地离我们只有约三百米，两个傻帽坐上车后没走俩轮子就发现目的地的大招牌，忒坑了！那人还好意思要我们两块钱燃油附加，够可以的！[哼]			1515178230	00	0	1397721864061
1446572-	12		17	Thu Jul 25 08:49:39 +0800 2013			3603871480365522	3603871480365522				3603871480365522	0		#	0	<a href=" rel="nofollow">Android客户端</a>	妈咪大人给我改造的装瑜伽服的袋子[噢耶]，前身是兴业银行积分兑换的超大帆布包，妈咪把他瘦了个身，剪掉LOGO，小小的正好用[甩甩手][好喜欢]。哎呦，这么手巧的妈为神马会有我这个连缝个沙包都会漏沙的女儿呢???			1515178230	00	0	1397721864061
1446573-	2		2	Mon Dec 16 09:28:25 +0800 2013			3656065088055921	3656065088055921				3656065088055921	0			1	<a href=" rel="nofollow">360安全浏览器</a>	[偷笑]来去充钱，带麻麻去吃猪猪流沙包[花心]//@宴遇吴嵘: 送猪猪的杯子[太开心][太开心][太开心]			1515178230	00	3656060973375454	1397721864061
1446574-	0		10	Sun May 05 17:23:33 +0800 2013			3574647385943083	3574647385943083				3574647385943083	0			11	<a href=" rel="nofollow">三星Galaxy SIII</a>	北仔饼[震惊][崩溃][崩溃][崩溃]不是吧？我上岛必吃的东西啊啊啊啊啊啊！！！！！厦门市政府赶紧管起来啊啊啊！！！鼓浪屿！！！你到底肿么了？？？[泪流满面][泪流满面][泪流满面][泪流满面][泪流满面]			1515178230	00	3574640985030743	1397721864062
1446575-	0		5	Wed Nov 28 20:02:48 +0800 2012			3517430179646251	3517430179646251				3517430179646251	0			3	<a href=" rel="nofollow">三星Galaxy SIII</a>	哇[花心]，给我胶原蛋白。。。@mickey-hui @幸福米米鱼			1515178230	00	3517048401856185	1397721864062
1446576-	15		3	Fri Mar 21 14:00:49 +0800 2014			3690560483751553	3690560483751553				3690560483751553	0		#	4	<a href=" rel="nofollow">三星Galaxy SIII</a>	高雄质朴美味，煎，炸，煮，炖，红烧，生食都很赞，台湾在地人对食材的尊重让人敬佩。			1515178230	00	0	1397721864062
1446577-	0		1	Wed Oct 31 18:54:29 +0800 2012			3507266126438700	3507266126438700				3507266126438700	0			2	<a href=" rel="nofollow">微博 weibo.com</a>	蒋蒋蒋蒋蒋～～～～[江南style]			1515178230	00	3507264285728001	1397721864063
1446578-	1		24	Thu Mar 28 10:17:05 +0800 2013			3560769323241208	3560769323241208				3560769323241208	0		#	3	<a href=" rel="nofollow">三星Galaxy SIII</a>	这个点才吃早饭的人吃了两个韭菜盒，一碗花生汤[偷笑]午饭省了。。。			1515178230	00	0	1397721864063
1446579-	0		6	Sat Nov 17 19:06:47 +0800 2012			3513429816274074	3513429816274074				3513429816274074	0			1	<a href=" rel="nofollow">三星Galaxy SIII</a>	哎呀，我的美图秀秀over了，转我师傅的。[爱你]			1515178230	00	3513429434470368	1397721864063
1446580-	2		8	Wed Sep 25 15:23:50 +0800 2013			3626438723199015	3626438723199015				3626438723199015	0		#	1	<a href=" rel="nofollow">Android客户端</a>	午后咖啡精神好[打哈气][打哈气]			1515178230	00	0	1397721864063
1446581-	2		0	Thu Dec 26 23:24:03 +0800 2013			3659899269903690	3659899269903690				3659899269903690	0			4	<a href=" rel="nofollow">iPad客户端</a>	[花心][花心][花心]好喜欢			1515178230	00	3659896194639208	1397721864064
1446582-	0		1	Tue Dec 11 14:57:19 +0800 2012			3522064352331187	3522064352331187				3522064352331187	0			2	<a href=" rel="nofollow">微访谈</a>	首要先看来者何人？如若是新朋闺蜜，可选美味实惠，对环境要求相对不高的餐厅，如若来个大领导，选择档次就要换个标准了。我的好友们远道而来，我会带他们搜街吃小吃，晚餐选一些有厦门特色的大排档或特色餐厅，厦门风情游为主哈。			1515178230	00	3521754405811094	1397721864064
1446583-	3		5	Fri Sep 06 15:18:49 +0800 2013			3619552099518323	3619552099518323				3619552099518323	0		#	1	<a href=" rel="nofollow">Android客户端</a>	#带着微博去渝中#小伙伴们，还记得那年在渝中吃的火辣辣的美食么？想念么？我馋了[泪][泪]@重庆旅游 @微游渝中			1515178230	00	0	1397721864064
1446584-	0		0	Mon Oct 22 17:50:28 +0800 2012			3503988534279177	3503988534279177				3503988534279177	0			2	<a href=" rel="nofollow">微博 weibo.com</a>	[偷笑]不要再说工作难找了，这里就有，要的看过来！！！[带感]//@谷声图书婆婆丁: [围观]			1515178230	00	3503953004234009	1397721864065
1446585-	0		4	Wed Aug 28 15:43:00 +0800 2013			3616296686526857	3616296686526857				3616296686526857	0		#	3	<a href=" rel="nofollow">Android客户端</a>	在枫多士头脑风暴[浮云][浮云]，好多东西要想，费脑细胞啊啊啊啊啊[抓狂][抓狂][抓狂]！！！这布丁嫩嫩的尊好吃[馋嘴]			1515178230	00	0	1397721864065
1446586-	0		144	Mon Apr 15 22:01:55 +0800 2013			3567469681416168	3567469681416168				3567469681416168	0			278	<a href=" rel="nofollow">专业版微博</a>	#春光灿烂采茶去#【大咖来送茶】你爱喝茶吗？喜欢什么茶？还是只是爱找茶？快点来参加大咖爱送茶，转发我这条微博并@ 三个好友 每天都有两名粉丝有机会获得我送出的千元茶叶礼盒哟~			1515178230	00	3567327008453795	1397721864065
1446587-	5		5	Sun Aug 11 13:22:43 +0800 2013			3610100797812893	3610100797812893				3610100797812893	0			4	<a href=" rel="nofollow">微博 weibo.com</a>	[赞]美景美食，我觉得这里做为求婚场地都绝赞！			1515178230	00	3610100390548958	1397721864065
1446588-	0		2	Fri May 17 15:25:13 +0800 2013			3578966272845592	3578966272845592				3578966272845592	0			34	<a href=" rel="nofollow">微博 weibo.com</a>	[转发]甘拜下风[good][good][good]			1515178230	00	3578964397793620	1397721864066
1446589-	1		12	Wed Feb 27 08:27:42 +0800 2013			3550232547678081	3550232547678081				3550232547678081	0		#	1	<a href=" rel="nofollow">三星Galaxy SIII</a>	大雾天出门，搽了香水是不是到公司都变馊味儿了？？？[酷]是不是捏？			1515178230	00	0	1397721864066
1446590-	0		18	Wed Oct 24 15:54:28 +0800 2012			3504684113335358	3504684113335358				3504684113335358	0			3	<a href=" rel="nofollow">S60客户端</a>	果断买票…来厦门吃！！！[哈哈]			1515178230	00	3504680309190406	1397721864066
1446591-	20		5	Fri Mar 21 18:13:47 +0800 2014			3690624148868696	3690624148868696				3690624148868696	0		#	28	<a href=" rel="nofollow">三星Galaxy SIII</a>	来台湾前，我认识的台中大姐就说台湾连休息站都是一景，自由行自驾都可以看看，特别是清水的休息站尤其棒，几乎可算台湾特产聚集地，做的也很人性化，今天路过休息站停下来休息，虽不是清水，但感觉也不错哦。@台湾自由行			1515178230	00	0	1397721864067
1446592-	0		1	Thu Jun 06 16:56:53 +0800 2013			3586237090748086	3586237090748086				3586237090748086	0			0	<a href=" rel="nofollow">微博 weibo.com</a>	[笑哈哈]二个美女我都认识。			1515178230	00	3586194924990244	1397721864067
1446593-	0		12	Sat Sep 15 19:38:37 +0800 2012			3490607391411698	3490607391411698				3490607391411698	0			6	<a href=" rel="nofollow">微博 weibo.com</a>	很想骂那些暴徒是傻逼，日本还没伤到，却狠狠伤了自己国家的自尊，还伤害了自己的国人，哎，我不会被揍吧？[可怜]			1515178230	00	3490605851743577	1397721864068
1446594-	0		14	Wed Oct 31 07:34:02 +0800 2012			3507094886148966	3507094886148966				3507094886148966	0		#	1	<a href=" rel="nofollow">S60客户端</a>	hello不知道什么时候爬进我雨伞里的小家伙[可爱]			1515178230	00	0	1397721864068
1446595-	0		36	Sun Sep 09 06:34:39 +0800 2012			3488235772206268	3488235772206268				3488235772206268	0		#	0	<a href=" rel="nofollow">微博 weibo.com</a>	[抱抱]面包组织只有六点起床的人才拍得了，上早班的人伤不起[抓狂]早安啦！！！#全麦咖啡包#发现500克的粉量挺对这台机器的胃口，早前一直做的400克粉总觉有点虚，450克或许也可以？下次试！！			1515178230	00	0	1397721864068
1446596-	0		9	Sun Nov 25 18:35:07 +0800 2012			3516320953413600	3516320953413600				3516320953413600	0			3	<a href=" rel="nofollow">微博 weibo.com</a>	哎呀，我的方子，我自己都好久没做了，找个时间要操练起来，前不久闺蜜还抱怨厦门没有好吃的萝卜糕哩，正好了！//@走走停停看虾米: @凌�� 我觉得萝卜多了！比较Q那种感觉！			1515178230	00	3516289845147407	1397721864069
1446597-	0		2	Fri Jun 07 22:21:03 +0800 2013			3586681049381710	3586681049381710				3586681049381710	0			30	<a href=" rel="nofollow">Android客户端</a>	???			1515178230	00	3586672300601089	1397721864069
1446598-	7		4	Mon Oct 14 09:05:50 +0800 2013			3633228969185214	3633228969185214				3633228969185214	0			19	<a href=" rel="nofollow">360安全浏览器</a>	[笑哈哈]一大早乐屎我了//@走走停停看虾米: 太有才了，这位粑粑！			1515178230	00	3633227551772333	1397721864069
1446599-	2		0	Tue Mar 26 01:45:17 +0800 2013			3559915748135678	3559915748135678				3559915748135678	0			0	<a href=" rel="nofollow">关联博客</a>	美的烤箱万人团购 苹果ipad大奖等你来拿 			1515178230	00	0	1397721864070
1446600-	0		1	Sat Nov 24 13:06:08 +0800 2012			3515875770738287	3515875770738287				3515875770738287	0			1	<a href=" rel="nofollow">三星Galaxy SIII</a>	亲子烘焙好有爱啊[爱你]			1515178230	00	3515863288475380	1397721864070
1446601-	3		4	Fri May 17 07:33:33 +0800 2013			3578847561394253	3578847561394253				3578847561394253	0		#	8	<a href=" rel="nofollow">新浪博客</a>	又是一款即兴之做，买来做批萨的萨拉米肠，因为没有时间做批萨，于是被我拿来做了快手意面，取一条剥粒就是意面里的蔬菜，和母亲的亲子二人餐就是这意面再搭配一盘生菜鸡蛋沙拉，简单又有风味。 《#美食感恩季#萨拉米肠奶油意面》 -      (来自 @头条博客) -    @新浪美食			1515178230	00	0	1397721864070
1446602-	4		50	Sat Feb 09 20:19:51 +0800 2013			3543888784309465	3543888784309465				3543888784309465	0		#	6	<a href=" rel="nofollow">三星Galaxy SIII</a>	蓝莓烤芝士制作中，对春晚没有任何兴趣[哼][最差][最差][最差]			1515178230	00	0	1397721864070
1446603-	17		21	Fri Jan 31 21:08:37 +0800 2014			3672911136765377	3672911136765377				3672911136765377	0		#	0	<a href=" rel="nofollow">360安全浏览器</a>	春节氛围浓郁欢乐，家里人来人往乐乐闹闹，接待亲朋奉上自己亲做蛋糕也更有寓意[大红灯笼]，芝士布朗尼的复合甜蜜和栗子奶油蛋糕的细腻柔滑让新的一年更加甜甜蜜蜜[过年啦]，祝福所有朋友们新年开开心心，健健康康，阖家幸福，马上有钱[马到成功]			1515178230	00	0	1397721864071
1446604-	0		16	Mon Sep 24 11:46:47 +0800 2012			3493750141737890	3493750141737890				3493750141737890	0		#	10	<a href=" rel="nofollow">S60客户端</a>	 @厦门海景千禧大酒店 居然…居然…居然…我先吃了[爱你][花心]德国碱水包！			1515178230	00	0	1397721864071
1446605-	4		4	Fri Apr 05 21:47:07 +0800 2013			3563842086397934	3563842086397934				3563842086397934	0			41	<a href=" rel="nofollow">微博 weibo.com</a>	[嘻嘻][嘻嘻]透彻！			1515178230	00	3562988558903316	1397721864071
1446606-	0		3	Thu Nov 29 09:59:56 +0800 2012			3517640851058831	3517640851058831				3517640851058831	0			5	<a href=" rel="nofollow">三星Galaxy SIII</a>	转发求代购求帮助[心]			1515178230	00	3517637000875394	1397721864072
1446607-	5		7	Sat Aug 31 10:14:14 +0800 2013			3617301121482053	3617301121482053				3617301121482053	0			9	<a href=" rel="nofollow">专业版微博</a>	周末了，好吃的做起来，创新款花椰菜的做法，你敢试试么？[阴险]			1515178230	00	3616937001168231	1397721864077
1446608-	4		14	Tue Jul 09 07:17:59 +0800 2013			3598050204950841	3598050204950841				3598050204950841	0		#	25	<a href=" rel="nofollow">新浪博客</a>	勤快的烤叉烧其实源于我把我爹的烧酒配吃光光了，心里内疚，于是赶紧给他烤起来。家庭自制蜜汁叉烧真的没有这么难！当初答应了博友们要贴制作方法和我的配方，这下真的来了哦。分享自凌��  《家庭自制蜜汁叉烧》  (来自 @头条博客) -    @新浪美食			1515178230	00	0	1397721864078
1446609-	0		24	Thu Dec 20 12:00:33 +0800 2012			3525281358877354	3525281358877354				3525281358877354	0		#	7	<a href=" rel="nofollow">三星Galaxy SIII</a>	[泪][泪]这俩屎孩纸，说世界末日要吃点好吃的，带我七绕八绕，在众多店里选了一家泉州牛肉店，我表示，这是我吃过最难吃的芥菜饭，最难喝的牛肉汤。她们说，好吧，你此生无憾了！！！[抓狂][抓狂][抓狂][抓狂]			1515178230	00	0	1397721864078
1446610-	0		11	Fri Dec 21 10:25:29 +0800 2012			3525619813992870	3525619813992870				3525619813992870	0			3	<a href=" rel="nofollow">三星Galaxy SIII</a>	[吃惊]今天公司妹妹居然走怀旧风，一会儿放雪山飞狐的雪中情，一会儿是得意的笑，一会儿又要开始放新鸳鸯蝴蝶梦[思考]，她真是87年吗？[黑线]。不过，得意的笑我也挺喜欢的[偷笑][偷笑]			1515178230	00	0	1397721864078
1446611-	3		4	Sun Feb 24 08:11:08 +0800 2013			3549141219543136	3549141219543136				3549141219543136	0		#	0	<a href=" rel="nofollow">三星Galaxy SIII</a>	早餐喝粥，死丫头，你懂的[哼][汗]@椰子澳洲海带go			1515178230	00	0	1397721864079
1446612-	4		4	Tue Nov 12 19:42:44 +0800 2013			3643898503210906	3643898503210906				3643898503210906	0		#	1	<a href=" rel="nofollow">Android客户端</a>	哎呦，白头偕老啊@楚东辉 @疯狂的芒果弟 [挖鼻屎]			1515178230	00	0	1397721864079
1446613-	0		18	Sun Nov 18 18:30:36 +0800 2012			3513783102664582	3513783102664582				3513783102664582	0			3	<a href=" rel="nofollow">三星Galaxy SIII</a>	[爱你][爱你]亲爱的飞，我等着你来厦门找我。。快来快来！！[鼓掌]			1515178230	00	3513775912682734	1397721864079
1446614-	1		26	Sun Feb 10 00:02:12 +0800 2013			3543944740439297	3543944740439297				3543944740439297	0			1	<a href=" rel="nofollow">三星Galaxy SIII</a>	新年快乐各位[爱你]			1515178230	00	0	1397721864079
1446615-	0		31	Mon Dec 17 18:14:59 +0800 2012			3524288412094841	3524288412094841				3524288412094841	0		#	1	<a href=" rel="nofollow">三星Galaxy SIII</a>	[抓狂][抓狂][抓狂]笨蛋猪小姐^(oo)^居然坐车去轮渡潮福城，我却坐在�北潮福城等她，菜都点好了！！！@幸福米米鱼			1515178230	00	0	1397721864080
1446616-	0		0	Fri Jun 07 23:20:11 +0800 2013			3586695934948758	3586695934948758				3586695934948758	0			37	<a href=" rel="nofollow">Android客户端</a>	请互相转告， 让其家人朋友能联系上！? //@厦门同城会:#厦门BRT爆炸#据@西堤的简丹：骆琪琳 陈雅慧 戴学彬 陈伟 洪菁菁 姜小婷 吕尚斌 孙志斌 黄灵慧 傅佳馨 李志 陈小昂 蓝奋璇 陈正辉 陈慈宾 刘文英 黄小平 苏晓芳  ――这些是在一七四医院的，大家帮忙转告！！让其家人朋友能联系上！			1515178230	00	3586680202024374	1397721864080
1446617-	1		4	Fri Dec 20 10:43:09 +0800 2013			3657533442522540	3657533442522540				3657533442522540	0			6	<a href=" rel="nofollow">360安全浏览器</a>	中午吃起吧，糖醋肉[太开心]			1515178230	00	3657287090935563	1397721864080
1446618-	0		14	Sun Sep 02 22:40:58 +0800 2012			3485942243358379	3485942243358379				3485942243358379	0			0	<a href=" rel="nofollow">微博 weibo.com</a>	大四喜她妈说喝了一晚上柠檬红茶，反思一下我自己，卤猪蹄膀估计吃了有快半斤，这刺果果的差距，注定让我今夜哀怨无眠。。。@minipigletti [抓狂][哼][弱]			1515178230	00	0	1397721864080
1446619-	0		1	Fri Nov 02 10:31:02 +0800 2012			3507864205428745	3507864205428745				3507864205428745	0			11	<a href=" rel="nofollow">S60客户端</a>	共勉！//@想胖的老猫:说得真好！			1515178230	00	3507859025561903	1397721864081
1446620-	0		3	Tue Oct 30 13:29:09 +0800 2012			3506821870527468	3506821870527468				3506821870527468	0			2	<a href=" rel="nofollow">S60客户端</a>	海景千禧的甜品很赞！！！我又想念了！！！[花心][鼓掌]			1515178230	00	3506796755173844	1397721864081
1446621-	5		21	Mon Dec 02 10:44:39 +0800 2013			3651010839358769	3651010839358769				3651010839358769	0			16	<a href=" rel="nofollow">微博 weibo.com</a>	良山大排档地址，很多人在问，要的就看过来，良山在开元路264号，也是开元路与厦禾路交汇处附近，思北特香包右手边的小巷子走进去再向左拐就能找到。			1515178230	00	3650797470531314	1397721864081
1446622-	3		4	Sat Dec 21 17:48:09 +0800 2013			3658002785202671	3658002785202671				3658002785202671	0			10	<a href=" rel="nofollow">微博 weibo.com</a>	我知道你是谁了，哈哈哈哈哈，谢谢亲爱的[亲亲]			1515178230	00	3657982716047986	1397721864081
1446623-	0		3	Fri Jan 25 22:01:37 +0800 2013			3538478580719450	3538478580719450				3538478580719450	0			0	<a href=" rel="nofollow">微博 weibo.com</a>	真心不好意思，小小同学最近太忙碌，把开奖这事儿抛到九霄云外去鸟，不过不要紧，刚才有人提醒我了，感谢感谢！恭喜@大头蘑菇仔 同鞋，请与@味华香牛肉 私信联系领奖哦！//@凌��: @凌�� 在@转发抽奖平台 上对本次活动进行抽奖，鉴定结果公正有效，参见			1515178230	00	3534421238213263	1397721864082
1446624-	1		13	Thu Dec 13 17:53:15 +0800 2012			3522833395573534	3522833395573534				3522833395573534	0		#	1	<a href=" rel="nofollow">三星Galaxy SIII</a>	我家楼下这家姜母鸭不知道好吃不好吃，好吃的话给大家报告，偶系小白鼠[太开心]			1515178230	00	0	1397721864082
1446625-	9		11	Wed Dec 11 22:42:06 +0800 2013			3654452885893292	3654452885893292				3654452885893292	0		#	41	<a href=" rel="nofollow">WeicoHD.iPad</a>	久违的浮屿鸭肉粥，只此一家，别无分店。今天我发神经点了�鱼和鸭心，外加油条一条，19元吓了我一跳。店家说�鱼一份就是10元，我觉得口味卤的一般哦。我姐的鸭胸加鸭心和油条是12元。去隔壁打包了海蛎煎味道一般，没有照强大排档的海蛎煎好吃[偷笑]			1515178230	00	0	1397721864082
1446626-	1		33	Tue Nov 27 21:12:31 +0800 2012			3517085331782435	3517085331782435				3517085331782435	0		#	22	<a href=" rel="nofollow">三星Galaxy SIII</a>	闺蜜送我的这款热可可不错喝哦，打开罐子是巧克力屑，不是粉，味道跟正很浓郁，适合冬天！[馋嘴]背后是我在看《故宫100》，好爱看这种纪录片[爱你]			1515178230	00	0	1397721864083
1446627-	0		8	Wed May 29 14:55:16 +0800 2013			3583307377878863	3583307377878863				3583307377878863	0			1	<a href=" rel="nofollow">专业版微博</a>	[鼓掌]用专属于自己style的翻糖饼干，送给你最在乎的亲朋好友，让他们都一起感受你满满的幸福！[亲亲]			1515178230	00	3577607838526826	1397721864083
1446628-	1		12	Thu Jul 18 06:51:42 +0800 2013			3601305077284214	3601305077284214				3601305077284214	0		#	4	<a href=" rel="nofollow">360安全浏览器</a>	五点多就醒了，夏季总是在嘈杂的蝉鸣中起床，近来蝉鸣稍有收敛，或许是下雨的缘故吧，反而鸟叫声清晰了起来，悦耳清脆，所以早起心情特别好[得意地笑]。做了自己喜欢的大葱炒鸡蛋佐手工吐司，撒了些黑胡椒和芝士粉，吃饱饱呆会就要上班干活啦，早安～			1515178230	00	0	1397721864083
1446629-	27		13	Sat Mar 15 21:18:30 +0800 2014			3688496303140333	3688496303140333				3688496303140333	0		#	139	<a href=" rel="nofollow">三星Galaxy SIII</a>	天气好[太阳]，台北一日暴走，捷运倒车来来去去，超方便，台湾人民超热心，问路指路超详细，绝对丢不了[赞]。@台湾自由行			1515178230	00	0	1397721864084
1446630-	9		29	Wed Jan 29 23:14:05 +0800 2014			3672217936196027	3672217936196027				3672217936196027	0		#	3	<a href=" rel="nofollow">三星Galaxy SIII</a>	肚子饿，很想很想吃。。。。泡面。。。。。[闭嘴]			1515178230	00	0	1397721864084
1446631-	4		1	Sat Jun 15 16:26:21 +0800 2013			3589490902241980	3589490902241980				3589490902241980	0		#	0	<a href=" rel="nofollow">Android客户端</a>	#做一回重庆人#我喜欢这照片儿[害羞][害羞]@新鲜旅厦门 @重庆旅游 @新浪重庆 我在这里:			1515178230	00	0	1397721864084
1446632-	0		5	Wed Dec 12 14:50:04 +0800 2012			3522424912038707	3522424912038707				3522424912038707	0			1	<a href=" rel="nofollow">三星Galaxy SIII</a>	15:00―16:30@凌�� 与@洪岩厦门 在《蔷薇之旅生活家》与你相约[亲亲]			1515178230	00	3522422814437944	1397721864085
1446633-	0		3	Tue Nov 06 10:52:27 +0800 2012			3509319150600474	3509319150600474				3509319150600474	0			1	<a href=" rel="nofollow">三星Galaxy SIII</a>	路过。。。今天天气很好[偷笑]不知道今天有咩好吃滴DD？@厦门海景千禧大酒店			1515178230	00	0	1397721864085
1446634-	0		22	Wed Nov 21 11:42:37 +0800 2012			3514767593563807	3514767593563807				3514767593563807	0		#	5	<a href=" rel="nofollow">三星Galaxy SIII</a>	午饭是补充能量的时刻，在这样一个令人厌烦的湿冷天气中，来碗热热的牛肉米粉最是不错。你吃了吗？[馋嘴]			1515178230	00	0	1397721864085
1446635-	2		2	Mon Dec 09 13:51:38 +0800 2013			3653594613619850	3653594613619850				3653594613619850	0			4	<a href=" rel="nofollow">360安全浏览器</a>	你要上前去跟他彪英文才对，一张地瓜脸出来一口标准澳洲腔，倍儿棒			1515178230	00	3653588549597982	1397721864085
1446636-	1		4	Fri Sep 13 21:36:46 +0800 2013			3622183920091122	3622183920091122				3622183920091122	0			10	<a href=" rel="nofollow">360安全浏览器</a>	[汗]听哒哒哒哒哒听了二分多钟就是没看到新娘长什么样子[困]			1515178230	00	3598168446502942	1397721864086
1446637-	1		7	Mon Nov 26 14:51:02 +0800 2012			3516626945353161	3516626945353161				3516626945353161	0			19	<a href=" rel="nofollow">三星Galaxy SIII</a>	笑屎了[偷笑][偷笑]			1515178230	00	3516582447963872	1397721864086
1446638-	2		14	Wed Jun 26 07:06:44 +0800 2013			3593336331713882	3593336331713882				3593336331713882	0			45	<a href=" rel="nofollow">新浪博客</a>	重庆人爱小面犹如厦门人爱沙茶面，别以为这一碗简单粗犷，上不了台面的东西就有多寒碜，要知道有多少人开着名车，兜兜转转，就为了找到那熟悉的小破门店里自己喜爱的味道。《最是那一碗思乡情，重庆小面》 (来自 @头条博客)    @新浪美食 @重庆旅游 @重庆嘿好吃 @新浪重庆 @渝小新			1515178230	00	0	1397721864086
1446639-	6		2	Wed Jun 26 09:45:03 +0800 2013			3593376173588481	3593376173588481				3593376173588481	0			41	<a href=" rel="nofollow">微博 weibo.com</a>	再不疯狂我们都老了[害羞]			1515178230	00	3593021369027712	1397721864086
1446640-	0		15	Sat Nov 03 18:58:01 +0800 2012			3508354180109406	3508354180109406				3508354180109406	0		#	0	<a href=" rel="nofollow">三星Galaxy SIII</a>	[哈哈]跟妞来锦记堂吃肉骨茶[馋嘴]，路痴差点走错路[挖鼻屎] 我在:			1515178230	00	0	1397721864087
1446641-	0		14	Sun Dec 16 10:19:13 +0800 2012			3523806298022525	3523806298022525				3523806298022525	0			19	<a href=" rel="nofollow">三星Galaxy SIII</a>	丫的，黑暗的社会！人民的父母官不再是为人民服务，而且强奸人民！！！草！！！[怒][怒][怒][鄙视][鄙视][鄙视]//@菜菜的食摄空间:丫的，为啥明明是强奸虐童非要尼玛说嫖宿，你才被嫖宿，你们全家才被嫖宿。这词太恶毒，不仅小孩被强奸没严惩，还说人出来卖，被嫖。[怒][怒]			1515178230	00	3523671622425129	1397721864087
1446642-	2		17	Thu Nov 07 11:04:26 +0800 2013			3641956120532945	3641956120532945				3641956120532945	0			2	<a href=" rel="nofollow">360安全浏览器</a>	柏翠的面包机靠谱～可以推荐，需要面包机的看过来～			1515178230	00	3641298558662145	1397721864087
1446643-	5		1	Sat Mar 08 09:07:38 +0800 2014			3685775658472505	3685775658472505				3685775658472505	0			2	<a href=" rel="nofollow">专业版微博</a>	女人节，爱自己的女人们必须送自己爱的礼物，一台烤箱进门，健康美味滚滚而来，不要再说羡慕会做美食的人，我相信你们也一样可以[good]，为自己，也为爱的人准备美食，你最想给谁做美食呢？[许愿][害羞]我是为自己为家人哦。节日买烤箱，有活动最划算啦。			1515178230	00	3685447085082248	1397721864088
1446644-	14		30	Sun Nov 17 09:49:16 +0800 2013			3645561083783727	3645561083783727				3645561083783727	0		#	11	<a href=" rel="nofollow">Android客户端</a>	高祖生煎果然咬不得，完全生煎汤包，汤汁滴沥沥，本想吃鲜肉生煎，却要等一小时干脆虾仁生煎，无碍，好吃大赞！ 我在:			1515178230	00	0	1397721864088
1446645-	0		4	Tue Dec 11 15:59:57 +0800 2012			3522080114793830	3522080114793830				3522080114793830	0			3	<a href=" rel="nofollow">微访谈</a>	卡维拉杯子蛋糕专卖店、枫多士的吐司盒、马可波罗里的拿破伦、海景千禧的提拉米苏！！！等。。。			1515178230	00	3522077090652195	1397721864088
1446646-	3		64	Fri Jun 14 11:59:45 +0800 2013			3589061417712491	3589061417712491				3589061417712491	0			431	<a href=" rel="nofollow">Android客户端</a>	长帝CK―25B烤箱是我目前还在的烤箱，也是我的第一台烤箱，见证着我从烘焙菜鸟开始的成长道路。有咨询过我烤箱的朋友都知道，这个品牌也是我一直以来的推荐，现在厂家开团，没买的赶紧了哈，过了这村儿就没这店儿啦！			1515178230	00	3587326573884541	1397721864089
1446647-	1		2	Sun Mar 17 09:57:23 +0800 2013			3556778107493846	3556778107493846				3556778107493846	0			14	<a href=" rel="nofollow">三星Galaxy SIII</a>	哈哈哈哈哈哈，有中！[偷笑]			1515178230	00	3556776228425973	1397721864089
1446648-	0		7	Sat Dec 08 20:57:53 +0800 2012			3521067916002845	3521067916002845				3521067916002845	0			3	<a href=" rel="nofollow">微博 weibo.com</a>	友情转[鼓掌]好酱不怕推！			1515178230	00	3521062383560090	1397721864089
1446649-	2		8	Mon Apr 15 23:15:44 +0800 2013			3567488270434706	3567488270434706				3567488270434706	0		#	4	<a href=" rel="nofollow">微博 weibo.com</a>	一条爱扮演忧伤的狗狗[偷笑]小可怜见儿的～～[爱你]			1515178230	00	0	1397721864090
1446650-	3		1	Sun Oct 06 14:38:30 +0800 2013			3630413585163358	3630413585163358				3630413585163358	0			22	<a href=" rel="nofollow">Android客户端</a>	[泪][泪][泪]//@��小�:��的人�, �有什�是做不出的???[抓狂]//@娃娃和棉花糖: [抓狂][抓狂][抓狂]太惨忍了，可恶的人类[泪][泪][泪] //@菜花儿张: 不骑马/骆驼，不看动物表演。拒绝伤害。//@燃大小姐: @能力制胜			1515178230	00	3630183841685501	1397721864090
1446651-	0		6	Tue May 21 11:54:54 +0800 2013			3580362888731704	3580362888731704				3580362888731704	0			0	<a href=" rel="nofollow">三星Galaxy SIII</a>	连日的暴雨，太可怕了，希望人没事[心]//@厦门新闻频道:#第一医院脚手架垮塌#【媒体记者受伤？】据@海峡导报 记者@XM何洁 第一医院旁边在施工的一处护栏突然倒塌，压到车子和行人，据说十几人受伤。我同事也倒霉了，被铁管砸到。@思明博警 ：有两个人受伤。			1515178230	00	3580351349788681	1397721864090
1446652-	0		36	Tue Sep 04 14:31:56 +0800 2012			3486543950110452	3486543950110452				3486543950110452	0		#	5	<a href=" rel="nofollow">S60客户端</a>	[衰]和妈咪逛累了随便找了家咖啡馆歇脚…咖啡等了二十分钟了还没上来…据说要热一下咖啡机…这是欺负我没有用过全自动咖啡机吗？还是侮辱我的智商？这东西我也常玩的好吗？可怜我娘喝完了这杯能淡出个鸟来的芒果奶昔…可我的咖啡到底嘛时候来哇？？？[抓狂][抓狂]			1515178230	00	0	1397721864091
1446653-	1		4	Sat Dec 29 19:18:40 +0800 2012			3528653096530885	3528653096530885				3528653096530885	0			1	<a href=" rel="nofollow">微博 weibo.com</a>	好吃就好思密达，我也很开心的思密达[害羞][爱你]			1515178230	00	3528650777356301	1397721864091
1446654-	0		3	Sat Sep 29 16:34:46 +0800 2012			3495634562411763	3495634562411763				3495634562411763	0			7	<a href=" rel="nofollow">微博 weibo.com</a>	[花心][嘻嘻]			1515178230	00	3492053986248047	1397721864091
1446655-	1		5	Sun Jan 26 10:38:39 +0800 2014			3670940661977695	3670940661977695				3670940661977695	0			3	<a href=" rel="nofollow">转发抽奖平台</a>	@凌�� 在@转发抽奖平台 上对本次活动进行抽奖，鉴定结果公正有效， 参见 ，请获奖者进入页面登录领奖，欢迎大家监督。			1515178230	00	3666378647069004	1397721864092
1446656-	5		13	Thu Nov 21 18:44:23 +0800 2013			3647145305956278	3647145305956278				3647145305956278	0		#	0	<a href=" rel="nofollow">Android客户端</a>	这道菜叫see you tomorrow[偷笑][阴险] 我在这里:			1515178230	00	0	1397721864092
1446657-	0		5	Sun Sep 02 07:57:46 +0800 2012			3485719974964245	3485719974964245				3485719974964245	0			1	<a href=" rel="nofollow">S60客户端</a>	每次在路上看到卖假药的…赌假博的…摸假奖的…身边再跟着一两个傻托…就特么的恶心！！！[最差][困]			1515178230	00	0	1397721864092
1446658-	0		21	Thu May 16 19:31:12 +0800 2013			3578665775946607	3578665775946607				3578665775946607	0			21	<a href=" rel="nofollow">微博 weibo.com</a>	这傻逼鸟人什么来路？有干妈吗？[挖鼻屎]			1515178230	00	3578377879372592	1397721864093
1446659-	0		5	Mon Nov 19 16:37:08 +0800 2012			3514116935576461	3514116935576461				3514116935576461	0		#	1	<a href=" rel="nofollow">三星Galaxy SIII</a>	天气渐凉，此时，若有杯咖啡温暖不知道几多好[委屈]。。。这些年越来越喜欢咖啡馆，窝在其中，不管有事无事都好，即便发呆都够舒服。这是#初老症#咩？PS:前些天在轮渡星巴克翻到风尚周刊，厦门特辑真是赞赞赞啦[赞]			1515178230	00	0	1397721864093
1446660-	3		16	Tue Dec 10 11:28:59 +0800 2013			3653921099110794	3653921099110794				3653921099110794	0			2	<a href=" rel="nofollow">iPad客户端</a>	IPAD怎么一次性发多图？就像手机或者电脑一样可以发九图？[衰]不懂，求教[悲伤]。。。。不要跟我说美图做成套图来发哦[汗]			1515178230	00	0	1397721864093
1446661-	0		4	Thu Mar 28 18:53:27 +0800 2013			3560899266465918	3560899266465918				3560899266465918	0		#	1	<a href=" rel="nofollow">三星Galaxy SIII</a>	[做鬼脸][haha]			1515178230	00	0	1397721864094
1446662-	0		15	Tue Nov 12 13:15:37 +0800 2013			3643801077372504	3643801077372504				3643801077372504	0		#	8	<a href=" rel="nofollow">360安全浏览器</a>	经过公证的第三方平台抽奖，恭喜以下10位同学获得味夫子礼包，请于近日将你们的收货地址、姓名、电话等联系方式私信给��，谢谢大家参与[爱你]@姜小不够辣vivian @大余石膏线泽涵 @死水AA @星期八当铺 @淡茉儿 @粉丝爱321 @家有一颗小菜花 @minus_age_哈哈哈哈哈 @不败姑娘_是个好姑娘 @飘飘雪雪00			1515178230	00	0	1397721864094
1446663-	13		16	Fri Dec 13 16:39:54 +0800 2013			3655086510724248	3655086510724248				3655086510724248	0		#	6	<a href=" rel="nofollow">WeicoHD.iPad</a>	午饭，老妈说要吃小吃，要沙茶面，芋包等。说到芋包我就想到八市的芋包王，顺带可以去对面的古早味锅边糊买好吃的煎包，于是很开心的就来了。煎包一个1.5元，味道不错，是水煎包，馅儿调得好[爱你]，很多人排队。芋包王的芋包一个4元，皮子芋头放得多，料还算实在，海蛎煎15一盘，料多粉少不错[抱抱]			1515178230	00	0	1397721864094
1446664-	0		22	Sat Dec 08 18:40:43 +0800 2012			3521033396896865	3521033396896865				3521033396896865	0		#	4	<a href=" rel="nofollow">三星Galaxy SIII</a>	我妈每次煮的粥都跟饭一样！！你就不能少放米多放水吗？怎么讲都不清楚[泪][抓狂][抓狂] 我在:			1515178230	00	0	1397721864094
1446665-	12		4	Sat Mar 08 18:53:43 +0800 2014			3685923156390675	3685923156390675				3685923156390675	0			32	<a href=" rel="nofollow">三星Galaxy SIII</a>	祈祷，请平安???			1515178230	00	3685917639852819	1397721864095
1446666-	0		16	Wed Jan 16 15:17:18 +0800 2013			3535115341264610	3535115341264610				3535115341264610	0		#	4	<a href=" rel="nofollow">三星Galaxy SIII</a>	收到亲爱的@bada小美 寄来的礼物，新书真的好棒，我又有学习的书籍了[鼓掌]。小美亲手做的礼物也好好吃，马卡龙外酥内软，甜蜜得紧，松露巧克力也是超级对我胃口哦[花心]有口福[偷笑][偷笑]。祝亲爱的新书大卖[亲亲][亲亲]（我的书是签名版哦签名版[哈哈]）			1515178230	00	0	1397721864095
1446667-	14		5	Sun Mar 23 10:33:25 +0800 2014			3691233065217482	3691233065217482				3691233065217482	0		#	13	<a href=" rel="nofollow">三星Galaxy SIII</a>	昨天有人问这家背包客旅馆，我拍了，有需要的自己存。这里并不是所有房间都是公共浴室，也有带浴室的套房，公共房2人平日1700NT，假期2000NT，三人平日2400NT，假期2700NT。套房2600-2900NT不等。捷运忠孝敦化站，旁边是小巨蛋，可以上booking定更便宜，汇报完毕！@谷声图书echook			1515178230	00	0	1397721864095
1446668-	3		16	Fri Jul 05 07:08:54 +0800 2013			3596598363613979	3596598363613979				3596598363613979	0		#	16	<a href=" rel="nofollow">新浪博客</a>	发表了博文 《上海滩朝圣之旅，柴田西点》 -  看我博客的人都知道，我是嗜甜品如命之人，所到之处有甜品一定不放过，重庆之行原本要回厦门，临时却改飞上海，既然到了上海，大上海滩这么多知名甜品店一定不能放 			1515178230	00	0	1397721864096
1446669-	0		12	Sun Jan 20 20:29:35 +0800 2013			3536643489027174	3536643489027174				3536643489027174	0			18	<a href=" rel="nofollow">专业版微博</a>	[泪流满面]简直了。。。。憋到。。。。打鸡血、恐龙血也hold不住，整个人生都沸腾了。。。[笑哈哈]			1515178230	00	3534425381936209	1397721864096
1446670-	4		27	Sun Nov 17 18:07:18 +0800 2013			3645686417626073	3645686417626073				3645686417626073	0		#	9	<a href=" rel="nofollow">Android客户端</a>	知味观味庄，杨公堤对面，传统杭帮菜，西湖醋鱼很多人吃不惯，酸甜开胃还不错，我姐不吃我自己吃了一条[晕]，@溢齿留香 姐姐在我来之前就力荐的六月荷花酥真的超惊艳，造型漂亮，酥得入口即化[阴险]，内里是抹茶蓉甜而不腻，超赞，推荐大家吃知味观一定要点[花心] 我在这里:			1515178230	00	0	1397721864096
1446671-	0		5	Wed Apr 17 12:22:11 +0800 2013			3568048562453352	3568048562453352				3568048562453352	0			2	<a href=" rel="nofollow">微博 weibo.com</a>	4月17日抽奖，恭喜@狼屁屁 和@水煮-活鱼 获得今天的奖品，活动还在继续，请看��的置顶微博哦。哈哈[阴险]//@凌��: #春光灿烂采茶去#【大咖来送茶】你爱喝茶吗？喜欢什么茶？还是只是爱找茶？快点来参加大咖爱送茶，转发我这条微博并@ 三个好友 每天都有两名粉丝有机会获得我送出的千元茶叶礼盒哟~			1515178230	00	3567327008453795	1397721864097
1446672-	1		11	Fri Mar 29 12:25:24 +0800 2013			3561164002925477	3561164002925477				3561164002925477	0		#	0	<a href=" rel="nofollow">三星Galaxy SIII</a>	lunch			1515178230	00	0	1397721864097
1446673-	0		10	Tue Dec 18 22:28:36 +0800 2012			3524714628426249	3524714628426249				3524714628426249	0			4	<a href=" rel="nofollow">微博 weibo.com</a>	红烧？炖？清蒸？炸？炒？[太开心]好吧，看这么可爱，你自己养着玩儿吧			1515178230	00	3524692180540483	1397721864097
1446674-	0		3	Fri Mar 15 07:20:30 +0800 2013			3556013846058728	3556013846058728				3556013846058728	0		#	6	<a href=" rel="nofollow">新浪博客</a>	自己搭配的一款戚风蛋糕，味道还不错，贴出来分享。配方以榛子为风味，液体中一部分使用了百利甜酒，百利甜酒是一种调味酒，单喝或者搭配咖啡，或者制做甜品都绝佳，有做烘焙的人备一瓶还是不错的。分享自凌��  《百利甜榛子戚风》..  (来自 @头条博客) -     @新浪美食			1515178230	00	0	1397721864098
1446675-	0		11	Sat Nov 17 20:14:57 +0800 2012			3513446974905785	3513446974905785				3513446974905785	0		#	8	<a href=" rel="nofollow">快手</a>	双伟晚餐:清蒸膏蟹，清蒸青斑，炸鱼卵，凉拌鸭肠，鱼浆煲，花蛤肉羹煲，�鱼羹，盐�杂鱼，饺子，炒芦笋，姜母鸭。。。@牯岭街少年 @海鲜大叔 @珠峰野人 @闻香识包子 @xmrick @漂流在闽粤之间 #Gif快手#			1515178230	00	0	1397721864098
1446676-	1		5	Fri Apr 12 08:02:44 +0800 2013			3566171330357026	3566171330357026				3566171330357026	0			3	<a href=" rel="nofollow">关联博客</a>	良山大排档 			1515178230	00	0	1397721864098
1446677-	0		18	Sat Sep 29 20:00:00 +0800 2012			3495686211098520	3495686211098520				3495686211098520	0		#	2	<a href=" rel="nofollow">微博 weibo.com</a>	戒咖啡数次，无果，喝还是喝吧。突然理解了抽烟的人，就是粘上了，甩也甩不掉。			1515178230	00	0	1397721864099
1446678-	2		1	Sun Nov 17 07:53:41 +0800 2013			3645531999999008	3645531999999008				3645531999999008	0			5	<a href=" rel="nofollow">Android客户端</a>	刚才看到新闻了，怎么会父母丢孩子这么久了不知道？实在不可理解。帮转找！			1515178230	00	3645530720616639	1397721864099
1446679-	3		3	Thu Jan 23 20:39:58 +0800 2014			3670004823953069	3670004823953069				3670004823953069	0			3	<a href=" rel="nofollow">360安全浏览器</a>	哎，看到这个突然想起来前几天才看到微信朋友圈儿里肖老师发了个火锅涮iphone5的图，难得一年一围炉，阖家团聚的日子，确实不要再刷手机了，热热闹闹，专心吃顿饭吧，我是准备这么做了！[good]			1515178230	00	3666375903694738	1397721864099
1446680-	0		6	Thu May 09 22:09:55 +0800 2013			3576169003415201	3576169003415201				3576169003415201	0		#	4	<a href=" rel="nofollow">三星Galaxy SIII</a>	@私奔咖啡院 @BILLY陈耀彬 @小苹果倪 我来了[偷笑]			1515178230	00	0	1397721864100
1446681-	0		4	Wed Mar 05 13:56:03 +0800 2014			3684761077464118	3684761077464118				3684761077464118	0			2	<a href=" rel="nofollow">三星Galaxy SIII</a>	头姐代盐的烤箱又有活动啦，限明天一天，现在购买很划算[馋嘴][馋嘴]， 微博晒单返现10元、京东好评晒单赠送119 元大礼包哦！亲们可以转起[鼓掌]对了，我喜欢的烤箱是不锈钢的，看起来有气质啦~			1515178230	00	3684333866519540	1397721864101
1446682-	0		4	Mon Apr 08 12:58:51 +0800 2013			3564796299931224	3564796299931224				3564796299931224	0		#	0	<a href=" rel="nofollow">三星Galaxy SIII</a>	肚子饿又吃不下，最喜欢的浓汤喝了两口就over了，TNND。[汗]			1515178230	00	0	1397721864101
1446683-	0		4	Fri Nov 02 07:59:14 +0800 2012			3507826003369438	3507826003369438				3507826003369438	0			12	<a href=" rel="nofollow">S60客户端</a>	我承认我笑了[哈哈]			1515178230	00	3507527243606485	1397721864101
1446684-	11		6	Sat Dec 28 10:55:01 +0800 2013			3660435536575386	3660435536575386				3660435536575386	0		#	6	<a href=" rel="nofollow">三星Galaxy SIII</a>	高淳老街里有很多卖花生糖，松子糖，芝麻糖等的老店，味道都不错，我买了糖姜片驱寒，吃两片就暖和了，这里还有高淳臭豆腐，吃过的人都说你们没吃的会后悔#带着微博韶南京#@南京日报@南京周末@南京市旅游委员会@高淳发布@高淳旅游@高淳老街njgclj@南京发布 我在这里:			1515178230	00	0	1397721864102
1446685-	2		20	Fri Oct 05 18:42:39 +0800 2012			3497841076920707	3497841076920707				3497841076920707	0			0	<a href=" rel="nofollow">微博 weibo.com</a>	问[思考]：招商卡里哪一张最有用，吃喝玩乐的！谢谢各位亲先！[爱你]			1515178230	00	0	1397721864102
1446686-	0		2	Mon Nov 12 13:27:36 +0800 2012			3511532518745104	3511532518745104				3511532518745104	0			1	<a href=" rel="nofollow">三星Galaxy SIII</a>	小学，第一道菜鱼香肉丝，炒了满满一小脸盆，因为不知道那些东西合起来会这么多[汗]			1515178230	00	3511526432294381	1397721864102
1446687-	70		80	Thu Feb 20 22:11:37 +0800 2014			3680174748924950	3680174748924950				3680174748924950	0		#	86	<a href=" rel="nofollow">360安全浏览器</a>	烘焙有一种让人幸福的能量，你们同意吗？[心]			1515178230	00	0	1397721864102
1446688-	0		18	Thu Oct 11 15:37:54 +0800 2012			3499968898233935	3499968898233935				3499968898233935	0		#	1	<a href=" rel="nofollow">S60客户端</a>	免费欣赏[偷笑]…我麻麻边看边乐[哈哈][哈哈]			1515178230	00	0	1397721864103
1446689-	2		5	Thu May 09 16:21:54 +0800 2013			3576081426977350	3576081426977350				3576081426977350	0			19	<a href=" rel="nofollow">三星Galaxy SIII</a>	[汗][汗][汗]我居然就唱出来了。。。。还真是。。。。。。。。挺顺的[震惊][巨汗][巨汗]			1515178230	00	3576078440205339	1397721864103
1446690-	1		0	Thu May 16 20:00:04 +0800 2013			3578673040474338	3578673040474338				3578673040474338	0			8	<a href=" rel="nofollow">微博 weibo.com</a>	这个有好笑到，哈哈，小七太幸福了[哈哈][哈哈]			1515178230	00	3576017148882130	1397721864103
1446691-	2		30	Tue Jan 29 18:13:25 +0800 2013			3539870708098941	3539870708098941				3539870708098941	0		#	1	<a href=" rel="nofollow">微博 weibo.com</a>	逛菜市场买了条鲈鱼，晚上清蒸，再煎了点萝卜糕[阴险]，煮了花菜丸子汤，简单的晚饭就酱！[江南style]			1515178230	00	0	1397721864104
1446692-	1		7	Thu Oct 17 11:55:28 +0800 2013			3634358810029771	3634358810029771				3634358810029771	0			0	<a href=" rel="nofollow">360安全浏览器</a>	我刚发的那篇微博里不断有陌生人copy博友的回复后再回复并转发，这是怎么回事？微博中病毒了吗？@微博小秘书 @微博社区委员会			1515178230	00	0	1397721864104
1446693-	0		3	Mon Dec 09 15:17:44 +0800 2013			3653616277378905	3653616277378905				3653616277378905	0			7	<a href=" rel="nofollow">360安全浏览器</a>	[微博益起来][心][心][心]@紫色秋韵			1515178230	00	3652613762984582	1397721864104
1446694-	0		4	Wed Apr 03 22:15:07 +0800 2013			3563124357741343	3563124357741343				3563124357741343	0			3	<a href=" rel="nofollow">三星Galaxy SIII</a>	这也太给力了，爆发力强劲啊！！！			1515178230	00	3563091893832510	1397721864105
1446695-	15		5	Fri Feb 07 08:40:53 +0800 2014			3675259678568025	3675259678568025				3675259678568025	0			65	<a href=" rel="nofollow">360安全浏览器</a>	好美[心]			1515178230	00	3674741590170873	1397721864105
1446696-	2		64	Mon Feb 25 22:46:24 +0800 2013			3549723866519205	3549723866519205				3549723866519205	0		#	0	<a href=" rel="nofollow">三星Galaxy SIII</a>	看剧，写稿，吃虾条，好忙[害羞]。。。最近没好看的电视剧啊，谁丢几部过来贡献一下的[爱你][爱你]			1515178230	00	0	1397721864105
1446697-	2		28	Mon Mar 18 16:53:43 +0800 2013			3557245264886694	3557245264886694				3557245264886694	0		#	1	<a href=" rel="nofollow">三星Galaxy SIII</a>	厦门今天31度，这绝对是夏天吧？！夏天！！！[抓狂][抓狂][抓狂]			1515178230	00	0	1397721864105
1446698-	2		7	Fri Dec 06 10:24:38 +0800 2013			3652455352680680	3652455352680680				3652455352680680	0			1	<a href=" rel="nofollow">360安全浏览器</a>	亲爱的，你一定要拍得这么美吗？[花心]@味夫子肉脯世家 的东西真的很赞，肉片厚厚，推荐一下。[馋嘴]			1515178230	00	3652451288271936	1397721864106
1446699-	0		0	Wed Nov 14 08:07:58 +0800 2012			3512176856206550	3512176856206550				3512176856206550	0			10	<a href=" rel="nofollow">三星Galaxy SIII</a>	只有内心强大坦然面对才能壮大！[太开心]加油！！~(���)/~			1515178230	00	3512173609690804	1397721864106
1446700-	1		1	Sun Apr 21 12:13:44 +0800 2013			3569495988050995	3569495988050995				3569495988050995	0			25	<a href=" rel="nofollow">三星Galaxy SIII</a>	请让出生命通道！！！！			1515178230	00	3569467709856085	1397721864106
1446701-	0		2	Fri Dec 07 09:23:27 +0800 2012			3520530772384831	3520530772384831				3520530772384831	0			1	<a href=" rel="nofollow">微博 weibo.com</a>	[走你]你学坏了，居然宿醉[阴险]。。。来碗沙茶面清醒一下。。。//@老波头: 厦门老饕@凌�� 推荐，果然精彩。汤底浓郁之极。一碗面吃完，昨夜@牯岭街少年 兄造成的宿醉即醒[嘻嘻]			1515178230	00	3520519582246534	1397721864107
1446702-	2		44	Sun Jun 02 13:46:25 +0800 2013			3584739610589542	3584739610589542				3584739610589542	0			4	<a href=" rel="nofollow">微博 weibo.com</a>	亲们，地震了对吧？摇了好几下！！！[可怜]			1515178230	00	0	1397721864107
1446703-	1		6	Wed Jun 26 20:55:19 +0800 2013			3593544847204381	3593544847204381				3593544847204381	0			4	<a href=" rel="nofollow">关联博客</a>	最是那一碗思乡情，重庆小面 			1515178230	00	0	1397721864107
1446704-	3		5	Mon Jan 06 09:41:47 +0800 2014			3663678598374894	3663678598374894				3663678598374894	0			11	<a href=" rel="nofollow">微博 weibo.com</a>	回复@小小的禹:烤好的面包，放凉后就马上封袋扎好，放冷冻柜，要吃时再取出，用烤箱180度烘到热就行了，风味如初！ //@小小的禹:怎么回炉呢亲？对于两天后的硬硬的面包很忧伤			1515178230	00	3663673803516986	1397721864107
1446705-	0		10	Fri Mar 29 08:02:51 +0800 2013			3561097933681729	3561097933681729				3561097933681729	0		#	1	<a href=" rel="nofollow">三星Galaxy SIII</a>	Morning 遇到个很坏的公车司机，明明可以开门却不让上车很抓狂[抓狂]			1515178230	00	0	1397721864108
1446706-	13		7	Mon Apr 14 16:59:57 +0800 2014			3699302876998217	3699302876998217				3699302876998217	0		#	5	<a href=" rel="nofollow">三星Galaxy SIII</a>	今天完全吃太饱[泪][泪]，猪扒包，意大利菜，早上吃的榴莲雪糕现在打嗝还都是那个味，太重口味了好吗？我完全自虐啊[汗]，澳门好吃的好多，酒店里也都是超水准，厉害的！@澳门金光大道度假区 我在:			1515178230	00	0	1397721864108
1446707-	0		2	Tue Nov 27 20:50:14 +0800 2012			3517079741223643	3517079741223643				3517079741223643	0			4	<a href=" rel="nofollow">微博 weibo.com</a>	真是他妈的抓狂，尼玛逼啊！[鄙视][鄙视][抓狂]//@小企9999: 常在东渡出没的朋友们辛苦了@朕是ZZ @凌�� @喜麟阁黄掌贵 @小甘蔗踏步走			1515178230	00	3514871432311736	1397721864108
1446708-	0		5	Mon Oct 28 13:57:51 +0800 2013			3638375883712247	3638375883712247				3638375883712247	0			0	<a href=" rel="nofollow">360安全浏览器</a>	姐姐我是俊儿控[亲亲]			1515178230	00	3638374323331065	1397721864109
1446709-	3		14	Wed Jun 12 22:10:52 +0800 2013			3588490429983964	3588490429983964				3588490429983964	0			8	<a href=" rel="nofollow">微博 weibo.com</a>	能得到外地吃货的肯定是阿华用心经营的结果！替他们开心！！[赞][鼓掌]//@周猩猩: [鼓掌]墙裂感谢厦门第一吃货@凌�� 真情推荐！！！但是蒜香排骨没有哇，只有这盘霸气乱露的大硬菜蒜香肉！！！不过味道也令人感动！！			1515178230	00	3588486055739110	1397721864109
1446710-	0		5	Fri Nov 09 09:18:12 +0800 2012			3510382591197926	3510382591197926				3510382591197926	0			0	<a href=" rel="nofollow">三星Galaxy SIII</a>	加油，会越来越好！！！[good]			1515178230	00	3510363096084494	1397721864109
1446711-	0		3	Thu Sep 27 07:33:46 +0800 2012			3494773631968861	3494773631968861				3494773631968861	0			13	<a href=" rel="nofollow">S60客户端</a>	励志！！！[哈哈]			1515178230	00	3494635068299334	1397721864109
1446712-	0		5	Thu Nov 22 23:08:03 +0800 2012			3515302471750486	3515302471750486				3515302471750486	0			1	<a href=" rel="nofollow">微博 weibo.com</a>	还有可能是打发蛋白打过了也有可能会裂。不过，好吃是第一，就别管他裂了~			1515178230	00	3515301990116494	1397721864110
1446713-	0		3	Tue Sep 25 06:42:51 +0800 2012			3494036041959494	3494036041959494				3494036041959494	0			1	<a href=" rel="nofollow">iPad客户端</a>	[汗]去的只是渔船又不是军舰，警戒个毛。			1515178230	00	3494026722354919	1397721864110
1446714-	0		1	Sat Apr 20 15:14:51 +0800 2013			3569179183977843	3569179183977843				3569179183977843	0			25	<a href=" rel="nofollow">三星Galaxy SIII</a>	[爱心传递][爱心传递][爱心传递]传递传递！！！			1515178230	00	3569175064656676	1397721864110
1446715-	0		5	Sun Sep 23 17:04:27 +0800 2012			3493467697570913	3493467697570913				3493467697570913	0		#	2	<a href=" rel="nofollow">S60客户端</a>	亲爱的@谷声图书婆婆丁 [爱你]收到明信片…字里行间各种感动…喜欢你…喜欢@谷声图书echook 喜欢你们一群有活力的年轻人…一起加油！@谷声图书柳帆 以及其他各位～[偷笑]			1515178230	00	0	1397721864111
1446716-	0		11	Mon Oct 22 10:58:38 +0800 2012			3503884884726701	3503884884726701				3503884884726701	0		#	1	<a href=" rel="nofollow">S60客户端</a>	极其尴尬的早午茶时间…吃午饭不是…不吃东西也不是…听说点两杯咖啡第二杯半价…于是小市民心理作祟点了两杯[衰]…巧克力拉明顿…还可以吧…卡布的泡沫很细腻…			1515178230	00	0	1397721864111
1446717-	4		6	Tue Jul 02 16:37:01 +0800 2013			3595654180853909	3595654180853909				3595654180853909	0			9	<a href=" rel="nofollow">微博 weibo.com</a>	[得意地笑]太给力了！！！咖啡加核桃真的是超香的！！！			1515178230	00	3595652531876114	1397721864111
1446718-	1		3	Fri Mar 29 09:17:50 +0800 2013			3561116803809166	3561116803809166				3561116803809166	0			3	<a href=" rel="nofollow">关联博客</a>	雪菜香菇素炒饭 			1515178230	00	0	1397721864112
1446719-	0		16	Sun Dec 09 19:40:51 +0800 2012			3521410922521562	3521410922521562				3521410922521562	0		#	4	<a href=" rel="nofollow">三星Galaxy SIII</a>	弹丸之地，卖章鱼小丸子的，有蛮多口味，虾蟹，原味，明太子等，都是四个12块，味道还可以吧，蛋素觉得还是偏贵了一些。			1515178230	00	0	1397721864112
1446720-	1		8	Sat Jun 08 11:22:09 +0800 2013			3586877623790150	3586877623790150				3586877623790150	0			2	<a href=" rel="nofollow">微博 weibo.com</a>	正值花季的少女就这么没有了[泪][泪][蜡烛][蜡烛][蜡烛]			1515178230	00	3586870577463182	1397721864112
1446721-	0		4	Sat Jun 15 18:06:39 +0800 2013			3589516143616950	3589516143616950				3589516143616950	0		#	6	<a href=" rel="nofollow">Android客户端</a>	#做一回重庆人#南山，蒋介石曾经办公的地方和孔二小姐的故居都在这，虽然遭受过日军的盲炸，现在的这里依旧漂亮，地理环境真的太好了。@重庆旅游 @新鲜旅厦门 @新浪重庆 @我是罗云杉 @任_小妹			1515178230	00	0	1397721864113
1446722-	0		8	Tue Oct 02 10:36:41 +0800 2012			3496631607546168	3496631607546168				3496631607546168	0		#	0	<a href=" rel="nofollow">S60客户端</a>	[嘻嘻][哈哈][飞机][帅][奥特曼]			1515178230	00	0	1397721864113
1446723-	1		0	Fri May 24 08:25:22 +0800 2013			3581397316879990	3581397316879990				3581397316879990	0			15	<a href=" rel="nofollow">关联博客</a>	柏拉图咖啡 			1515178230	00	0	1397721864113
1446724-	0		2	Fri Oct 19 21:53:12 +0800 2012			3502962447579670	3502962447579670				3502962447579670	0			1	<a href=" rel="nofollow">微博 weibo.com</a>	[泪]各种速度，各种感恩！！！元芳，你肿么看[花心]			1515178230	00	3502961575889189	1397721864113
1446725-	2		14	Thu Aug 29 22:43:37 +0800 2013			3616764925255234	3616764925255234				3616764925255234	0		#	1	<a href=" rel="nofollow">Android客户端</a>	#深夜发吃报复社会#昨天又去@Attitude17-30 找大姐和姐夫吃饭，吃多了他们家的西餐，这次改吃家常台菜，圆嘟嘟的可爱大姐[爱你]居然给搞来了虱目鱼肚！！！[给力]，微微煎一下淋柠檬汁蘸椒盐，中间的黑色部位油花肥厚，细腻柔滑，边缘部位微焦香，一鱼有两种口感哦。咸蛋蒸肉也对我胃口@椰子澳洲海带go			1515178230	00	0	1397721864114
1446726-	3		9	Thu Mar 28 19:35:05 +0800 2013			3560909748275246	3560909748275246				3560909748275246	0		#	0	<a href=" rel="nofollow">三星Galaxy SIII</a>	[不要][不要][不要][不要][不要][不要][不要][不要][不要][不要][不要][不要][不要][不要][弱]			1515178230	00	0	1397721864114
1446727-	0		1	Sun Apr 21 08:34:54 +0800 2013			3569440916944625	3569440916944625				3569440916944625	0			4	<a href=" rel="nofollow">三星Galaxy SIII</a>	[拳头][拳头]//@作业本:转发微博			1515178230	00	3569301988061573	1397721864114
1446728-	1		3	Fri Dec 14 07:25:56 +0800 2012			3523037913446956	3523037913446956				3523037913446956	0			6	<a href=" rel="nofollow">关联博客</a>	基础甜吐司 			1515178230	00	0	1397721864115
1446729-	4		2	Mon Apr 07 18:07:50 +0800 2014			3696783241118205	3696783241118205				3696783241118205	0			9	<a href=" rel="nofollow">三星Galaxy SIII</a>	修行，就是修炼一颗感恩的心[心]。			1515178230	00	3696777943057137	1397721864115
1446730-	4		12	Sun Aug 11 20:21:12 +0800 2013			3610206104037095	3610206104037095				3610206104037095	0		#	1	<a href=" rel="nofollow">Android客户端</a>	今天和闺蜜吃香港德馨苑，现在来PCC，八卦得好开心啊啊啊[鼓掌][鼓掌] PCC出了新的黑芝麻拿铁，黑芝麻控觉得还不错。@椰子澳洲海带go			1515178230	00	0	1397721864115
1446731-	4		42	Thu Jun 13 11:43:45 +0800 2013			3588695003408920	3588695003408920				3588695003408920	0		#	1	<a href=" rel="nofollow">Android客户端</a>	#做一回重庆人#[哈哈][哈哈]顺利接头，开始体验重庆，咩哈哈哈哈哈哈，羞羞来个真人show[害羞][害羞]			1515178230	00	0	1397721864116
1446732-	2		6	Thu May 30 00:05:53 +0800 2013			3583445944557843	3583445944557843				3583445944557843	0		#	2	<a href=" rel="nofollow">三星Galaxy SIII</a>	晚上又是心记炒饭加PCC摩卡，现在又饿了是怎样，肿么办肿么办，翻滚ing[怒]			1515178230	00	0	1397721864116
1446733-	0		10	Wed Jan 09 08:02:31 +0800 2013			3532469208459276	3532469208459276				3532469208459276	0		#	4	<a href=" rel="nofollow">新浪博客</a>	把百香果加入蛋糕中，百香果的热带清新气息融入黄油为主的重油蛋糕中，小清新与重口味的结果，微酸清爽，黄油乳香与之融合，入口细腻，阳光般的清爽气息使得磅蛋糕似乎都不再让人害怕了哦。《百香果磅蛋糕&好友新书推荐》  (来自 @头条博客) -     @新浪美食			1515178230	00	0	1397721864116
1446734-	0		7	Fri Jan 25 13:17:47 +0800 2013			3538346750270096	3538346750270096				3538346750270096	0			14	<a href=" rel="nofollow">三星Galaxy SIII</a>	这是我妈咪将来的写照嘛？[哈哈][哈哈][哈哈][哈哈][哈哈]			1515178230	00	3537240163081972	1397721864116
1446735-	2		10	Mon Apr 01 16:09:18 +0800 2013			3562307508650931	3562307508650931				3562307508650931	0		#	1	<a href=" rel="nofollow">三星Galaxy SIII</a>	→_→cake style！！！			1515178230	00	0	1397721864117
1446736-	2		41	Thu Apr 11 17:05:31 +0800 2013			3565945546643719	3565945546643719				3565945546643719	0		#	0	<a href=" rel="nofollow">三星Galaxy SIII</a>	跟闺蜜说我胃胀气难受，她叫我用擀面杖推肚子，压平[衰][吃惊][怒]，尼玛，你损友啊啊啊，不素银啊啊啊啊，我给你推看看啊啊啊，压扁你啊啊啊[抓狂][抓狂]			1515178230	00	0	1397721864117
1446737-	29		30	Thu Mar 06 09:29:52 +0800 2014			3685056478090855	3685056478090855				3685056478090855	0		#	40	<a href=" rel="nofollow">微博 weibo.com</a>	早餐：一时兴起打了全麦面团做了全麦肉松包，表面盖上芝士，挤了沙拉酱一起烤，品尝时再挤上番茄酱和芝士粉，自家做的面包吃起来有嚼劲，连放在手上掂量都是份量十足；用法芙娜可可粉加牛奶煮了热可可，冬日里就是需要这样一杯能量饮品，还有鸡蛋控少不了的炒蛋。照片做了不一样的感觉还好吗？[呵呵]			1515178230	00	0	1397721864117
1446738-	0		21	Tue Feb 26 16:49:37 +0800 2013			3549996471298797	3549996471298797				3549996471298797	0		#	0	<a href=" rel="nofollow">三星Galaxy SIII</a>	妹妹最近玩抓娃娃机非常牛逼，抓了一大堆刚才说送你个礼物，结果是只猪[哼]，你姐我有这么幼稚吗？[右哼哼]			1515178230	00	0	1397721864118
1446739-	0		10	Sun Sep 09 18:07:21 +0800 2012			3488410096151143	3488410096151143				3488410096151143	0		#	1	<a href=" rel="nofollow">S60客户端</a>	刚出炉的马花炸…不怕胖者专享…[哈哈][鼓掌]			1515178230	00	0	1397721864118
1446740-	1		5	Wed Jun 12 21:31:07 +0800 2013			3588480435202319	3588480435202319				3588480435202319	0			0	<a href=" rel="nofollow">微博 weibo.com</a>	这个也很赞好么，看着好好吃呀！！我的是清爽滋味，你这款是喷香浓郁。我喜欢！[亲亲]			1515178230	00	3588437234243443	1397721864118
1446741-	5		20	Thu Dec 05 16:18:58 +0800 2013			3652182144932310	3652182144932310				3652182144932310	0		#	3	<a href=" rel="nofollow">Android客户端</a>	等人[熊猫]星巴克三款圣诞款还是太妃榛果和我心意，最不合意的是津姜拿铁，没滋没味。PS对面的鼓浪屿好美[花心] 我在这里:			1515178230	00	0	1397721864119
1446742-	2		4	Fri Aug 16 09:17:03 +0800 2013			3611850908441358	3611850908441358				3611850908441358	0			0	<a href=" rel="nofollow">Android客户端</a>	那个大屁股[威武]			1515178230	00	3611846844239572	1397721864119
1446743-	1		14	Thu Sep 26 00:19:25 +0800 2013			3626573510585560	3626573510585560				3626573510585560	0		#	0	<a href=" rel="nofollow">Android客户端</a>	半夜看running man狂笑??，被妈咪抓个正着[汗][黑线]2012年韩佳人特辑??，烟雨姑娘真滴很美吖，明天把《拥抱太阳的月亮》再翻出来看?			1515178230	00	0	1397721864119
1446744-	4		17	Thu Feb 27 10:34:20 +0800 2014			3682535987166433	3682535987166433				3682535987166433	0			7	<a href=" rel="nofollow">三星Galaxy SIII</a>	么么哒，加油加油[爱你][爱你]			1515178230	00	3682200673824345	1397721864120
1446745-	8		9	Sun Jul 14 15:12:46 +0800 2013			3599981631679594	3599981631679594				3599981631679594	0			28	<a href=" rel="nofollow">微博 weibo.com</a>	其实我更想拿着这些钱盖希望小学，给孩子们吃饱穿暖。中国足球还是解散吧！！[鄙视]			1515178230	00	3599888736356541	1397721864120
1446746-	1		11	Sun Feb 10 12:40:26 +0800 2013			3544135555975082	3544135555975082				3544135555975082	0		#	1	<a href=" rel="nofollow">三星Galaxy SIII</a>	厦门南普陀盛况，在这里祝大家新年快乐啊[太开心] 我在这里:			1515178230	00	0	1397721864120
1446747-	0		8	Tue Dec 11 19:20:36 +0800 2012			3522130601625275	3522130601625275				3522130601625275	0			39	<a href=" rel="nofollow">微博 weibo.com</a>	哈哈哈哈哈哈哈[笑哈哈]			1515178230	00	3522070388241174	1397721864121
1446748-	6		10	Wed Mar 05 15:29:53 +0800 2014			3684784691621384	3684784691621384				3684784691621384	0		#	0	<a href=" rel="nofollow">微博 weibo.com</a>	下午茶小憩[心][咖啡]感谢妈咪友情出镜[偷笑]			1515178230	00	0	1397721864121
1446749-	0		4	Fri Oct 19 19:41:14 +0800 2012			3502929245565028	3502929245565028				3502929245565028	0			0	<a href=" rel="nofollow">微博 weibo.com</a>	[吃惊]吓到。。。感谢感谢！！@谷声图书echook @谷声图书婆婆丁			1515178230	00	3502927463408860	1397721864121
1446750-	0		5	Thu Oct 04 13:08:58 +0800 2012			3497394702569454	3497394702569454				3497394702569454	0		#	0	<a href=" rel="nofollow">S60客户端</a>	有多久没吃双层吉士了？[晕]板烧板烧也会烦！			1515178230	00	0	1397721864122
1446751-	4		9	Fri Nov 01 09:13:01 +0800 2013			3639753754432934	3639753754432934				3639753754432934	0		#	5	<a href=" rel="nofollow">新浪博客</a>	发表了博文 《【上海】在上海走走看看》 -  还上大学那会看过一部台湾的偶像剧，剧中的女主角总是喜欢带着DV出门，用DV影像记录生活，最后自己的爱好和记录真的剪辑出一条非常唯美的片子，也得到了跟随电影 			1515178230	00	0	1397721864122
1446752-	0		17	Sun Sep 30 18:43:32 +0800 2012			3496029351815285	3496029351815285				3496029351815285	0		#	4	<a href=" rel="nofollow">S60客户端</a>	厦门传统会饼…厦门传统博饼习俗必备…但是近几年都被洗发水…牙膏…面巾纸…沐浴露等淹没[偷笑]			1515178230	00	0	1397721864122
1446753-	0		3	Tue Dec 25 07:57:27 +0800 2012			3527032112138610	3527032112138610				3527032112138610	0			0	<a href=" rel="nofollow">三星Galaxy SIII</a>	谢谢阿土伯，大家圣诞快乐[爱你]			1515178230	00	3526900162584789	1397721864122
1446754-	4		4	Tue Jul 23 23:21:51 +0800 2013			3603366200188956	3603366200188956				3603366200188956	0			4	<a href=" rel="nofollow">Android客户端</a>	最有韵味的“最厦门”，是作为厦门孩子的我最喜欢的古早味，孩提时代在这里穿街走巷，嬉笑打闹，现在在大屏幕上看起来还是那样的亲切自然！！哎，现在才补课真是该打呢！！  [委屈][委屈]			1515178230	00	3598098582524518	1397721864123
1446755-	7		6	Thu Apr 04 14:53:39 +0800 2013			3563375638855864	3563375638855864				3563375638855864	0			9	<a href=" rel="nofollow">三星Galaxy SIII</a>	扯淡的洗脑文字，没有足够的休息怎么会有好身体，好精神，怎么能有清醒的头脑，充沛的体力来进行工作和生活？我们又不是大力水手吃个菠菜就活了！[黑线][弱]			1515178230	00	3563075229983436	1397721864123
1446756-	0		6	Fri Oct 05 10:00:29 +0800 2012			3497709661110915	3497709661110915				3497709661110915	0			9	<a href=" rel="nofollow">S60客户端</a>	可怜人啊！！！			1515178230	00	3496986601222352	1397721864123
1446757-	5		7	Sun Jan 19 22:38:50 +0800 2014			3668585186467391	3668585186467391				3668585186467391	0		#	0	<a href=" rel="nofollow">360安全浏览器</a>	大小朋友到这里都会HOLD不住的吧？[太开心]			1515178230	00	0	1397721864124
1446758-	3		0	Thu Jan 02 12:20:10 +0800 2014			3662268900395905	3662268900395905				3662268900395905	0			1	<a href=" rel="nofollow">三星Galaxy SIII</a>	2014，依旧在路上[haha]			1515178230	00	3662051152597067	1397721864124
1446759-	0		3	Tue Dec 11 16:12:09 +0800 2012			3522083184894753	3522083184894753				3522083184894753	0			0	<a href=" rel="nofollow">微访谈</a>	一般都在万能的淘宝搞定，进口的国产的应有尽有。如果要在厦门本地买，可以找本地的淘宝店，亦或者火车站旁边的盛辉厨具也有～			1515178230	00	3522064130942024	1397721864124
1446760-	1		21	Mon Jan 07 20:01:56 +0800 2013			3531925480680583	3531925480680583				3531925480680583	0		#	19	<a href=" rel="nofollow">三星Galaxy SIII</a>	晚餐在@老厦门本地菜 薄饼有家的味道，芋头煲最喜欢，破布子�仔鱼鲜美有一套。@涂涂同学 @祁燃之 @乔迈迈 @詹aa @菲菲中毒 @杨枫			1515178230	00	0	1397721864125
1446761-	1		25	Wed Sep 26 20:32:36 +0800 2012			3494607243634260	3494607243634260				3494607243634260	0			1	<a href=" rel="nofollow">S60客户端</a>	一直认为海峡出租是国有企业比较靠谱…平时拦车也更喜欢坐…结果刚才在轮渡被拒载[鄙视]…骗我前方不能转弯…无奈只好拦后面的坤驰…坤驰司机一脸不爽问我干嘛海峡不上…只好撒谎要让给前面等车的朋友…因为她今天累了一天了…让她先回家[汗]@周瑷玛			1515178230	00	0	1397721864125
1446762-	0		21	Sat Sep 29 22:30:22 +0800 2012			3495724052291130	3495724052291130				3495724052291130	0			1	<a href=" rel="nofollow">微博 weibo.com</a>	我娘说金志文唱的比关�好。但我还是期待平安能带来什么惊喜。。。依旧沉浸在《洋葱》里，真棒！			1515178230	00	0	1397721864125
1446763-	4		15	Fri Jan 17 20:37:10 +0800 2014			3667829796297669	3667829796297669				3667829796297669	0			15	<a href=" rel="nofollow">360安全浏览器</a>	烤箱38L算是现在的主流机型了，好多博友都在问我要买烤箱了，买什么烤箱，这台海氏的就不错啊，机型和容量都够靓，又是文大头代言，刚才点进去聚划算看了一下，还有一台榨汁机也在团购，想想要不要一起入了，榨汁机有800W，功率很不错，出汁率会比较高哦。先转发看人品如何，有需要烤箱的一起转起咯。			1515178230	00	3667739451087570	1397721864125
1446764-	0		11	Wed Nov 07 10:42:06 +0800 2012			3509678929344464	3509678929344464				3509678929344464	0			25	<a href=" rel="nofollow">三星Galaxy SIII</a>	连我都被迷倒啦！！！好帅气呀[花心]//@cttcady:这老爷爷出门是要迷倒多少老太太啊[哈哈]			1515178230	00	3502587477335953	1397721864126
1446765-	12		5	Sun Mar 23 22:39:43 +0800 2014			3691415844790433	3691415844790433				3691415844790433	0		#	1	<a href=" rel="nofollow">三星Galaxy SIII</a>	[熊猫]随便发一点先，手机拍的很少啦[嘻嘻]。			1515178230	00	0	1397721864126
1446766-	3		21	Mon Dec 31 12:36:03 +0800 2012			3529276546687203	3529276546687203				3529276546687203	0		#	2	<a href=" rel="nofollow">三星Galaxy SIII</a>	2012年的最后一餐午饭，茄子煲，水煮肉片，炒地瓜叶，四份瓦罐汤，四份饭，才56元，真心美味又好吃[花心]丫米[鼓掌][鼓掌][鼓掌]			1515178230	00	0	1397721864127
1446767-	4		9	Wed Feb 26 13:45:03 +0800 2014			3682221594070345	3682221594070345				3682221594070345	0			6	<a href=" rel="nofollow">三星Galaxy SIII</a>	看到图片好感慨啊，民国的时尚画报，居然还有时代周刊[吃惊]。。我第一次喝可口可乐好像是幼儿园，爸爸买的，当时还是玻璃瓶啊，五毛钱的，那个在当时觉得辣辣的味道还让我吐出来了，后味却是甜甜的，感觉很奇妙，接着就一发不可收拾[馋嘴]，孩子的童年里都少不了这个饮品啊[偷笑][偷笑]			1515178230	00	3681500580637226	1397721864127
1446768-	1		4	Tue Feb 26 20:37:14 +0800 2013			3550053752814024	3550053752814024				3550053752814024	0			7	<a href=" rel="nofollow">微博 weibo.com</a>	Just so cool[good]			1515178230	00	3549975759631757	1397721864127
1446769-	0		4	Wed Jun 12 21:53:53 +0800 2013			3588486164441851	3588486164441851				3588486164441851	0			3	<a href=" rel="nofollow">微博 weibo.com</a>	看看这拉丝的，好软的面包！！[哈哈][鼓掌][赞]			1515178230	00	3588481538635911	1397721864128
1446770-	0		3	Sat Sep 22 20:37:33 +0800 2012			3493158945887238	3493158945887238				3493158945887238	0			11	<a href=" rel="nofollow">微博 weibo.com</a>	帮转缉凶！[怒]			1515178230	00	3493104637982277	1397721864128
1446771-	0		5	Thu Nov 15 15:13:20 +0800 2012			3512646295110314	3512646295110314				3512646295110314	0			5	<a href=" rel="nofollow">三星Galaxy SIII</a>	赞哦！全套！给力！！！@谷声图书echook			1515178230	00	3512642159547720	1397721864128
1446772-	0		15	Sat Nov 24 18:19:35 +0800 2012			3515954653234969	3515954653234969				3515954653234969	0		#	2	<a href=" rel="nofollow">三星Galaxy SIII</a>	射手座生日嗨趴即将开始，重头戏先上，晚上我准备继续耍流氓，你们喝，高兴就好，我继续热茶[哈哈][哈哈][哈哈]。@芒果餐厅 @海鲜大叔 @xmrick @牯岭街少年 @小仕子 @玛攸拉 @厦门野牛 @想胖的老猫 @漂流在闽粤之间 @闻香识包子 @宴遇吴嵘			1515178230	00	0	1397721864128
1446773-	0		2	Thu Apr 04 23:08:43 +0800 2013			3563500225727539	3563500225727539				3563500225727539	0			8	<a href=" rel="nofollow">微博 weibo.com</a>	[耶]收到～～//@菜菜的食摄空间: 厦门的转起来@凌�� [嘻嘻][嘻嘻][嘻嘻]谢谢警察蜀黍[咖啡]			1515178230	00	3563098889406031	1397721864129
1446774-	18		286	Mon Jan 13 20:30:50 +0800 2014			3666378647069004	3666378647069004				3666378647069004	0		#	259	<a href=" rel="nofollow">360安全浏览器</a>	经常收到博友询问，买面包机主要就是揉面，亲们也是这样的咩？同时拥有面包机和烤箱的小伙伴们来聊聊吧，如果某一天，有一款烤箱有了揉面和发面的功能，你们觉得肿么样捏？小伙伴们可以转发此条微博聊聊你们的看法，��会在1月26日抽出5位朋友每人获得2个笑脸厨具，小小新春礼物期待大家参与[太开心]			1515178230	00	0	1397721864129
1446775-	0		8	Mon Apr 08 09:20:52 +0800 2013			3564741442292896	3564741442292896				3564741442292896	0		#	1	<a href=" rel="nofollow">三星Galaxy SIII</a>	Today is busy day[泪]Morning ka~			1515178230	00	0	1397721864129
1446776-	15		20	Sat Apr 05 22:40:39 +0800 2014			3696127121487018	3696127121487018				3696127121487018	0		#	0	<a href=" rel="nofollow">三星Galaxy SIII</a>	美女儿和沙茶火锅儿[害羞][害羞]深夜拉仇恨[偷笑]			1515178230	00	0	1397721864130
1446777-	0		5	Sun Jan 13 15:13:54 +0800 2013			3534027321575360	3534027321575360				3534027321575360	0			6	<a href=" rel="nofollow">三星Galaxy SIII</a>	[汗][汗][汗]师傅，这个真心雷到我了。。。。			1515178230	00	3534021915205305	1397721864130
1446778-	4		17	Thu Feb 27 10:34:20 +0800 2014			3682535987166433	3682535987166433				3682535987166433	0			7	<a href=" rel="nofollow">三星Galaxy SIII</a>	么么哒，加油加油[爱你][爱你]			1515178230	00	3682200673824345	1397721864130
1446779-	2		14	Fri Aug 30 18:55:15 +0800 2013			3617069842612050	3617069842612050				3617069842612050	0			6	<a href=" rel="nofollow">360安全浏览器</a>	[得意地笑]凌��同鞋从来不乱推荐，推荐的东西都是自己用过好用哒，以后你要多多用它，多做好吃哒面包哦～！[爱你]			1515178230	00	3617056836929987	1397721864130
1446780-	0		3	Sun Oct 28 13:17:33 +0800 2012			3506094175139524	3506094175139524				3506094175139524	0			7	<a href=" rel="nofollow">S60客户端</a>	雨神！真相！宁波！[挖鼻屎]			1515178230	00	3460172963567822	1397721864131
1446781-	0		3	Wed Jun 19 16:31:38 +0800 2013			3590941783882483	3590941783882483				3590941783882483	0			1	<a href=" rel="nofollow">微博 weibo.com</a>	艾妈，下次有数儿了，包！得！放！下！！！[汗]			1515178230	00	3590940599673995	1397721864131
1446782-	7		15	Mon Jun 17 09:53:51 +0800 2013			3590116893443584	3590116893443584				3590116893443584	0		#	3	<a href=" rel="nofollow">Android客户端</a>	在南京西路凯司令门口给婆婆买了玉兰花，好香啊[爱你][爱你]。却佩服这样的老人，如此大年纪还自给自足。[good] 我在这里:			1515178230	00	0	1397721864131
1446783-	1		1	Sun Dec 16 16:33:29 +0800 2012			3523900485120935	3523900485120935				3523900485120935	0			0	<a href=" rel="nofollow">三星Galaxy SIII</a>	[哈哈][哈哈][哈哈]这个头，不错[鼓掌][鼓掌][鼓掌]			1515178230	00	3523899419500113	1397721864132
1446784-	0		12	Wed Dec 12 14:09:43 +0800 2012			3522414753126479	3522414753126479				3522414753126479	0			3	<a href=" rel="nofollow">三星Galaxy SIII</a>	回复@厦门-翼天:毁三观，无底线，无下限！[吐][吐][吐][吐] //@厦门-翼天:你这个还不算恶心！！！那天那个阿姨！！！干啊！！把几个小孩吃剩的掺在一起端给我！！天打雷劈啊！有没有！！都是碎碎的面条！我X！！！槟榔菜市场旁边的妙香扁食			1515178230	00	3522384198111997	1397721864132
1446785-	8		16	Fri Jan 10 07:33:44 +0800 2014			3665095920268885	3665095920268885				3665095920268885	0		#	5	<a href=" rel="nofollow">三星Galaxy SIII</a>	昨天的迪士尼真心太好玩了，灰熊山谷急速矿车，类似过山车，山洞内有吼叫摇摆起来栩栩如生的灰熊；玩具伞兵跳降伞升起至高空可远眺整个迪士尼，可是我只敢咪咪眼偷看几下，但是首次坐也佩服自己的勇气了?。狮子王庆典大气恢弘，适宜带小朋友观看学习[太开心] 我在这里:			1515178230	00	0	1397721864132
1446786-	4		3	Thu Aug 08 15:44:17 +0800 2013			3609049256007621	3609049256007621				3609049256007621	0			6	<a href=" rel="nofollow">Android客户端</a>	我很爱很爱的，简单得不得了的，好吃的芒果冰淇淋奶昔，快点玩儿起来??			1515178230	00	3608315907456916	1397721864132
1446787-	8		4	Wed Apr 02 09:00:49 +0800 2014			3694833639700876	3694833639700876				3694833639700876	0		#	8	<a href=" rel="nofollow">新浪博客</a>	成语常用“大快朵颐”形容非常快活享受口福之乐，食物鲜美可口，大抵是鼓起腮颊大嚼特嚼，什么绅士风度、淑女气质，当然是抛在脑后的。在永康牛肉面，我觉得用“大块”朵颐也能真实描述一二。《【台北】“大块”朵颐永康牛肉面，时尚动感西门町》  (来自 @头条博客) @新浪美食  			1515178230	00	0	1397721864133
1446788-	0		7	Sun May 12 12:53:29 +0800 2013			3577116144637951	3577116144637951				3577116144637951	0			6	<a href=" rel="nofollow">微博 weibo.com</a>	当年烤八百米的时候真是悲壮又鸡冻，鸡冻到烤前一个礼拜就睡不着了，烤的当天浑身哆嗦啊，各种歪七扭八，举步为艰，踉踉跄跄，面色苍白，好不容易到了重点真有种想屎的感觉，这辈子真的超级痛恨八百米！！！[怒骂][怒][怒]			1515178230	00	3576680050535427	1397721864133
1446789-	1		9	Fri Jun 21 15:14:22 +0800 2013			3591647113373087	3591647113373087				3591647113373087	0			8	<a href=" rel="nofollow">微博 weibo.com</a>	怎么会这样，一条命就在众目睽睽下没了？简直荒谬！海上走不了可以飞机啊，有什么比命更重要？真是奇葩！[抓狂] //@君王也:水库泄洪难道不去查看河床、河道两边的情况？？			1515178230	00	3591618051301429	1397721864133
1446790-	9		10	Fri Feb 14 18:49:04 +0800 2014			3677949448606500	3677949448606500				3677949448606500	0		#	2	<a href=" rel="nofollow">三星Galaxy SIII</a>	好怀念这口热乎的花生汤，中山路思北附近这家大同花生汤店很好吃，比隔壁的思北花生汤浓郁，但是隔壁的韭菜盒比大同的好吃，所以你们懂的[偷笑]。店主女儿刚才问妈妈:麻，你爱我吗？爱我就吃掉这颗榴莲糖来证明你爱我[害羞]，这个梗适合我来逗我妈，收了[阴险][阴险]			1515178230	00	0	1397721864133
1446791-	2		26	Tue Dec 31 10:23:34 +0800 2013			3661514790393496	3661514790393496				3661514790393496	0			0	<a href=" rel="nofollow">360安全浏览器</a>	万能的微博啊，请告诉我香港机场有木有Fresh专柜捏？[疑问]			1515178230	00	0	1397721864134
1446792-	0		1	Sun Apr 21 15:47:59 +0800 2013			3569549913927490	3569549913927490				3569549913927490	0			4	<a href=" rel="nofollow">三星Galaxy SIII</a>	厦门与雅安同在[握手][心]			1515178230	00	3569448725807372	1397721864144
1446793-	6		23	Fri Feb 07 11:38:13 +0800 2014			3675304311045234	3675304311045234				3675304311045234	0		#	101	<a href=" rel="nofollow">优酷网连接分享</a>	2014年，仿佛自己的幸运就是从香港迪士尼乐园开始的。虽然自己没有这只红色的米奇快乐气球，但是当你踏进迪士尼大门的那一秒，你就能感受到这个欢乐浪漫的地方所独有的魅力。新年开始了，可以去香港迪士尼乐园犒劳自己一下哦。  			1515178230	00	0	1397721864145
1446794-	1		47	Wed Mar 26 19:30:32 +0800 2014			3692455411122828	3692455411122828				3692455411122828	0		#	215	<a href=" rel="nofollow">味好美番茄故乡之旅</a>	#挤一挤就美味・味好美番茄故乡之旅#我上传了番茄沙司私房菜谱茄汁鸡排厚多士，希望能够赢取【味好美番茄故乡新疆之旅】咯。@椰子澳洲海带甜品控@幸福米米鱼@mickey-hui 你也一起来参加吧！			1515178230	00	0	1397721864145
1446795-	0		0	Wed Oct 17 14:06:55 +0800 2012			3502120328159092	3502120328159092				3502120328159092	0			1	<a href=" rel="nofollow">S60客户端</a>	支持菊姐！//@依人淡如菊: @牯岭街少年 @凌�� @厦门晚报美食周刊 @xmrick 厦门也开始出售福州美食私人地图啦			1515178230	00	3502111050854330	1397721864146
1446796-	1		15	Sat Mar 09 18:52:16 +0800 2013			3554013603345934	3554013603345934				3554013603345934	0		#	0	<a href=" rel="nofollow">三星Galaxy SIII</a>	大厨都还在做饭，这人已经默默坐在餐桌前倒酒了[汗][汗][汗]@牯岭街少年 肿么可以酱紫呢？[鄙视][鄙视][鄙视]@想胖的老猫 @xmrick @珠峰野人 @海鲜大叔 @小企9999			1515178230	00	0	1397721864146
1446797-	0		7	Thu Oct 25 10:40:23 +0800 2012			3504967459272619	3504967459272619				3504967459272619	0			0	<a href=" rel="nofollow">S60客户端</a>	介丫头真是搞怪小恶魔[哈哈]			1515178230	00	3504958219736409	1397721864147
1446798-	0		0	Tue Dec 11 15:20:19 +0800 2012			3522070140750179	3522070140750179				3522070140750179	0			1	<a href=" rel="nofollow">微访谈</a>	酱油水系列（酱油水鱼、虾、蛏等等）、清蒸系列，还有炸丝丁鱼、干煎鱼神马的，有些大排档还有自家必点菜，比如双伟大排档有炸鱼卵，大黄鱼干炒鸡蛋。阿妹大排档有清蒸海瓜子。阿毅大排档的海蛎炸很好吃。最方便的点菜方式是让排档老板推荐，不过要小心被坑。			1515178230	00	3522043276527755	1397721864147
1446799-	0		3	Wed Apr 24 21:27:43 +0800 2013			3570722569541386	3570722569541386				3570722569541386	0			1	<a href=" rel="nofollow">微博 weibo.com</a>	今天开奖开晚了，抱歉哈，今天中奖的二位同鞋是@小朵天空 和@厦门的阿牛 [哈哈]			1515178230	00	3567327008453795	1397721864147
1446800-	2		12	Fri Jun 28 15:07:20 +0800 2013			3594182055119873	3594182055119873				3594182055119873	0			10	<a href=" rel="nofollow">专业版微博</a>	[嘻嘻]下午茶时间放毒～黑布郎果酱烤芝士～			1515178230	00	3594107257337528	1397721864148
1446801-	0		4	Fri Sep 28 15:30:35 +0800 2012			3495256014416150	3495256014416150				3495256014416150	0			0	<a href=" rel="nofollow">S60客户端</a>	[可怜][可怜][可怜]一定要注意安全！！！			1515178230	00	3495249248275349	1397721864148
1446802-	1		13	Tue Aug 13 14:29:48 +0800 2013			3610842450989558	3610842450989558				3610842450989558	0		#	0	<a href=" rel="nofollow">Android客户端</a>	跟老妈来星巴克避暑一下[嘻嘻]，点了特浓拿铁终于有咖啡味了[汗]。老妈不喝星冰乐，只好点抹茶拿铁[害羞]，想蹭一口的希望破灭[哼] 我在这里:			1515178230	00	0	1397721864148
1446803-	4		2	Fri Oct 18 09:56:39 +0800 2013			3634691305078701	3634691305078701				3634691305078701	0			38	<a href=" rel="nofollow">360安全浏览器</a>	好温暖的调调，收起来看～[心]//@谷声图书echook: 好剧推荐！			1515178230	00	3634589895134048	1397721864149
1446804-	7		9	Sun Oct 20 08:35:10 +0800 2013			3635395574855246	3635395574855246				3635395574855246	0			0	<a href=" rel="nofollow">Android客户端</a>	好希望民律不只是兄弟专辑才出来，希望他是固定成员[爱你][爱你]老小最可爱[鼓掌]@幸福米米鱼			1515178230	00	3634881894635920	1397721864149
1446805-	0		0	Mon Oct 22 10:06:14 +0800 2012			3503871701611682	3503871701611682				3503871701611682	0			0	<a href=" rel="nofollow">S60客户端</a>	最近正在用…想一起体验的看过来！[哈哈]			1515178230	00	3503870179334069	1397721864149
1446806-	0		10	Fri Dec 07 22:30:35 +0800 2012			3520728861378311	3520728861378311				3520728861378311	0			2	<a href=" rel="nofollow">三星Galaxy SIII</a>	的士闽DT1930拒载，黄色应该是坤驰吧？找谁投诉？求帮忙艾特一下相关投诉微博吧[怒]@新浪厦门 我在:			1515178230	00	0	1397721864150
1446807-	2		6	Sat Jun 08 18:03:10 +0800 2013			3586978543169786	3586978543169786				3586978543169786	0			46	<a href=" rel="nofollow">Android客户端</a>	[泪][泪][泪]可怜的娃。。。//@艾薇Vi:找奶妈……大家帮帮忙！可怜的孩子……			1515178230	00	3586963464110521	1397721864150
1446808-	0		3	Sat Sep 01 18:17:17 +0800 2012			3485513493126925	3485513493126925				3485513493126925	0			4	<a href=" rel="nofollow">微博 weibo.com</a>	千刀万剐，凌迟处死！！！[怒]//@木大仙: 这种人应该直接毙了[怒]			1515178230	00	3485508561095375	1397721864150
1446809-	0		11	Thu Mar 07 20:42:19 +0800 2013			3553316526662853	3553316526662853				3553316526662853	0			10	<a href=" rel="nofollow">微博 weibo.com</a>	这款还不错用，正好有团购，推荐给想要面包机的盆友。[得意地笑]			1515178230	00	3553212243758147	1397721864150
1446810-	0		23	Thu Oct 04 13:39:00 +0800 2012			3497402260549403	3497402260549403				3497402260549403	0		#	2	<a href=" rel="nofollow">S60客户端</a>	有时候…我特意坐上弯曲绕路的公车线路…穿梭在厦门传统老街市内…免费观赏沿街的老风情！[爱你]			1515178230	00	0	1397721864151
1446811-	11		68	Thu Jul 04 06:30:25 +0800 2013			3596226290835194	3596226290835194				3596226290835194	0		#	13	<a href=" rel="nofollow">360安全浏览器</a>	早上五点半就起了，无聊拿相机拍了昨晚的老式面包，这个配方真是很棒，超软超好吃[可怜]，搭配吐司的抹酱是从很小的时候就吃过的古早味椰子酱，在万能的淘宝找到的，不值钱的东西，但是相当有怀旧的味道，这样一顿怀旧味十足的早餐真适合我这老年人[哈哈][笑哈哈]#早安，早餐#@爱和自由1 @��小�			1515178230	00	0	1397721864151
1446812-	8		4	Fri Nov 22 19:47:56 +0800 2013			3647523690590755	3647523690590755				3647523690590755	0		#	1	<a href=" rel="nofollow">Android客户端</a>	[偷笑][偷笑]@宴遇吴嵘 被我黑了。。。其实这是盐�梭子鱼[哈哈][哈哈]，很有新意的梭子鱼里还用九层塔和枸杞包着增香，非常有想法[good] 我在这里:			1515178230	00	0	1397721864151
1446813-	0		43	Thu Oct 18 12:02:45 +0800 2012			3502451472502160	3502451472502160				3502451472502160	0		#	0	<a href=" rel="nofollow">S60客户端</a>	咱家中午吃饺子[花心]…自己擀的皮够Q不烂…皮薄大馅是王道！你们吃啥？[哈哈]			1515178230	00	0	1397721864151
1446814-	1		6	Tue Feb 05 18:20:57 +0800 2013			3542409311171333	3542409311171333				3542409311171333	0		#	1	<a href=" rel="nofollow">三星Galaxy SIII</a>	东渡堵车，司机都往海的半山公路走，看来也是行不通了[黑线][黑线]，行进速度比步行还慢。[嘻嘻] 我在:			1515178230	00	0	1397721864152
1446815-	3		8	Tue Jul 23 07:11:25 +0800 2013			3603121982889827	3603121982889827				3603121982889827	0		#	19	<a href=" rel="nofollow">新浪博客</a>	参与新浪美食感恩季获了个“阳光参与奖”，领导们给寄来了大礼包，一看到黄飞红花生立马就馋了宫保鸡丁，这是个什么状况，好吧，那就宫保鸡丁走起！由嫩滑鸡肉、脆香花生、鲜香辣椒和多重呛锅小料等复合风味交织而成的宫保鸡丁，真是好吃极了。  (来自 @头条博客) -    @新浪美食			1515178230	00	0	1397721864152
1446816-	6		4	Fri Dec 27 12:39:05 +0800 2013			3660099329887795	3660099329887795				3660099329887795	0		#	6	<a href=" rel="nofollow">三星Galaxy SIII</a>	在夫子庙的玉荷塘补充能量，在这里有很多传统南京小吃，鸭血粉丝汤和鸭脖子都好正！！桂花糯米藕我也超爱[爱你]#我和小布逛南京#@南京发布 @南京市旅游委员会 @南京周末 我在这里:			1515178230	00	0	1397721864152
1446817-	16		20	Wed Feb 05 21:28:01 +0800 2014			3674727958300516	3674727958300516				3674727958300516	0		#	24	<a href=" rel="nofollow">三星Galaxy SIII</a>	中山路局口街街尾的这家“广州美食”也算厦门老字号了，中午怀念煲仔饭跑来吃吃，米饭做得颗粒分明，油润飘香，煲仔底部的锅巴吃得我回味无穷，但是叉烧的味道比较一般，哎。。。[委屈]			1515178230	00	0	1397721864152
1446818-	7		15	Sun Feb 23 19:59:43 +0800 2014			3681228718441993	3681228718441993				3681228718441993	0			4	<a href=" rel="nofollow">360安全浏览器</a>	这样简单的装饰也很美啊，谢谢亲喜欢[亲亲]			1515178230	00	3681217994258212	1397721864153
1446819-	5		2	Sun Jul 21 11:21:51 +0800 2013			3602460226352685	3602460226352685				3602460226352685	0			7	<a href=" rel="nofollow">Android客户端</a>	蛋白要打发必须用干净的盆，无油无水，蛋清必须干净不能有蛋黄，蛋清打发要充分，坚挺中有柔软度，同蛋黄翻拌的时候手法要轻快，不然容易消泡。			1515178230	00	3602459295771576	1397721864153
1446820-	8		33	Thu Jun 13 14:58:55 +0800 2013			3588744114389371	3588744114389371				3588744114389371	0		#	3	<a href=" rel="nofollow">Android客户端</a>	最萌的法师，真的好nice，我是粉丝丫粉丝！我和@延参法师 拍照啦[鼓掌][鼓掌]。谢谢@新浪重庆 组织的活动呀[太开心][太开心]			1515178230	00	0	1397721864153
1446821-	6		4	Sat Sep 21 12:55:15 +0800 2013			3624951778896468	3624951778896468				3624951778896468	0			1	<a href=" rel="nofollow">360安全浏览器</a>	[偷笑]俊儿@幸福米米鱼 @刘大神家的陈小妞			1515178230	00	3624950503949049	1397721864154
1446822-	0		0	Thu May 23 08:07:17 +0800 2013			3581030382265404	3581030382265404				3581030382265404	0			2	<a href=" rel="nofollow">专业版微博</a>	杂货铺租金一万五，明显就是要赶走店家重新把店面租出去，金钱面前，人都不蛋腚了！[不要][不要][不要]			1515178230	00	3580713402522232	1397721864154
1446823-	0		8	Fri Jun 14 20:44:29 +0800 2013			3589193471215716	3589193471215716				3589193471215716	0		#	2	<a href=" rel="nofollow">Android客户端</a>	#做一回重庆人#夜晚，重庆人民广场，男男女女们的舞蹈盛会。各自踩着节拍欢快的跳着。即便放着同一首舞曲，都可以整齐划分出三个方队各自跳着不同的舞蹈，你们是要有多牛逼[衰][衰][衰]@新鲜旅厦门 @重庆旅游 @新浪重庆			1515178230	00	0	1397721864154
1446824-	2		1	Wed Jun 19 10:15:20 +0800 2013			3590847079534258	3590847079534258				3590847079534258	0			3	<a href=" rel="nofollow">微博 weibo.com</a>	这编辑不懂什么叫上下半场么？倒一边有个毛线用。[黑线] //@椰子澳洲海带go:漏斗状 是要闹哪样啊！ //@乱室佳喵:点赞！！这个建议太给力，让其他所有的国足赢球探讨都相形见绌了~~~~！！			1515178230	00	3590840997742826	1397721864154
1446825-	1		49	Sun Jun 09 10:50:24 +0800 2013			3587232025681896	3587232025681896				3587232025681896	0			6	<a href=" rel="nofollow">微博 weibo.com</a>	刚打电话得知，厦门的出租车预约服务虽然不收费，但却不一定叫得到车，有登记还要看师傅愿意不愿意来，师傅愿意来会自己打电话来与客户沟通约时间，不愿意就没办法，那么，请问这样的预约服务有何意义？另：求博友推荐自己认识的出租车师傅给我吧，下礼拜要赶早班飞机，没有预约心里没底[泪]@新浪厦门			1515178230	00	0	1397721864155
1446826-	9		10	Fri Feb 14 18:49:04 +0800 2014			3677949448606500	3677949448606500				3677949448606500	0		#	2	<a href=" rel="nofollow">三星Galaxy SIII</a>	好怀念这口热乎的花生汤，中山路思北附近这家大同花生汤店很好吃，比隔壁的思北花生汤浓郁，但是隔壁的韭菜盒比大同的好吃，所以你们懂的[偷笑]。店主女儿刚才问妈妈:麻，你爱我吗？爱我就吃掉这颗榴莲糖来证明你爱我[害羞]，这个梗适合我来逗我妈，收了[阴险][阴险]			1515178230	00	0	1397721864155
1446827-	0		6	Fri Jul 05 15:24:28 +0800 2013			3596723073001036	3596723073001036				3596723073001036	0			4	<a href=" rel="nofollow">关联博客</a>	上海滩朝圣之旅，柴田西点 			1515178230	00	0	1397721864155
1446828-	1		4	Thu May 30 00:00:42 +0800 2013			3583444640498132	3583444640498132				3583444640498132	0			12	<a href=" rel="nofollow">三星Galaxy SIII</a>	正能量mark！[兔子]			1515178230	00	3583441910390550	1397721864156
1446829-	3		5	Thu Mar 13 22:42:58 +0800 2014			3687792783593305	3687792783593305				3687792783593305	0			2	<a href=" rel="nofollow">iPad客户端</a>	哎呦，恭喜入坑[威武][偷笑][偷笑]			1515178230	00	3687651909576726	1397721864156
1446830-	1		1313	Fri Nov 15 15:58:28 +0800 2013			3644929224243013	3644929224243013				3644929224243013	0		#	4450	<a href=" rel="nofollow">Android客户端</a>	#新冰箱竟然没有蒸发器和出风口#昨天中午正好得空，想说趁着这个时间看看新冰箱和新电视。结果在卖场的海尔社区店看到这台新冰箱冷冻室光溜溜的，竟然没有蒸发器和出风口，这太奇怪了！不禁怀疑这样的冰箱是怎么冷冻食品的，能不能用啊？ [晕]			1515178230	00	0	1397721864157
1446831-	13		28	Tue Jan 14 09:44:03 +0800 2014			3666578271324106	3666578271324106				3666578271324106	0		#	2	<a href=" rel="nofollow">新浪博客</a>	2014年开年，我飞到了香港迪士尼，在这里的二天一夜，我突然觉得童真竟是如此宝贵，是深藏在你内心深处，只是未被激发罢了，本篇迪士尼将有刺激的娱乐体验、迷幻俏皮的迷离庄园，还有绚烂夺目的烟花表演，让你在一篇博文里感受不一样的迪士尼。分享自凌��  (来自 @头条博客) -  			1515178230	00	0	1397721864157
1446832-	0		39	Mon Sep 17 09:42:16 +0800 2012			3491182090644014	3491182090644014				3491182090644014	0			0	<a href=" rel="nofollow">微博 weibo.com</a>	因为喜欢崔智友，所以找了她拍过的电视电影来看，《天国的阶梯》没有看过，MS又是悲剧哦？二号女主角总是这么坏，总想抽她几巴掌。[怒]			1515178230	00	0	1397721864158
1446833-	2		7	Thu Aug 29 08:30:20 +0800 2013			3616550185215535	3616550185215535				3616550185215535	0			1	<a href=" rel="nofollow">360安全浏览器</a>	顶盖是好事～！我的也顶盖，巴不得他顶盖，哈哈哈哈哈哈。这个配方就是一个面包机的容量，如果你不要顶盖就把配方缩一下比例就成了。			1515178230	00	3616066943139359	1397721864158
1446834-	6		4	Sat Dec 21 20:11:52 +0800 2013			3658038948482172	3658038948482172				3658038948482172	0		#	1	<a href=" rel="nofollow">360安全浏览器</a>	用相机记录旅行的美好是件最幸福的事[亲亲]			1515178230	00	0	1397721864159
1446835-	2		12	Mon Sep 03 16:32:41 +0800 2012			3486211953701545	3486211953701545				3486211953701545	0			2	<a href=" rel="nofollow">S60客户端</a>	[花心][花心]饿………………这个问题…我也挺纠结…			1515178230	00	3486211685976032	1397721864159
1446836-	0		27	Mon Nov 26 20:44:20 +0800 2012			3516715860205648	3516715860205648				3516715860205648	0		#	3	<a href=" rel="nofollow">三星Galaxy SIII</a>	买咖啡的时候又顺了几包这个，越南的椰子酥，味道还可以，当零食随便吃吃。			1515178230	00	0	1397721864159
1446837-	24		29	Sat Mar 15 21:38:24 +0800 2014			3688501310905337	3688501310905337				3688501310905337	0		#	0	<a href=" rel="nofollow">三星Galaxy SIII</a>	西门町，西门红楼感受文创和时尚?，照片多在相机里，手机照片好少。西门町给一个坐轮椅的老伯伯买了玉兰花，好香好香，今天一天都挂在手上，花美花香心情好。在康是美买了澳洲纯天然唇膏，买2送1，398NT，店长推荐的，他对我会说台语感到惊奇，因为我厦门来的啊?，在台湾讲闽南语好爽??。			1515178230	00	0	1397721864159
1446838-	1		2	Fri Jun 21 17:15:11 +0800 2013			3591677509579289	3591677509579289				3591677509579289	0			0	<a href=" rel="nofollow">关联博客</a>	火辣辣的山城，火辣辣的大火锅 			1515178230	00	0	1397721864160
1446839-	0		4	Wed Nov 21 12:11:22 +0800 2012			3514774824751773	3514774824751773				3514774824751773	0			1	<a href=" rel="nofollow">三星Galaxy SIII</a>	咔咔，不知道有木有运气中一个来玩玩儿[花心]			1515178230	00	3514039692563217	1397721864160
1446840-	0		11	Wed Oct 24 21:03:09 +0800 2012			3504761791670746	3504761791670746				3504761791670746	0			1	<a href=" rel="nofollow">S60客户端</a>	各种爱…各种鲜美…现在摸着肚皮半躺消食之…巴掌大斑节虾…加了鱼饺的真鲷鱼汤…马蛟鱼面…三斤重清蒸黄翅鱼…很满足[花心][鼓掌]			1515178230	00	3504760273803884	1397721864160
1446841-	3		23	Thu Apr 04 13:38:55 +0800 2013			3563356835545694	3563356835545694				3563356835545694	0		#	4	<a href=" rel="nofollow">三星Galaxy SIII</a>	沧桑的转盘[汗]			1515178230	00	0	1397721864161
1446842-	3		1	Sun Nov 24 12:41:03 +0800 2013			3648141025133259	3648141025133259				3648141025133259	0			0	<a href=" rel="nofollow">Android客户端</a>	宝贝居然懂得鲜嫩多汁[威武]			1515178230	00	3647820827283160	1397721864161
1446843-	0		2	Tue Dec 11 16:00:52 +0800 2012			3522080345315684	3522080345315684				3522080345315684	0			0	<a href=" rel="nofollow">微访谈</a>	我比较害怕自己推荐的店家被挤爆以后水平下降。。。[泪]			1515178230	00	3522077741153587	1397721864161
1446844-	3		1	Tue Aug 06 20:49:03 +0800 2013			3608401173262675	3608401173262675				3608401173262675	0		#	2	<a href=" rel="nofollow">Android客户端</a>	#k1664星级法国愉悦派对#香港明星官恩娜也来参加派对，本人很漂亮！[good] 我在:			1515178230	00	0	1397721864161
1446845-	1		41	Mon Sep 03 15:21:02 +0800 2012			3486193914249970	3486193914249970				3486193914249970	0		#	5	<a href=" rel="nofollow">S60客户端</a>	[害羞]纯得瑟…			1515178230	00	0	1397721864162
1446846-	7		6	Sat Oct 26 20:13:11 +0800 2013			3637745568218214	3637745568218214				3637745568218214	0		#	2	<a href=" rel="nofollow">Android客户端</a>	@照强海鲜 的海蛎煎今天点了两盘[汗]大家都说好吃。。。还要第三盘估计店里也没海蛎了吧，生意太好了啦[抓狂][左哼哼]			1515178230	00	0	1397721864162
1446847-	9		6	Sun Apr 13 22:11:42 +0800 2014			3699018938510105	3699018938510105				3699018938510105	0			3	<a href=" rel="nofollow">iPad客户端</a>	[馋嘴]开心死我了啦[威武][威武][爱你][爱你][爱你]			1515178230	00	3699011590936415	1397721864162
1446848-	0		5	Tue May 14 12:17:25 +0800 2013			3577831839928617	3577831839928617				3577831839928617	0			2	<a href=" rel="nofollow">三星Galaxy SIII</a>	[哈哈][哈哈][哈哈]给力外图，给力@谷声图书echook @谷声图书柳帆 @谷声图书婆婆丁 [偷笑]			1515178230	00	3577819748004378	1397721864162
1446849-	1		14	Thu Apr 18 21:54:25 +0800 2013			3568554957469288	3568554957469288				3568554957469288	0			23	<a href=" rel="nofollow">微博 weibo.com</a>	太可怜了，谁是AB血的请帮忙啊！！！！@新浪厦门			1515178230	00	3568540592687530	1397721864163
1446850-	14		33	Wed Mar 12 23:36:29 +0800 2014			3687443863188130	3687443863188130				3687443863188130	0		#	28	<a href=" rel="nofollow">iPad客户端</a>	小鱼神卡到手，今天和闺蜜又吃饭又shopping好开心[偷笑]，表妹靓点餐厅今天凭小鱼专属金卡吃饭菜金5折巨划算，不深夜放毒对不起吃货们啊[偷笑][偷笑]@厦门美食在热推 @李糟了 @Vince的齐幻世界 			1515178230	00	0	1397721864163
1446851-	7		12	Mon Dec 23 15:49:33 +0800 2013			3658697718747079	3658697718747079				3658697718747079	0		#	11	<a href=" rel="nofollow">360安全浏览器</a>	周六带老妈到万达逛，发现万达金街越来越热闹了，吃的好多，正好看到微博上很火的正誉米粉，于是来尝尝，我最近不能吃辣点了清炖牛肉粉，汤头清淡却有滋味，米粉真的很正宗，而且份量好大，我一个人没吃完。老妈的是红烧牛肉粉，我偷吃了一口味道也不错，另外要推荐一下他们的卤豆干，6块钱真的超值。			1515178230	00	0	1397721864163
1446852-	0		1	Wed May 08 17:45:18 +0800 2013			3575740031077132	3575740031077132				3575740031077132	0			9	<a href=" rel="nofollow">三星Galaxy SIII</a>	真心给天涯技术党跪了[甩甩手]//@一毛不拔大师:教主老刑警创造力都有限，故事原创都得靠铊哥。[嘻嘻]不给水军刷评论找存在感的机会，只能帮转捐款信息@帮助朱令 网银：中国银行(北京市丰台区方庄支行) 6216610100009054160 开户名：朱明新。支付宝： helpzl@163.com [转发]			1515178230	00	3575354905758775	1397721864163
1446853-	0		24	Mon Dec 24 20:32:11 +0800 2012			3526859658918502	3526859658918502				3526859658918502	0		#	12	<a href=" rel="nofollow">三星Galaxy SIII</a>	平安夜美食，阿喃中西合璧家宴[花心]，卤肉，西式炖牛肉，奶酪烤土司，乳酪生菜。。。@Vince的齐幻世界 @大叔_Xiulung @chase困 @李糟了 好饱[抓狂]			1515178230	00	0	1397721864164
1446854-	2		20	Mon Oct 28 17:13:57 +0800 2013			3638425242963320	3638425242963320				3638425242963320	0			12	<a href=" rel="nofollow">Android客户端</a>	所以说，射手是垃圾婆么[汗][生病]			1515178230	00	3638422868770974	1397721864164
1446855-	6		49	Mon Jun 17 11:33:31 +0800 2013			3590141979644885	3590141979644885				3590141979644885	0		#	36	<a href=" rel="nofollow">Android客户端</a>	上海滩朝圣之旅@柴田西点Chez_Shibata 终于来了[爱你]。大爱柴田武先生，招牌女神真的入口即化，法芙娜72％巧克力慕斯柔滑润口不甜腻，偶有蹦出脆脆巧克力豆是提升口感的一笔。咸味泡芙顶部咸黄油绝不可缺，混合泡芙与焦糖馅料中合得恰到好处[花心]，要用心享受。 我在这里:			1515178230	00	0	1397721864165
1446856-	6		4	Tue Jan 21 09:07:19 +0800 2014			3669105741718439	3669105741718439				3669105741718439	0		#	5	<a href=" rel="nofollow">新浪博客</a>	离家的孩子有多想家里饭菜？最想吃的是哪一道？是爸爸做的红烧肉，还是妈妈做的清蒸鱼，亦或者简单如一道炒青菜都让你这一年念念不忘？家常菜的味道是爱，是温暖，是对家的眷念。。。分享自凌�� 《百家千宴：家常沙茶肉末豆腐》 (来自 @头条博客) -  			1515178230	00	0	1397721864165
1446857-	1		8	Thu Apr 18 21:41:20 +0800 2013			3568551661141293	3568551661141293				3568551661141293	0			32	<a href=" rel="nofollow">微博 weibo.com</a>	可以在他面前无所顾忌地打嗝、放屁、挖耳朵、流鼻涕[嘻嘻][嘻嘻]9494.			1515178230	00	3568551367505035	1397721864165
1446858-	3		10	Sat Jun 15 16:49:25 +0800 2013			3589496702985742	3589496702985742				3589496702985742	0		#	3	<a href=" rel="nofollow">Android客户端</a>	#做一回重庆人#太爽了[抓狂][抓狂]，怕个毛线恐高啊，看着摇晃又如何？在里面没事儿，完全没感觉！来重庆一定要坐坐长江索道哈[阴险][阴险]，一票5元！@新鲜旅厦门 @重庆旅游 @新浪重庆 我在这里:			1515178230	00	0	1397721864166
1446859-	13		16	Fri Jan 03 13:17:41 +0800 2014			3662645767082345	3662645767082345				3662645767082345	0		#	8	<a href=" rel="nofollow">三星Galaxy SIII</a>	西堤沿线的格桑花，让心情瞬间温暖起来，人在路上，行走的是心情！[鲜花]			1515178230	00	0	1397721864166
1446860-	1		5	Thu Feb 21 07:36:32 +0800 2013			3548045343777204	3548045343777204				3548045343777204	0		#	2	<a href=" rel="nofollow">新浪博客</a>	有风味的面包吃起来方才过瘾。除了焦糖风味的面包体，还有逛超市时无意中看到的“红枣红糖”，另外还有大量巧克力豆，三种重口味原料，和谐的造就了这款重口味面包，复合的香味让我不能自已。分享自凌��  《焦糖巧克力面包》(来自 @头条博客) -     @新浪美食			1515178230	00	0	1397721864167
1446861-	0		24	Mon Nov 12 16:15:49 +0800 2012			3511574851447285	3511574851447285				3511574851447285	0		#	1	<a href=" rel="nofollow">三星Galaxy SIII</a>	[嘻嘻]秀秀多啦A梦控的手机主题。#你的手机主题是神马#？			1515178230	00	0	1397721864167
1446862-	0		0	Sat Sep 29 21:46:19 +0800 2012			3495712958020994	3495712958020994				3495712958020994	0			3	<a href=" rel="nofollow">微博 weibo.com</a>	[挖鼻屎]公不了就私了。[带感]			1515178230	00	3495361191060217	1397721864168
1446863-	1		2	Fri Jun 14 11:08:40 +0800 2013			3589048566728892	3589048566728892				3589048566728892	0		#	1	<a href=" rel="nofollow">Android客户端</a>	#做一回重庆人#@长安福特 的车间的休息区不少，各有特色，车间内的心愿墙让人感受到人情味儿。@新浪重庆 @任_小妹			1515178230	00	0	1397721864168
1446864-	0		0	Thu Jun 09 13:42:56 +0800 2011			12021987304	12021987304				5616091403101252885	0			0	<a href=" rel="nofollow">微博 weibo.com</a>	//@刘松soso：转发微博。			2013001972	00	12011588876	1397721868741
1446865-	1		0	Fri Nov 29 22:48:41 +0800 2013			3650105883883447	3650105883883447				3650105883883447	0			0	<a href=" rel="nofollow">微博 weibo.com</a>	我最喜欢的绘本之一[呵呵]			2013001972	00	3649632556598430	1397721868761
1446866-	0		0	Fri May 04 06:48:05 +0800 2012			3441853506524684	3441853506524684				3441853506524684	0			0	<a href=" rel="nofollow">Android客户端</a>	好老师[嘻嘻]			2013001972	00	3441848989317196	1397721868762
1446867-	0		0	Mon Jun 20 13:20:45 +0800 2011			12670467485	12670467485				5620167623416096688	0			0	<a href=" rel="nofollow">微博 weibo.com</a>	说的好。低头走路，但也要抬头看路。			2013001972	00	12669920278	1397721868763
1446868-	0		0	Fri Nov 01 11:05:11 +0800 2013			3639781977977574	3639781977977574				3639781977977574	0			0	<a href=" rel="nofollow">微博 weibo.com</a>	这两本书绝对值的一看。 //@一年一山:先存着			2013001972	00	3639106007119039	1397721868764
1446869-	0		0	Fri Aug 09 10:44:12 +0800 2013			3609336120941103	3609336120941103				3609336120941103	0			0	<a href=" rel="nofollow">加网分享按钮</a>	这时候，我妈妈也提醒我，已经烧进去不少了，需要注意点儿，别烧得最后啥也没有了。但是他们相信我有翻盘的机会，我在他们眼里，一直是他们的骄傲，一直是能给他们创造奇迹的那种。#程序员正能量书《程序员，你伤不起》。真实得令人发指！幽默中透着傻气，现实中抱紧希望。#  			2013001972	00	0	1397721868764
1446870-	0		0	Tue May 15 06:22:42 +0800 2012			3445833389513080	3445833389513080				3445833389513080	0			0	<a href=" rel="nofollow">Android客户端</a>	要不要这么可爱[呵呵]			2013001972	00	3445216269081511	1397721868765
1446871-	0		0	Fri Nov 01 11:04:32 +0800 2013			3639781814380812	3639781814380812				3639781814380812	0			0	<a href=" rel="nofollow">微博 weibo.com</a>	下周就会预售，敬请关注。 //@施晓伟V5:上市了没？准备入手 //@图灵教育:如果转不动一个项目，何以转动一个公司！――这是真理。			2013001972	00	3639457452356327	1397721868766
1446872-	0		1	Thu Apr 11 15:59:34 +0800 2013			3565928941765823	3565928941765823				3565928941765823	0			0	<a href=" rel="nofollow">微博 weibo.com</a>	出版社编辑邀请您访问泰然 			2013001972	00	0	1397721868766
1446873-	0		0	Sun Mar 11 19:31:48 +0800 2012			3422476766263167	3422476766263167				3422476766263167	0			0	<a href=" rel="nofollow">Android客户端</a>	寓言。内涵。			2013001972	00	3420476057351901	1397721868767
1446874-	0		5	Wed May 30 07:13:02 +0800 2012			3451281870106984	3451281870106984				3451281870106984	0		#	4	<a href=" rel="nofollow">Android客户端</a>	昨天去西单图书大厦调查市场，为给一本书找作者，无意中翻看了这本《乔布斯和他的苹果王国》，结果把我给气着了，第一页上把simpson翻译成辛普森，转过来第二页上又写成了谢保。一开始我以为是两个人，后来发现这特么就是同一个人，这作者和编辑到底是把写书出书儿戏到何种地步才能犯下这样的错误？！			2013001972	00	0	1397721868768
1446875-	0		0	Fri May 18 08:16:42 +0800 2012			3446949238002659	3446949238002659				3446949238002659	0			0	<a href=" rel="nofollow">Android客户端</a>	下次做个实验,看看到底放冰箱里好还是不好。			2013001972	00	3446947572684681	1397721868768
1446876-	1		0	Tue Mar 19 10:59:18 +0800 2013			3557518456135080	3557518456135080				3557518456135080	0			0	<a href=" rel="nofollow">微博 weibo.com</a>	先拿出一个能看的比什么都重要。			2013001972	00	3557515734036544	1397721868769
1446877-	0		1	Tue Feb 05 18:27:39 +0800 2013			3542411001229846	3542411001229846				3542411001229846	0			8	<a href=" rel="nofollow">Android客户端</a>	拿出你读小说的速度来读这些技术书，假定每本书500页，平均三天读一本，这样三个周时间你就可以把这些经典著作全都读完，虽然具体什么语法你都没记住，但你已经速读了该门语言涉及的所有技术，你脑海中已经有了一个完整的技术世界地图，对程序设计思想和方法也已经有了概念#最快学编程方法三#			2013001972	00	0	1397721868770
1446878-	0		0	Fri Jun 01 18:18:33 +0800 2012			3452174132646536	3452174132646536				3452174132646536	0			0	<a href=" rel="nofollow">Android客户端</a>	本来想说很多话，但发现前面的评论已经把我想说得话都说了，那我就仅表达一下心情就可以了。听好了----------呸！！！			2013001972	00	3450387006876524	1397721868771
1446879-	0		0	Sat Apr 14 07:08:28 +0800 2012			3434610879234020	3434610879234020				3434610879234020	0			0	<a href=" rel="nofollow">Android客户端</a>	偶家就在海边,海腥味觉得亲切。[爱你] //@2gua:海边养殖场，看起来很美，其实腥味很重的，连江靠海。  //@武卫东:这是哪里？感觉不是人间。			2013001972	00	3434600137337935	1397721868771
1446880-	0		0	Mon Mar 19 21:39:16 +0800 2012			3425407950892213	3425407950892213				3425407950892213	0			0	<a href=" rel="nofollow">微博 weibo.com</a>	从黄昏到繁星点点，这美丽的星月夜。			2013001972	00	0	1397721868772
1446881-	0		1	Thu Aug 08 22:42:11 +0800 2013			3609154419630531	3609154419630531				3609154419630531	0			1	<a href=" rel="nofollow">微博 weibo.com</a>	当人们提到一个人时，当口碑相传时，人们都是也只会是用一句话来描述这个人，这句话就是这个人留下的本质。 //@2gua:就像那只被饿成皮包骨后死去的北极熊吗？太可怕了……			2013001972	00	3609152892949803	1397721868773
1446882-	0		2	Mon Nov 11 09:12:36 +0800 2013			3643377528560732	3643377528560732				3643377528560732	0			0	<a href=" rel="nofollow">微博 weibo.com</a>	回复@刘江总编:精装本我原本设计的是圆脊的，但安排的印刷厂做不了圆脊，最后只好搞成方脊的，效果差了很多。另外，我原本对封面的外封和内封的设计工艺均是亮膜，但最后拿到的成书是亚光的，显得暗哑，很是遗憾。 //@刘江总编:封面还是太粗糙了，比原版差很多 @武卫东			2013001972	00	3642142524181872	1397721868773
1446883-	0		2	Sun Mar 17 23:05:55 +0800 2013			3556976543486811	3556976543486811				3556976543486811	0			0	<a href=" rel="nofollow">微博 weibo.com</a>	首先感谢陈首席的力荐！估计腾云这个书名会让部分读者有些困惑，先跟大家说声抱歉，实在是一直没有想到特别合适的书名，当时想了好几个，最后作了小范围调查，选腾云这个书名略多一点点，在书号下来后，无意中突然想到应该用“重新设计互联网”这几个大字来作为书名，可惜已经来不及改了>_<。			2013001972	00	3556621097951638	1397721868774
1446884-	0		0	Mon May 20 13:02:44 +0800 2013			3580017570973446	3580017570973446				3580017570973446	0			0	<a href=" rel="nofollow">微博 weibo.com</a>	在网上找到了巴西传奇作家若泽・毛罗的传世名作《我亲爱的甜橙树》的电子版，不知道这个版本是谁翻译的（没有译者名），完美的语感，精准的用词，传神表达了原著的童趣与神韵。比@天天出版社 出版的版本翻译得好太多了。			2013001972	00	0	1397721868775
1446885-	0		0	Thu Jun 23 01:26:57 +0800 2011			12803877345	12803877345				5621096934066289119	0			0	<a href=" rel="nofollow">微博 weibo.com</a>	就在那个晚上，我从我的房间的窗口看房子的屋顶。在这些屋顶的上方，只有一颗孤独的星星，但却是一颗美丽的、大的、没有敌意的星星。我们没有一个人会忘记这景象。――《亲爱的提奥：凡高自传》。			2013001972	00	0	1397721868779
1446886-	0		0	Thu Jun 07 20:04:56 +0800 2012			3454375227878913	3454375227878913				3454375227878913	0			0	<a href=" rel="nofollow">Android客户端</a>	横批：2中极品			2013001972	00	3451079679670609	1397721868780
1446887-	0		0	Mon Jan 02 22:48:48 +0800 2012			3397521569578967	3397521569578967				3397521569578967	0			0	<a href=" rel="nofollow">微博 weibo.com</a>	今天调整了一下办公区的格局，偶由背靠每天把偶头发烤得焦焦的暖气片区换到了每天上午都能晒太阳的区域。爽。 			2013001972	00	0	1397721868781
1446888-	2		6	Wed Jul 03 14:57:08 +0800 2013			3595991426907530	3595991426907530				3595991426907530	0		#	8	<a href=" rel="nofollow">微博 weibo.com</a>	《程序员，你伤不起》的书号终于下来了，封面也定稿了，即将开印。之前设计了近二十个封面都不满意。但最终还是找到了这本书该有的封面。这本书我很喜欢，它适合所有程序员阅读。点击可看大图。出版后我会做这本书的有奖转发赠书。			2013001972	00	0	1397721868781
1446889-	0		0	Sun Oct 23 23:54:41 +0800 2011			3371808611366337	3371808611366337				3371808611366337	0			0	<a href=" rel="nofollow">微博 weibo.com</a>	当感到别人反常时，先想想自己是不是已经异常。			2013001972	00	0	1397721868782
1446890-	0		1	Fri Jun 08 07:51:10 +0800 2012			3454552961634852	3454552961634852				3454552961634852	0			2	<a href=" rel="nofollow">Android客户端</a>	“ 我心中的一团火是Buuuuu会熄灭的！ ”  “ 那如果给它浇灭了呢”  ”那就再点着啊！”  ------周星驰「少林足球」  早安			2013001972	00	0	1397721868783
1446891-	0		0	Sun Sep 23 12:37:12 +0800 2012			3493400441603255	3493400441603255				3493400441603255	0			1	<a href=" rel="nofollow">Android客户端</a>	转发微博			2013001972	00	2746512637	1397721868783
1446892-	0		0	Fri Nov 01 11:05:11 +0800 2013			3639781977977574	3639781977977574				3639781977977574	0			0	<a href=" rel="nofollow">微博 weibo.com</a>	这两本书绝对值的一看。 //@一年一山:先存着			2013001972	00	3639106007119039	1397721868784
1446893-	0		1	Fri Sep 13 14:16:01 +0800 2013			3622072997442994	3622072997442994				3622072997442994	0		#	3	<a href=" rel="nofollow">微博 weibo.com</a>	硅谷创业巨子的真知灼见，离经叛道！颠覆你对世界的过往印象！本书是当今美国互联网界如日中天的教父级人物、风险投资家、畅销技术书作家、哈佛大学博士保罗・格雷厄姆的文集，内容细腻、丰富而宽广，打破常规，以你未曾想过的视角带你领略当今IT技术浸透下周遭世界的基因与动向。《黑客与画家》精装版			2013001972	00	0	1397721868784
1446894-	0		0	Thu Apr 12 18:08:50 +0800 2012			3434052298438106	3434052298438106				3434052298438106	0			0	<a href=" rel="nofollow">Android客户端</a>	下班路上那就是发博时间[呵呵]			2013001972	00	0	1397721868785
1446895-	0		0	Thu Apr 25 12:52:31 +0800 2013			3570955303116566	3570955303116566				3570955303116566	0			0	<a href=" rel="nofollow">Android客户端</a>	 @360网站安全检测			2013001972	00	3570954846620339	1397721868786
1446896-	0		0	Fri Oct 19 13:34:12 +0800 2012			3502836866306705	3502836866306705				3502836866306705	0			0	<a href=" rel="nofollow">微博 weibo.com</a>	我已经抢"鲜"升级#新版微博#，想体验你的微博生活么？快来升级吧~~  ；这里有我的曾经、现在和未来！这是我的微博生活~~ 点击播放：			2013001972	00	0	1397721868786
1446897-	1		1	Tue Apr 08 11:49:17 +0800 2014			3697050363089075	3697050363089075				3697050363089075	0		#	5	<a href=" rel="nofollow">微博 weibo.com</a>	为什么不能打断程序员？			2013001972	00	0	1397721868787
1446898-	0		1	Tue Jul 05 15:20:18 +0800 2011			13686331048	13686331048				5625764708818425819	0			8	<a href=" rel="nofollow">微博 weibo.com</a>	幽默风趣、通俗实用的电脑漫画书《电脑使用说明书》出版。腾讯网书讯： 			2013001972	00	0	1397721868788
1446899-	0		0	Wed Mar 06 12:13:58 +0800 2013			3552826204552907	3552826204552907				3552826204552907	0			0	<a href=" rel="nofollow">微博 weibo.com</a>	作为一头拖拉机，你未免太高调了[花心] 			2013001972	00	0	1397721868789
1446900-	0		1	Fri Aug 30 12:53:18 +0800 2013			3616978760016035	3616978760016035				3616978760016035	0			2	<a href=" rel="nofollow">Android客户端</a>	回复@田磊阳:疯了，疯了疯了疯了，吉日嘎啦这手笔太大了。 //@田磊阳:@陈冰_图书出版人			2013001972	00	3616964662055088	1397721868789
1446901-	0		0	Wed Aug 08 13:07:01 +0800 2012			3476738102835321	3476738102835321				3476738102835321	0			0	<a href=" rel="nofollow">微博 weibo.com</a>	回复@图灵�紫�:紫凤这篇文章写得不错，视角可爱：） //@图灵�紫�:顺道，我把这篇文章文献给准设计师以及入行未满三年的新手设计师  [呵呵]@图灵教育@图灵袁野			2013001972	00	3476680016139492	1397721868790
1446902-	0		0	Fri Jun 01 07:27:23 +0800 2012			3452010257335694	3452010257335694				3452010257335694	0			0	<a href=" rel="nofollow">Android客户端</a>	特别有力量的笑容甚至可以把对方当场掀个四脚朝天[哈哈]			2013001972	00	3452004816784027	1397721868791
1446903-	0		0	Mon Sep 10 21:43:19 +0800 2012			3488826833666201	3488826833666201				3488826833666201	0			0	<a href=" rel="nofollow">专业版微博</a>	[偷笑] //@暴走漫画:据说黑色部分代表贝爷。			2013001972	00	3472797940385931	1397721868791
1446904-	0		0	Thu Jun 09 10:48:50 +0800 2011			12011566866	12011566866				5616046537870794470	0			0	<a href=" rel="nofollow">微博 weibo.com</a>	这创意是绝对的^^//@刘松soso：尿的人痛快,打扫得人麻烦!			2013001972	00	11983751526	1397721868792
1446905-	0		0	Fri May 11 21:42:24 +0800 2012			3444615288140222	3444615288140222				3444615288140222	0			0	<a href=" rel="nofollow">Android客户端</a>	//@创意铺子:最寂寞的8件事~~~			2013001972	00	3444590277573354	1397721868793
1446906-	1		0	Thu Apr 10 10:58:12 +0800 2014			3697762283133770	3697762283133770				3697762283133770	0			0	<a href=" rel="nofollow">微博 weibo.com</a>	平静，平静			2013001972	00	0	1397721868793
1446907-	0		0	Fri Aug 31 09:35:00 +0800 2012			3485019668276918	3485019668276918				3485019668276918	0			0	<a href=" rel="nofollow">微博 weibo.com</a>	对于有些内容，真的很适合做成这种书。			2013001972	00	3485019353419528	1397721868794
1446908-	0		0	Sun Mar 11 19:44:18 +0800 2012			3422479903485934	3422479903485934				3422479903485934	0			0	<a href=" rel="nofollow">Android客户端</a>	回复@��-妖:[嘻嘻] //@��-妖:[哈哈]和笨蛋比赛的人是把自己的水平拉到和笨蛋同一个层次，然后笨蛋会用丰富的经验赢得比赛。			2013001972	00	3422477579869241	1397721868795
1446909-	0		0	Fri Jul 08 17:04:24 +0800 2011			13937371914	13937371914				5626904790707148850	0			0	<a href=" rel="nofollow">微博 weibo.com</a>	@兔牙板砖 牙牙，送你的样书今天下午已经寄出。请注意查收[呵呵] 。			2013001972	00	0	1397721868795
1446910-	1		2	Fri Feb 14 11:42:58 +0800 2014			3677842216544067	3677842216544067				3677842216544067	0			2	<a href=" rel="nofollow">微博 weibo.com</a>	基础上不能与人并驾齐驱，永远不要谈超越别人。――读《自己设计制作CPU，自己设计制作计算机》有感，摘录部分于此：			2013001972	00	0	1397721868796
1446911-	0		0	Sat Apr 28 17:50:36 +0800 2012			3439845907369852	3439845907369852				3439845907369852	0			0	<a href=" rel="nofollow">Android客户端</a>	帮转,加油啊,老伙计			2013001972	00	3439842111279972	1397721868797
1446912-	0		0	Fri Jun 17 18:05:49 +0800 2011			12522640594	12522640594				5619127829010001325	0			0	<a href=" rel="nofollow">微博 weibo.com</a>	这些海豚好乖噢^^			2013001972	00	12516485101	1397721868798
1446913-	0		0	Mon Dec 09 11:34:20 +0800 2013			3653560056765519	3653560056765519				3653560056765519	0			8	<a href=" rel="nofollow">微博 weibo.com</a>	我认为这两者不矛盾，好的项目经理来自好的程序员。相当于进入了二年级。不是好程序员的项目经理不会是好项目经理，这本书同时适合这两个阶段的人来阅读。作者的写作目的也是此。 //@老赵:这书到底是教人做好程序员的还是教人转型为项目经理的…			2013001972	00	3653554096978660	1397721868798
1446914-	0		0	Wed Mar 14 07:59:16 +0800 2012			3423389638805945	3423389638805945				3423389638805945	0			0	<a href=" rel="nofollow">微博 weibo.com</a>	献给孩子和疯子凡高的歌。荷兰阿姆斯特丹的凡高纪念馆前一直播放。让人充满希望的歌。 			2013001972	00	0	1397721868799
1446915-	0		6	Thu Sep 05 21:23:14 +0800 2013			3619281423937945	3619281423937945				3619281423937945	0			0	<a href=" rel="nofollow">专业版微博</a>	作为Galaxy Note的用户，考虑再三，我只想问 @三星电子 一个问题，为何非要把note3做得这么丑，好看一点点难道都不可以吗？本指望6.3寸屏幕可以作为一个卖点（一直期待6.3大屏），现在的5.7寸已经泯然众人矣。再加上前壳一个大金属边，后壳一个皮面子，请问这组合美味么？			2013001972	00	3619235463320839	1397721868799
1446916-	0		0	Sat Jun 23 17:07:28 +0800 2012			3460128772893090	3460128772893090				3460128772893090	0			0	<a href=" rel="nofollow">Android客户端</a>	2B青年与淡定哥[哈哈]			2013001972	00	3460125664871010	1397721868800
1446917-	0		4	Sun Aug 19 13:44:09 +0800 2012			3480733714611265	3480733714611265				3480733714611265	0			2	<a href=" rel="nofollow">微博 weibo.com</a>	关于写作，关于遣词造句，最符合“规定”也就意味着最平庸。  @图灵谢工 @图灵教育 @图灵-袁野 @图灵郭志敏 @图灵刘紫凤 @图灵段宏宇 @图灵编辑小花 @图灵赵慧明 @陈良乔 @周金根 @马丁路德钢 @武卫东 @周金桥 @刘江总编 @图灵社区 @图灵乐馨 @图灵傅志红			2013001972	00	0	1397721868801
1446918-	0		0	Wed Jun 08 22:06:35 +0800 2011			11987118356	11987118356				5615850107536667472	0			0	<a href=" rel="nofollow">微博 weibo.com</a>	转发微博。			2013001972	00	11541994364	1397721868801
1446919-	0		0	Thu Nov 07 19:45:14 +0800 2013			3642087179999639	3642087179999639				3642087179999639	0			0	<a href=" rel="nofollow">微博 weibo.com</a>	转发微博			2013001972	00	3642086676777161	1397721868802
1446920-	0		0	Sun Aug 04 14:37:10 +0800 2013			3607582809968522	3607582809968522				3607582809968522	0			0	<a href=" rel="nofollow">Android客户端</a>	转发微博			2013001972	00	3607572316155939	1397721868803
1446921-	0		0	Thu Jan 31 12:40:55 +0800 2013			3540511799001571	3540511799001571				3540511799001571	0		#	0	<a href=" rel="nofollow">Android客户端</a>	我刚更新了#微博客户端冬季版# 1. 信息流全面支持赞；2. 新增精彩密友功能，支持发布密友微博、查看密友圈、添加密友；3. 优化发布器，支持显示当前帐号昵称；4. 支持手势返回前页；5.通知模块改造，支持接收邀请、赞的通知。 下载地址：			2013001972	00	0	1397721868803
1446922-	0		0	Tue Sep 03 13:08:55 +0800 2013			3618432236519354	3618432236519354				3618432236519354	0			2	<a href=" rel="nofollow">微博 weibo.com</a>	#晾书评# 《宇宙的背面》 非常好的一本科普书，把许多自己曾经纠结过的或者未曾留意的问题一一解释清楚， 语言通俗幽默，读完记忆深刻，了解了很多新姿势，这真真是极好的。			2013001972	00	0	1397721868804
1446923-	0		0	Wed Feb 29 21:46:38 +0800 2012			3418524430777470	3418524430777470				3418524430777470	0			0	<a href=" rel="nofollow">微博 weibo.com</a>	中国的科普十分悲催的一点是，凡提“科普”二字前面往往都要加上“少儿”俩字，仿佛在中国只有小朋友还需要科普，仿佛科普已被归入少儿书类别。			2013001972	00	0	1397721868805
1446924-	0		0	Tue Jun 05 19:44:16 +0800 2012			3453645251167169	3453645251167169				3453645251167169	0			1	<a href=" rel="nofollow">Android客户端</a>	「时间的形状」是我看过的国内最好的原创长篇科普书。足以PK国外顶级科普书。 //@科普斯坦:回复@qiuwenjie: 第二本人类怎么抵御外星人的进攻 ：D  //@qiuwenjie:第一本我看过了，第二本是啥内容？  //@科普斯坦:快了，还差最后2万字，如果不是这半年遇到些小人，早完成了			2013001972	00	3453566251555719	1397721868805
1446925-	0		0	Sun Jul 24 10:49:03 +0800 2011			15164198644	15164198644				3338633604178604	0			0	<a href=" rel="nofollow">微博 weibo.com</a>	明白了几件事：一，中国高铁的确没有抄袭日本的技术；二，磨合期事故是无法避免的；三，乘高铁前要看天气预报；四，断电停车说明安全性高。			2013001972	00	0	1397721868806
1446926-	0		0	Mon Jun 06 08:42:00 +0800 2011			11819236398	11819236398				5614900597640709424	0			1	<a href=" rel="nofollow">微博 weibo.com</a>	转发微博。			2013001972	00	11655118689	1397721868807
1446927-	0		0	Thu Jun 27 08:59:15 +0800 2013			3593727035788192	3593727035788192				3593727035788192	0			0	<a href=" rel="nofollow">Android客户端</a>	[哈哈]			2013001972	00	3593723999188400	1397721868807
1446928-	0		0	Mon Sep 26 19:29:04 +0800 2011			3361957294114373	3361957294114373				3361957294114373	0			0	<a href=" rel="nofollow">微博 weibo.com</a>	（5）拆完了底部，把电脑翻过来，开始拆正面。拆掌托和键盘时要注意，掌托和键盘下都有几根线缆和下面的主板连接着，连接方法各式各样，明显是为了增加维修难度而设计的，因为正常情况下没必要搞这么多花样。有的连接方式是直接拉出线缆即可，有的是必须把两侧的卡扣先横向拉出，然后才能拉出线缆。			2013001972	00	0	1397721868808
1446929-	0		0	Thu Apr 12 08:01:17 +0800 2012			3433899395157539	3433899395157539				3433899395157539	0			0	<a href=" rel="nofollow">Android客户端</a>	每个人都有的感觉,可不是每个人都能如此清晰的表达出来。感谢感谢[爱你]			2013001972	00	3433542216370299	1397721868808
1446930-	0		2	Tue Feb 05 18:37:58 +0800 2013			3542413602070397	3542413602070397				3542413602070397	0			1	<a href=" rel="nofollow">Android客户端</a>	接下来开始琢磨一个你想开发的项目，一个真正你喜欢的项目，一个简洁但并不简陋的项目，在这个项目中尽量把你认为应重点掌握的技术点都设计进去，然后随着项目的展开，边开发边查书，用到哪部分知识就精读那部分的知识，你脑海中会有印象这些知识位于哪本书的大概什么位置#最快学编程方法四#			2013001972	00	0	1397721868809
1446931-	0		0	Tue Jan 29 12:33:08 +0800 2013			3539785064879121	3539785064879121				3539785064879121	0			4	<a href=" rel="nofollow">专业版微博</a>	我现在就等着见样书了。[呵呵]			2013001972	00	3539390065940046	1397721868809
1446932-	0		0	Tue Jan 14 12:11:07 +0800 2014			3666615277178223	3666615277178223				3666615277178223	0			1	<a href=" rel="nofollow">微博 weibo.com</a>	大话重构之三：解决遗留系统的根本办法，就是在软件由简单软件向复杂软件转变的关键时刻，适时做出调整，使软件重新回到高质量的状态。这里，我们要做出的调整被称为重构，而做出这种调整的最佳方式，就是“小步快跑”啦。			2013001972	00	0	1397721868810
1446933-	0		0	Sun Sep 09 19:50:46 +0800 2012			3488436121727155	3488436121727155				3488436121727155	0			0	<a href=" rel="nofollow">专业版微博</a>	[嘻嘻]			2013001972	00	3487704337619021	1397721868810
1446934-	0		1	Wed Sep 25 13:33:36 +0800 2013			3626410981330076	3626410981330076				3626410981330076	0			1	<a href=" rel="nofollow">微博 weibo.com</a>	《程序员，你伤不起》开售一个半月即重印！相当不错的成绩，祝贺吉日同学和春雷同学 @马丁路德钢 这是相当有趣的一本书，你从任何一页翻开都会津津有味的读下去，没看过的赶紧去买吧。			2013001972	00	0	1397721868811
1446935-	0		0	Thu Jul 18 22:34:53 +0800 2013			3601542437200098	3601542437200098				3601542437200098	0			0	<a href=" rel="nofollow">微博 weibo.com</a>	[围观] //@薄荷糖熊熊:[笑哈哈] //@图灵刘美英: 赫本说，我的基因好！ //@2gua:就让奥黛丽赫本来告诉你《50个基因秘密》......[耶]			2013001972	00	3601511169244853	1397721868811
1446936-	0		1	Fri Mar 29 12:46:38 +0800 2013			3561169350578849	3561169350578849				3561169350578849	0			1	<a href=" rel="nofollow">专业版微博</a>	[兔子]			2013001972	00	3535498599217401	1397721868812
1446937-	0		0	Sat Jun 23 13:37:52 +0800 2012			3460076025208232	3460076025208232				3460076025208232	0		#	0	<a href=" rel="nofollow">Android客户端</a>	我在极地海洋世界[嘻嘻] 节目即将开始			2013001972	00	0	1397721868813
1446938-	0		0	Sun Oct 23 23:55:33 +0800 2011			3371808829211690	3371808829211690				3371808829211690	0			0	<a href=" rel="nofollow">微博 weibo.com</a>	志同道合，让人温暖。			2013001972	00	0	1397721868813
1446939-	0		2	Sun Oct 16 13:06:11 +0800 2011			3369108695856622	3369108695856622				3369108695856622	0			0	<a href=" rel="nofollow">微博 weibo.com</a>	这才是好手机广告。[嘻嘻] //@冷笑话精选:雷倒我啦！[哈哈]			2013001972	00	3368873879806246	1397721868814
1446940-	0		2	Sun Apr 29 11:01:52 +0800 2012			3440105433441505	3440105433441505				3440105433441505	0			2	<a href=" rel="nofollow">微博 weibo.com</a>	人民日报你应该想一想，为什么你的“粉丝”会比姚晨少7倍。 //@徐昕:两者的有效读者, 大概分别有多少?			2013001972	00	3439734389258509	1397721868815
1446941-	0		0	Tue May 29 07:12:14 +0800 2012			3450919284936313	3450919284936313				3450919284936313	0			0	<a href=" rel="nofollow">Android客户端</a>	去过已被别人验证过1000遍的生活毫无意义。			2013001972	00	3450903573463513	1397721868815
1446942-	0		0	Wed Nov 09 00:02:05 +0800 2011			3377608681063354	3377608681063354				3377608681063354	0			0	<a href=" rel="nofollow">微博 weibo.com</a>	大爱海绵宝宝和派大星[可怜]			2013001972	00	3377603178335571	1397721868816
1446943-	0		0	Sun Mar 11 18:48:20 +0800 2012			3422465831263339	3422465831263339				3422465831263339	0			0	<a href=" rel="nofollow">微博 weibo.com</a>	嗯,我用的就是这款,很好使。推荐。唯一的不足就是因为屏幕太大,任何操作比如发短信和QQ都必须双手。不过屏幕大也正是我选择它的原因。			2013001972	00	3422460642888960	1397721868817
1446944-	0		1	Thu Jun 28 17:29:49 +0800 2012			3461946332324482	3461946332324482				3461946332324482	0			2	<a href=" rel="nofollow">微博 weibo.com</a>	回复@ibuick:哈哈，我只不过说了句实话，你就能扯到人身攻击上，你可太有一套了。 //@ibuick:开始人身攻击了，我头像黑我心里阳光啊，不像您有个阳光头像背地里全是盗版无节操啊。立牌坊你别拿头像说是。小儿科 //@陈冰_图书出版人:回复@ibuick:你快省省吧，连你的头像都黑着灯的。			2013001972	00	3461915441468900	1397721868817
1446945-	0		0	Thu Jun 30 00:27:47 +0800 2011			13285777586	13285777586				5623679283155194877	0			0	<a href=" rel="nofollow">微博 weibo.com</a>	做跟风的书的最大的遗憾是，你永远都不会知道那个最关键的“为什么”。			2013001972	00	0	1397721868818
1446946-	0		2	Tue Sep 03 13:05:18 +0800 2013			3618431330857094	3618431330857094				3618431330857094	0			0	<a href=" rel="nofollow">微博 weibo.com</a>	恭喜5位幸运的童鞋。好吃请在豆瓣给本书打10分。[抱抱] //@2gua:[嘻嘻] //@图灵刘紫凤: 恭喜大家，如果私信我没有及时回复的，请给我留言。			2013001972	00	3618427274859285	1397721868819
1446947-	0		0	Fri Feb 24 10:10:28 +0800 2012			3416537287234404	3416537287234404				3416537287234404	0			2	<a href=" rel="nofollow">微博 weibo.com</a>	现在国内很多的所谓的科普书，实则只能说是百科或专科知识手册，这是知识的堆砌，而非科普。这不是科普书真正的价值和意义所在。			2013001972	00	0	1397721868819
1446948-	0		4	Thu Oct 20 16:07:29 +0800 2011			3370603872918796	3370603872918796				3370603872918796	0		#	3	<a href=" rel="nofollow">微博 weibo.com</a>	淘气顽皮、活泼可爱、充满活力、无法无天。本故事纯属真实，如有类同，实属缘分。看《哥当年》尽展nono和朋友们的好汉当年勇！！！重温我们共同的青葱岁月……犀水文化温情搞笑绘本近期幽默上市！作者巫俊武比利时国际漫画节出道。			2013001972	00	0	1397721868820
1446949-	0		0	Sat Sep 17 20:39:08 +0800 2011			3358713436366405	3358713436366405				3358713436366405	0			1	<a href=" rel="nofollow">微博 weibo.com</a>	讲真话的睿智的老爷爷			2013001972	00	3357432135681141	1397721868821
1446950-	0		0	Tue Sep 03 13:08:55 +0800 2013			3618432236519354	3618432236519354				3618432236519354	0			2	<a href=" rel="nofollow">微博 weibo.com</a>	#晾书评# 《宇宙的背面》 非常好的一本科普书，把许多自己曾经纠结过的或者未曾留意的问题一一解释清楚， 语言通俗幽默，读完记忆深刻，了解了很多新姿势，这真真是极好的。			2013001972	00	0	1397721868821
1446951-	0		0	Sat Apr 14 06:58:34 +0800 2012			3434608387690410	3434608387690410				3434608387690410	0			0	<a href=" rel="nofollow">Android客户端</a>	哈哈[哈哈] //@武卫东:@loveisbug 请看，这才是面向对象的。  //@斑纹肥佬:贵圈都是这样泡妞的？			2013001972	00	3434492934950636	1397721868822
1446952-	0		1	Thu Nov 17 12:23:29 +0800 2011			3380694358797037	3380694358797037				3380694358797037	0			0	<a href=" rel="nofollow">微博 weibo.com</a>	原来义务献的血是拿来卖的！！！我擦！！！强烈要求就地解散红会！！！			2013001972	00	3380616114405202	1397721868823
1446953-	0		0	Thu Jul 12 07:48:19 +0800 2012			3466873431266416	3466873431266416				3466873431266416	0			1	<a href=" rel="nofollow">Android客户端</a>	是我喜欢的款式			2013001972	00	3466872106414426	1397721868823
1446954-	0		0	Wed Jun 06 08:02:09 +0800 2012			3453830950106687	3453830950106687				3453830950106687	0			2	<a href=" rel="nofollow">Android客户端</a>	这篇文章值得每一个领导深思。			2013001972	00	3453672170090877	1397721868824
1446955-	0		2	Sun Mar 24 10:16:35 +0800 2013			3559319645418620	3559319645418620				3559319645418620	0			2	<a href=" rel="nofollow">微博 weibo.com</a>	北京购书人书购京北			2013001972	00	3559304046728430	1397721868825
1446956-	0		0	Mon Jun 06 09:25:28 +0800 2011			11820709110	11820709110				5614911798915749319	0			0	<a href=" rel="nofollow">微博 weibo.com</a>	真正适合老年人学电脑的书终于诞生了――《电脑使用说明书》当当已开始预售：  送这本书给老年人，你和老人家都能轻松些。			2013001972	00	11497985522	1397721868825
1446957-	0		2	Fri Mar 01 14:08:14 +0800 2013			3551043021554350	3551043021554350				3551043021554350	0		#	1	<a href=" rel="nofollow">分享按钮</a>	以下内容节选自《程序员，你伤不起》，这是本真实有趣的书：……刚创业时钱也不是很多，花了两万元在一个中档居民区里租了一处房子，起步时想靠接软件项目赚钱，总觉得自己做软件项目比别人强。(详见长微博) ...    （分享自 @长微博工具）			2013001972	00	0	1397721868826
1446958-	0		1	Wed Dec 28 11:22:24 +0800 2011			3395536893435386	3395536893435386				3395536893435386	0		#	0	<a href=" rel="nofollow">微博 weibo.com</a>	看自己写的书的读者评论是作者的乐趣之一。《电脑使用说明书》在当当计算机入门类书里的读者评论数几乎是最多的。今儿又看到一条新评论，让作为作者的我十分开心。抓图分享一下。“作者真的很搞笑了啊，乐到不行好几次……”			2013001972	00	0	1397721868826
1446959-	0		0	Mon Jun 06 22:34:39 +0800 2011			11863157712	11863157712				5615115169904463277	0			0	<a href=" rel="nofollow">微博 weibo.com</a>	转发微博。			2013001972	00	11861875094	1397721868827
1446960-	0		0	Wed Oct 26 17:57:04 +0800 2011			3372805777297867	3372805777297867				3372805777297867	0			0	<a href=" rel="nofollow">微博 weibo.com</a>	能战斗不在个头大小。 //@趣玩网:勇敢的小熊			2013001972	00	3372461498773944	1397721868828
1446961-	0		0	Mon Jul 09 12:56:33 +0800 2012			3465863841465978	3465863841465978				3465863841465978	0			0	<a href=" rel="nofollow">微博 weibo.com</a>	超萌仨宝宝，太可爱了。左边英国的，中间美国的，右边俄罗斯的；左边震惊弟，中间欢乐妹，右边憋屈哥。再次证明，哥哥脸大，只有被妹妹打的份儿。			2013001972	00	0	1397721868828
1446962-	0		2	Fri Apr 26 23:27:20 +0800 2013			3571477439669597	3571477439669597				3571477439669597	0			1	<a href=" rel="nofollow">微博 weibo.com</a>	这个必须转，给了这么大一个Banner？我刚才登录多看咋没看到呢[疑问] //@刘松soso:回复@月下树舞Jason_Design:那本书需要好好找找，应该可以找到。同时对最后一句表示很吃惊！接下来《我是设计师》将在台湾出繁体版，两岸三地的设计师需要多多交流。@陈冰_图书出版人			2013001972	00	3571282857510598	1397721868829
1446963-	0		1	Fri Jan 25 00:00:09 +0800 2013			3538146018835969	3538146018835969				3538146018835969	0			0	<a href=" rel="nofollow">微博 weibo.com</a>	我也超喜欢这思路。			2013001972	00	3538145494786171	1397721868830
1446964-	3		0	Thu Mar 27 13:51:32 +0800 2014			3692732473778476	3692732473778476				3692732473778476	0			2	<a href=" rel="nofollow">微博 weibo.com</a>	结果只有一个，但过程拥有更多。《大话重构》封面的诞生过程：			2013001972	00	3692712199356294	1397721868831
1446965-	0		0	Thu Jun 28 16:32:48 +0800 2012			3461931987679882	3461931987679882				3461931987679882	0			1	<a href=" rel="nofollow">微博 weibo.com</a>	你给我打电话一上来就说让出版社给你出纸版书，你自己要保留电子版权，还不是想利用出版社来扩大你的电子书的影响力，给你造成利润最大化。出版社不是慈善机构，出版的意义在于出版对大众有价值的图书，同时还要保证有好的收益，这是出版社存在的意义。			2013001972	00	3461915441468900	1397721868831
1446966-	0		0	Mon Aug 05 17:37:08 +0800 2013			3607990496064249	3607990496064249				3607990496064249	0			2	<a href=" rel="nofollow">微博 weibo.com</a>	感谢互动出版一直以来的支持。一如既往地纯粹！ //@china-pub计算机:到货~~~[鼓掌]			2013001972	00	3598899619453403	1397721868832
1446967-	0		1	Wed May 02 08:37:32 +0800 2012			3441156274845373	3441156274845373				3441156274845373	0			0	<a href=" rel="nofollow">Android客户端</a>	马克思说过一句话“先进的东西未必是最近才出现的”。老祖宗几千年来用身体实际验证的东西,还不如你几年做几个所谓试验就推出的产品？！			2013001972	00	3441154676872311	1397721868832
1446968-	0		1	Thu Aug 15 14:25:02 +0800 2013			3611566022554352	3611566022554352				3611566022554352	0			2	<a href=" rel="nofollow">微博 weibo.com</a>	#晾书评# 《程序员，你伤不起》 书看起来厚，但读起来很顺。非常好！作者的记载很真实，受教了！书看起来厚，但读起来很顺，是我这几年读过的最好的IT书之一，可以说是一本IT职场的《代码大全》，每一个程序员都应该读读这本书，会有很大收获。			2013001972	00	0	1397721868833
1446969-	0		0	Thu Sep 29 18:42:47 +0800 2011			3363032810047911	3363032810047911				3363032810047911	0		#	0	<a href=" rel="nofollow">微博 weibo.com</a>	另一本。			2013001972	00	0	1397721868834
1446970-	0		0	Tue Jun 21 09:21:07 +0800 2011			12708111300	12708111300				5620476955544352352	0			0	<a href=" rel="nofollow">微博 weibo.com</a>	今天很残酷，明天更残酷，后天很美好，但是绝大部分人都死在了明天晚上，只有真正的英雄才能见到后天的太阳。――《阿里巴巴神话：马云的美丽新世界》。			2013001972	00	0	1397721868834
1446971-	0		1	Thu Jun 16 12:31:09 +0800 2011			12433301610	12433301610				5618670500890904857	0			1	<a href=" rel="nofollow">微博 weibo.com</a>	介个给力//@校对网-站长：外国都被神话了。			2013001972	00	12432240580	1397721868835
1446972-	0		0	Tue Jul 12 16:51:46 +0800 2011			14251669968	14251669968				5628385875831576498	0			0	<a href=" rel="nofollow">微博 weibo.com</a>	孟子说：“等待文王那样的贤君出现才能奋发有为的，是普通的人。至于豪杰之士，即使没有文王出现，也能奋发有为。”――摘自《从今天起，成为尊贵的人》			2013001972	00	0	1397721868835
1446973-	0		4	Wed Aug 07 14:25:40 +0800 2013			3608667079241150	3608667079241150				3608667079241150	0			3	<a href=" rel="nofollow">微博 weibo.com</a>	今天无意中发现《光明日报》的光明网，还有《电脑报》的天极网都转发了我给《程序员，你伤不起》写的“编辑的话”，十感深荣啊。@北京图书大厦 今天也已经到货了。伤不起君，你要争气哦，要挺住啊，当当计算机榜第二的位置你可要Hold住啊。			2013001972	00	0	1397721868836
1446974-	0		0	Thu Jun 14 10:04:43 +0800 2012			3456760901455063	3456760901455063				3456760901455063	0		#	1	<a href=" rel="nofollow">微博 weibo.com</a>	极度诡异的测试（大脑暗示力量的惊人秘密）			2013001972	00	0	1397721868837
1446975-	0		0	Sat Mar 08 14:58:59 +0800 2014			3685864078676400	3685864078676400				3685864078676400	0			0	<a href=" rel="nofollow">微博 weibo.com</a>				2013001972	00	0	1397721868837
1446976-	0		0	Fri Jun 17 14:30:17 +0800 2011			12509265276	12509265276				5619072286490171085	0			0	<a href=" rel="nofollow">微博 weibo.com</a>	这首歌的旋律不与任何其他歌类似，这首歌只像它自己。所以，每当这旋律响起，总能带给你独一无二的回忆和感动。这首歌就是《东京爱情故事》：			2013001972	00	0	1397721868838
1446977-	0		0	Tue Jun 07 21:41:35 +0800 2011			11920438252	11920438252				5615472579914818068	0			0	<a href=" rel="nofollow">微博 weibo.com</a>	这个小调查的题目叫“你每天想的最多的事情是什么？”，下面有那么7、8个选项，其中一项是“自杀”，结果不可思议的是选这个的居然占到第二多。可见现在人们的压力。就我的观点是。			2013001972	00	0	1397721868838
1446978-	0		5	Thu Mar 07 11:25:42 +0800 2013			3553176454121252	3553176454121252				3553176454121252	0		#	17	<a href=" rel="nofollow">微博 weibo.com</a>	《Android软件安全与逆向分析》开售三天，互动出版计算机榜第1名，当当计算机新书榜第1名。作者丰生强用心之作，Android开发者安全之书。除感谢@eoe移动开发者社区 @看雪安全 @安卓巴士开发者 对本书的认可外，还要感谢本书的封面设计师 @00王零零00 你的设计力始终保持在一流。@图灵教育			2013001972	00	0	1397721868839
1446979-	0		0	Sun Apr 22 09:33:08 +0800 2012			3437546388565319	3437546388565319				3437546388565319	0			0	<a href=" rel="nofollow">Android客户端</a>	“历史从来不是过去” -----今天看到的一句话。			2013001972	00	0	1397721868840
1446980-	0		1	Sat Apr 07 06:45:53 +0800 2012			3432068484793169	3432068484793169				3432068484793169	0			0	<a href=" rel="nofollow">Android客户端</a>	WP的失败不是没人想给WP开发应用,而是没人有心情在如此难看的用户界面上开发应用。W8还将继续失败,如果微软不把界面和用户体验搞得好些的话。在WP和W8上操作,感觉就像在摆弄一堆包装箱纸壳子。			2013001972	00	3431999559256673	1397721868840
1446981-	0		1	Sat May 26 17:39:23 +0800 2012			3449989944596445	3449989944596445				3449989944596445	0			1	<a href=" rel="nofollow">Android客户端</a>	用户体验设计失败的经典案例			2013001972	00	3449982554663398	1397721868841
1446982-	0		0	Mon Mar 05 10:49:16 +0800 2012			3420170930098261	3420170930098261				3420170930098261	0			0	<a href=" rel="nofollow">微博 weibo.com</a>	周末在西单待了几乎一天，发现几本科普和股票方面的好书，非常棒。《时间的形状：相对论史话》、《交易心理分析》、《从A股获利：股票投资的20堂必修课》。其中《时间的形状》堪称非常难得的科普佳作，幽默而引发思考。			2013001972	00	0	1397721868841
1446983-	0		0	Sat Jun 11 16:41:35 +0800 2011			12125235498	12125235498				5616879611023186665	0			0	<a href=" rel="nofollow">投票</a>	我参与了投票【你为什么而活（选对你而言最主要的那项）？】　　投给"为了心中的理想" 这1个选项			2013001972	00	0	1397721868842
1446984-	0		0	Sun Sep 04 08:51:19 +0800 2011			3353824265801604	3353824265801604				3353824265801604	0			0	<a href=" rel="nofollow">微博 weibo.com</a>	非常喜欢。让人想在这些草上滑翔。			2013001972	00	3350477853842232	1397721868842
1446985-	0		3	Tue Aug 13 14:46:33 +0800 2013			3610846657769895	3610846657769895				3610846657769895	0			5	<a href=" rel="nofollow">百道网</a>	这么好的图书策划营销压箱底文章，一套完整的组合拳演练，居然只有8条评价，那些看过文章不发评价的人，良心让狗吃了？？？！！！ (评论给 潘良：励志图书超级畅销背后的精密项目管理与营销细节-百道网    )			2013001972	00	0	1397721868843
1446986-	0		0	Tue Jun 07 17:21:37 +0800 2011			11904859804	11904859804				5615405587011684417	0			0	<a href=" rel="nofollow">微博 weibo.com</a>	转发微博。			2013001972	00	11904536360	1397721868843
1446987-	0		0	Fri May 04 08:05:12 +0800 2012			3441872913906647	3441872913906647				3441872913906647	0			1	<a href=" rel="nofollow">Android客户端</a>	除了镶钻,拜托你们还能想点别的招儿么？[泪]			2013001972	00	3441711815014683	1397721868843
1446988-	0		1	Sun Jun 17 08:36:05 +0800 2012			3457825751364482	3457825751364482				3457825751364482	0			1	<a href=" rel="nofollow">微博 weibo.com</a>	如果人一说谎话，鼻子就会变长；如果人一贪污，胳膊就会缩短；如果人一动坏心眼，脑袋就会缩小；而如果人一行善，样貌就变得俊美，身材就变得伟岸，那这个世界该变得多么完美。			2013001972	00	0	1397721868844
1446989-	0		0	Fri Jul 05 10:31:58 +0800 2013			3596649466784081	3596649466784081				3596649466784081	0			1	<a href=" rel="nofollow">微博 weibo.com</a>	记者采访李敖：“您对‘富人圈里流行吮人奶’怎么看？”李敖：“他们不光吃咪咪，还穿纸尿裤！”			2013001972	00	0	1397721868844
1446990-	0		1	Tue Jul 12 11:41:14 +0800 2011			14228084708	14228084708				5628305851996506257	0			1	<a href=" rel="nofollow">微博 weibo.com</a>	虽然展示台或书堆上放着不止一本书，但由于被撕掉腰封的书常常位于这一摞书的最顶上，因此它正好遮盖住了下面那些还没有被撕掉腰封的书，因此，读者总还是看不到腰封。而如果你的书的封面设计只在有腰封的情况下才在展示台上显眼的话，那么去掉腰封后，你的书的封面将变得不再显然，从而不容易被看到。			2013001972	00	0	1397721868845
1446991-	0		4	Mon Jul 22 12:34:33 +0800 2013			3602840909766009	3602840909766009				3602840909766009	0		#	1	<a href=" rel="nofollow">微博 weibo.com</a>	很高兴看到《宇宙的背面》排名回升，在多看阅读“科学与自然”分类中位居畅销榜第四名。相信在上周末的购买读者中，至少就有 @璐柯艾特蜜 @图灵刘美英的 功劳[太开心] 别忘了看完后到多看给发个评价哈			2013001972	00	0	1397721868846
1446992-	0		0	Tue Jun 28 19:31:43 +0800 2011			13194380920	13194380920				5623231902179955027	0			0	<a href=" rel="nofollow">微博 weibo.com</a>	纳米比亚是有希望的。			2013001972	00	13184974249	1397721868846
1446993-	0		0	Wed Nov 09 19:37:14 +0800 2011			3377904417619911	3377904417619911				3377904417619911	0			0	<a href=" rel="nofollow">微博 weibo.com</a>	转发微博			2013001972	00	3377431874750873	1397721868847
1446994-	0		0	Mon May 07 17:50:25 +0800 2012			3443107352135883	3443107352135883				3443107352135883	0			0	<a href=" rel="nofollow">Android客户端</a>	必须转[爱你]			2013001972	00	3442966427682015	1397721868848
1446995-	0		0	Thu Jun 23 01:19:11 +0800 2011			12803711622	12803711622				5621094932611486646	0			0	<a href=" rel="nofollow">微博 weibo.com</a>	提奥，上个星期日，你的哥哥第一次在教堂里传教。关于教堂，圣经上是这样写的：“在这个地方，我要赐给它安宁。”――《亲爱的提奥：凡高自传》。			2013001972	00	0	1397721868848
1446996-	0		4	Thu Jan 24 11:34:28 +0800 2013			3537958365575777	3537958365575777				3537958365575777	0			2	<a href=" rel="nofollow">专业版微博</a>	转发微博			2013001972	00	3537912161320246	1397721868849
1446997-	0		7	Sun Oct 16 13:13:31 +0800 2011			3369110541089844	3369110541089844				3369110541089844	0		#	2	<a href=" rel="nofollow">微博 weibo.com</a>	对网站（www.bookwowo.com）做了一定改版。觉得怎样？提提意见。			2013001972	00	0	1397721868850
1446998-	0		1	Thu Aug 15 14:25:02 +0800 2013			3611566022554352	3611566022554352				3611566022554352	0			2	<a href=" rel="nofollow">微博 weibo.com</a>	#晾书评# 《程序员，你伤不起》 书看起来厚，但读起来很顺。非常好！作者的记载很真实，受教了！书看起来厚，但读起来很顺，是我这几年读过的最好的IT书之一，可以说是一本IT职场的《代码大全》，每一个程序员都应该读读这本书，会有很大收获。			2013001972	00	0	1397721868850
1446999-	0		7	Thu Nov 17 19:52:55 +0800 2011			3380807475097888	3380807475097888				3380807475097888	0		#	2	<a href=" rel="nofollow">微博 weibo.com</a>	这两个章首页版式，大家喜欢哪个。版式二			2013001972	00	0	1397721868851
1447000-	0		0	Fri Jun 01 18:34:54 +0800 2012			3452178251649987	3452178251649987				3452178251649987	0			0	<a href=" rel="nofollow">Android客户端</a>	太可爱的宝宝[哈哈] //@亲贝网闫飞:[偷笑]			2013001972	00	3452175114033838	1397721868852
1447001-	0		0	Thu May 03 08:09:57 +0800 2012			3441511721257428	3441511721257428				3441511721257428	0			1	<a href=" rel="nofollow">Android客户端</a>	是这样的[落叶]			2013001972	00	3441510484039667	1397721868853
1447002-	0		0	Fri May 18 19:45:07 +0800 2012			3447122483518783	3447122483518783				3447122483518783	0			0	<a href=" rel="nofollow">Android客户端</a>	[泪]			2013001972	00	3447118897842900	1397721868853
1447003-	0		0	Thu Jul 04 11:21:09 +0800 2013			3596299460622291	3596299460622291				3596299460622291	0			0	<a href=" rel="nofollow">微博 weibo.com</a>	转发微博			2013001972	00	3596022921652587	1397721868854
1447004-	0		0	Thu May 03 07:48:21 +0800 2012			3441506285418386	3441506285418386				3441506285418386	0			1	<a href=" rel="nofollow">Android客户端</a>	[哈哈][哈哈][哈哈]			2013001972	00	3441282892691807	1397721868855
1447005-	0		4	Thu Oct 31 13:35:37 +0800 2013			3639457452356327	3639457452356327				3639457452356327	0		#	7	<a href=" rel="nofollow">微博 weibo.com</a>	《程序员第二步――从程序员到项目经理》每一位程序员和项目经理的必读之书！IT职场至关重要的第二步！美国项目管理协会认证PMP十年IT项目管理经验凝聚本书。最短时间，获得他人多年经验与真经！想创业？没问题。但在创业之前，先成为一名优秀的项目经理。如果转不动一个项目，何以转动一个公司！			2013001972	00	0	1397721868855
1447006-	0		0	Sat Mar 09 09:14:18 +0800 2013			3553868153616717	3553868153616717				3553868153616717	0			2	<a href=" rel="nofollow">微博 weibo.com</a>	更强大的力量。			2013001972	00	3553730815033283	1397721868856
1447007-	0		0	Fri Aug 09 23:07:09 +0800 2013			3609523090177970	3609523090177970				3609523090177970	0			0	<a href=" rel="nofollow">微博 weibo.com</a>	回复@方腾飞-清英:帮转 //@方腾飞-清英:求答案，求扩散@陈冰_图书出版人 @佘广-机械工业出版社 @图书出版人杨海玲 @永恒的侠少 //@张卫滨1895:靠谱的书 靠谱的译者 求靠谱的出版社 @华章图书 @人民邮电出版社-信息技术分社			2013001972	00	3609486508387120	1397721868857
1447008-	0		0	Wed Jul 17 20:27:04 +0800 2013			3601147878876942	3601147878876942				3601147878876942	0			3	<a href=" rel="nofollow">微博 weibo.com</a>	这封面设计和宣传语帅呆了 @图灵谢工 @图灵洁 @图灵小花 @图灵刘美英 @绥靖者信 @冰雅冷轩 @雅秋168 //@陈冰_图书出版人:这真是我大爱的封面设计啊。大众哲学书就该是这样的。			2013001972	00	3600794198637426	1397721868858
1447009-	0		0	Thu Jun 28 16:29:06 +0800 2012			3461931064891869	3461931064891869				3461931064891869	0			0	<a href=" rel="nofollow">微博 weibo.com</a>	回复@ibuick:自从知道OS X可以在英特尔架构下安装后，我一直以为只要购买了正版，就可以在PC上安装，这里看来是我误会了。但你说我教导你盗版和黑苹果，则完全是你的污蔑和断章取义。			2013001972	00	3461915441468900	1397721868858
1447010-	0		0	Thu Jan 31 16:38:26 +0800 2013			3540571572312070	3540571572312070				3540571572312070	0			1	<a href=" rel="nofollow">微博 weibo.com</a>	转发微博			2013001972	00	3540300666499300	1397721868859
1447011-	0		3	Wed Jul 13 18:31:44 +0800 2011			14339837390	14339837390				5628782722220452252	0			3	<a href=" rel="nofollow">微博 weibo.com</a>	中国的音乐人我喜欢三位：窦唯、郑钧、黄家驹。如果硬要拿掉一位，郑哥，抱歉一下。如果硬要再拿掉一位，黄哥，对不起了。窦唯，中国乐坛最有才华的音乐人，真正的天才，真正的大师。喜欢这首歌的就转吧。 			2013001972	00	0	1397721868859
1447012-	0		0	Sun Jun 24 10:45:38 +0800 2012			3460395068821149	3460395068821149				3460395068821149	0		#	0	<a href=" rel="nofollow">微博 weibo.com</a>	分享图片			2013001972	00	0	1397721868860
1447013-	0		0	Wed Jun 08 22:19:38 +0800 2011			11988119954	11988119954				5615853470496258293	0			0	<a href=" rel="nofollow">微博 weibo.com</a>	转发微博。			2013001972	00	11136392453	1397721868861
1447014-	0		0	Thu Mar 22 20:46:56 +0800 2012			3426481931655679	3426481931655679				3426481931655679	0			0	<a href=" rel="nofollow">微博 weibo.com</a>	如果你抱定自己必然会从悬崖上掉下去的想法，你就会得出根本不往山上爬似乎更安全的结论。这里有一个巨大的破绽。			2013001972	00	0	1397721868861
1447015-	0		2	Tue Aug 13 13:32:21 +0800 2013			3610827988651039	3610827988651039				3610827988651039	0			2	<a href=" rel="nofollow">微博 weibo.com</a>	#晾书评# 《宇宙的背面》 真不错看了感觉内容还想再多些。写得真不错，只是恨内容还不够多。真想多看几章。			2013001972	00	0	1397721868862
1447016-	0		0	Wed Oct 26 21:24:11 +0800 2011			3372857899948246	3372857899948246				3372857899948246	0			0	<a href=" rel="nofollow">微博 weibo.com</a>	策划编辑的能力是第一位的。很多时候，选题都在空气中竖着呢，但从边上路过，从底下走过，从上面飘过，就是看不见。眼睛是受大脑控制的，大脑不想看见，眼睛是无论如何也看不到的。			2013001972	00	3372801641916560	1397721868863
1447017-	0		1	Fri Aug 09 09:28:05 +0800 2013			3609316966175500	3609316966175500				3609316966175500	0			5	<a href=" rel="nofollow">Android客户端</a>	在中国你居然相信法律，这说明你还得再琢磨琢磨。			2013001972	00	3609315727912748	1397721868863
1447018-	0		3	Sat Aug 10 11:02:09 +0800 2013			3609703025899898	3609703025899898				3609703025899898	0			3	<a href=" rel="nofollow">微博 weibo.com</a>	做图书策划，必须要懂得包装，但同时要明了策划与包装的核心是“诚实”。诚实的面对一部作品，是图书策划的终极技巧。			2013001972	00	0	1397721868864
1447019-	0		2	Tue Aug 13 14:15:10 +0800 2013			3610838763675891	3610838763675891				3610838763675891	0			1	<a href=" rel="nofollow">微博 weibo.com</a>	自由，更多的自由，仿佛全知全能。 //@亚祁安:四维是怎样的？？？			2013001972	00	3610828328649806	1397721868865
1447020-	0		0	Sun Jun 24 14:11:37 +0800 2012			3460446906532500	3460446906532500				3460446906532500	0		#	0	<a href=" rel="nofollow">Android客户端</a>	金沙滩果非浪的虚名			2013001972	00	0	1397721868866
1447021-	0		0	Thu Jul 25 11:14:07 +0800 2013			3603907831482967	3603907831482967				3603907831482967	0			0	<a href=" rel="nofollow">微博 weibo.com</a>	杰克・韦尔奇说过：“管理得少就是管理得好。”――《从程序员到项目经理》			2013001972	00	0	1397721868866
1447022-	0		2	Wed Jun 06 07:30:48 +0800 2012			3453823060715579	3453823060715579				3453823060715579	0			3	<a href=" rel="nofollow">Android客户端</a>	说得对。			2013001972	00	3453821864693201	1397721868867
1447023-	0		0	Sun Aug 05 17:59:26 +0800 2012			3475724537137877	3475724537137877				3475724537137877	0			0	<a href=" rel="nofollow">微博 weibo.com</a>	说到出国旅行，我有一个计划―――按字母顺序旅行。[bed凌乱]			2013001972	00	0	1397721868868
1447024-	0		9	Thu Jul 07 13:28:22 +0800 2011			13836850806	13836850806				5626478034180119268	0		#	5	<a href=" rel="nofollow">微博 weibo.com</a>	《电脑使用说明书》当当计算机类新书热卖榜排名上升2位。位居第6名。这远不该是这本书的成绩，只是这本书的好还没有被更多人知道。我希望所有看到这条消息的朋友都去当当买一本。我保证这将是你花的最值得的33元。如果买了读后感觉后悔，直接退我这里。			2013001972	00	0	1397721868868
1447025-	0		0	Sat Jan 26 20:10:14 +0800 2013			3538812946732629	3538812946732629				3538812946732629	0			0	<a href=" rel="nofollow">微博 weibo.com</a>	是有这赶脚[嘻嘻]			2013001972	00	3526720931926413	1397721868869
1447026-	0		0	Mon Jun 27 17:03:43 +0800 2011			13115938878	13115938878				5622822677696352173	0			0	<a href=" rel="nofollow">微博 weibo.com</a>	决斗这天，枪响之后，对方站立着，此人却倒下了。原来以往此人只看到对方右手出枪，却从不知道对方左手出枪比自己更快。			2013001972	00	0	1397721868870
1447027-	0		0	Wed Nov 16 20:23:35 +0800 2011			3380452796259564	3380452796259564				3380452796259564	0			0	<a href=" rel="nofollow">微博 weibo.com</a>	转发微博			2013001972	00	3380432303593147	1397721868871
1447028-	0		1	Mon Feb 13 10:33:39 +0800 2012			3412556854615350	3412556854615350				3412556854615350	0			0	<a href=" rel="nofollow">微博 weibo.com</a>	直到世界的尽头			2013001972	00	0	1397721868871
1447029-	0		0	Sat Mar 02 15:15:44 +0800 2013			3551422400130099	3551422400130099				3551422400130099	0			0	<a href=" rel="nofollow">微博 weibo.com</a>	转发微博			2013001972	00	3551420098185871	1397721868872
1447030-	0		0	Sun May 20 15:15:00 +0800 2012			3447779282365782	3447779282365782				3447779282365782	0			0	<a href=" rel="nofollow">Android客户端</a>	好可爱[爱你]			2013001972	00	3447778313315857	1397721868873
1447031-	0		0	Sun May 20 15:25:34 +0800 2012			3447781945816998	3447781945816998				3447781945816998	0			0	<a href=" rel="nofollow">Android客户端</a>	[哈哈][哈哈]			2013001972	00	3447781618467775	1397721868873
1447032-	0		0	Tue Dec 18 12:17:58 +0800 2012			3524560961766474	3524560961766474				3524560961766474	0			0	<a href=" rel="nofollow">微博 weibo.com</a>	给力：			2013001972	00	0	1397721868874
1447033-	0		1	Thu Jun 30 00:14:17 +0800 2011			13285123656	13285123656				5623675804231546212	0			0	<a href=" rel="nofollow">微博 weibo.com</a>	今天去了趟西单图书大厦和中关村图书大厦，那真是满眼的PPT书啊。我最搞不懂的一点就是，中国怎么突然冒出这么多需要做PPT的人？			2013001972	00	0	1397721868875
1447034-	1		1	Tue Sep 17 09:57:23 +0800 2013			3623457465746355	3623457465746355				3623457465746355	0			4	<a href=" rel="nofollow">微博 weibo.com</a>	转发微博			2013001972	00	3623454626878380	1397721868875
1447035-	0		0	Sun Aug 11 08:55:34 +0800 2013			3610033558150125	3610033558150125				3610033558150125	0			0	<a href=" rel="nofollow">微博 weibo.com</a>	眼泪掉下来 //@IT程序猿:→_→ //@楠楠说她什么都不想说: →_→ //@难得ME糊涂:图片真相了[哈哈][哈哈]			2013001972	00	3609871591027449	1397721868876
1447036-	0		0	Thu Jun 20 16:34:50 +0800 2013			3591304963089721	3591304963089721				3591304963089721	0		#	1	<a href=" rel="nofollow">微博 weibo.com</a>	《宇宙的背面》在多看书城上线后，已进入科学与自然类畅销前十名。对于科普书，我的观点是，如果科普书不能引发人的思考，不能立足严谨的科学同时又展开大胆的想象，那就不是好的科普。 @星河-作家 @科学松鼠会 @中国科普博览 @环球科学杂志社 @酷炫脑科学 @科技文化郑军			2013001972	00	0	1397721868877
1447037-	0		0	Mon May 14 07:24:54 +0800 2012			3445486650703645	3445486650703645				3445486650703645	0			0	<a href=" rel="nofollow">Android客户端</a>	【耶鲁大学心态理念】1.要无条件自信，即使在做错的时候。2.不要想太多，定时清除消极思想。3.学会忘记痛苦，为阳光记忆腾出空间。4.敢于尝试，敢于丢脸。5.每天都是新的，烦恼痛苦不过夜。6.面对别人的优秀时，发自内心地赞美。7.做人最高境界不是一味低调，也不是一味张扬，而是始终如一的不卑不亢。			2013001972	00	0	1397721868877
1447038-	0		0	Sat Jun 18 21:59:00 +0800 2011			12592059304	12592059304				5619559005071658356	0			0	<a href=" rel="nofollow">微博 weibo.com</a>	果断转发。千年一遇天天遇。这就叫一万年太久，只争朝夕。			2013001972	00	12591789967	1397721868878
1447039-	0		0	Thu Jul 05 07:32:24 +0800 2012			3464332711172054	3464332711172054				3464332711172054	0			1	<a href=" rel="nofollow">Android客户端</a>	转发微博			2013001972	00	3415965356166528	1397721868879
1447040-	0		0	Thu May 17 08:43:43 +0800 2012			3446593649131389	3446593649131389				3446593649131389	0			0	<a href=" rel="nofollow">Android客户端</a>	转发微博			2013001972	00	3446592978011996	1397721868879
1447041-	0		0	Tue Jun 12 10:20:09 +0800 2012			3456040001480692	3456040001480692				3456040001480692	0			0	<a href=" rel="nofollow">微博 weibo.com</a>	你这沓草纸怎么不说说中国的官民比例还是全球最高的？！嗯？！养着这么大一帮贪官污吏，别说延长到65岁，就是延长到70岁，能喂饱这帮肮脏的饭桶么？！嗯？！			2013001972	00	3456008850658141	1397721868880
1447042-	0		0	Mon Jul 15 13:17:18 +0800 2013			3600314953156151	3600314953156151				3600314953156151	0			0	<a href=" rel="nofollow">微博 weibo.com</a>	程序员本是跟和尚一样耐得住寂寞的人，但是在这样的社会环境和时代大潮中，也难免感到焦虑、空虚和茫然，变得浮躁起来。――《从程序员到项目经理》[xkl转圈]			2013001972	00	0	1397721868881
1447043-	0		3	Thu Jun 28 17:15:01 +0800 2012			3461942611808474	3461942611808474				3461942611808474	0			2	<a href=" rel="nofollow">微博 weibo.com</a>	回复@ibuick:这不用你操心，我策划的书是什么质量，我的个性是怎样的，各社都清楚，但你，今天算是在出版界出了名了。 //@ibuick:回复@陈冰_图书出版人:我污蔑你？你还真会给自己找台阶啊，这次一掰扯都知道您什么人了，挺好的。			2013001972	00	3461915441468900	1397721868881
1447044-	0		0	Sat Apr 28 06:41:26 +0800 2012			3439677505890724	3439677505890724				3439677505890724	0			0	<a href=" rel="nofollow">Android客户端</a>	[嘻嘻]			2013001972	00	3439591640521101	1397721868882
1447045-	0		0	Sat May 19 23:20:46 +0800 2012			3447539140942436	3447539140942436				3447539140942436	0			0	<a href=" rel="nofollow">微博 weibo.com</a>	当镜头对准你时，你应微笑。每个人都会努力在快门按下那一刻绽开笑脸。			2013001972	00	0	1397721868882
1447046-	0		0	Thu Jun 16 16:37:08 +0800 2011			12448027486	12448027486				5618733890316236382	0			0	<a href=" rel="nofollow">微博 weibo.com</a>	转发微博。			2013001972	00	12442073879	1397721868883
1447047-	3		1	Fri Apr 04 14:59:27 +0800 2014			3695648668430254	3695648668430254				3695648668430254	0		#	1	<a href=" rel="nofollow">微博 weibo.com</a>	我最棒的设计师绿豆给《大话重构》设计的这个大班拿和海报页头很带感。很快就会在@互动出版网china-pub 上用上啦。[太开心]			2013001972	00	0	1397721868884
1447048-	0		0	Sun Mar 17 22:57:33 +0800 2013			3556974434079377	3556974434079377				3556974434079377	0			0	<a href=" rel="nofollow">微博 weibo.com</a>	我也是通过徐立冰知道弯曲评论的。希望 @徐立冰2011 的《腾云》这本书产生应有的价值。			2013001972	00	3556691603469196	1397721868884
1447049-	0		3	Sat Jan 07 10:11:33 +0800 2012			3399142941245144	3399142941245144				3399142941245144	0			1	<a href=" rel="nofollow">Android客户端</a>	其实人一生寻找的东西,往往就在自己眼皮子底下。………………没错,只不过这块眼皮子有时长达几千公里罢了。[爱你]			2013001972	00	0	1397721868885
1447050-	0		0	Thu Apr 26 08:42:19 +0800 2012			3438983151756694	3438983151756694				3438983151756694	0			0	<a href=" rel="nofollow">Android客户端</a>	[偷笑]			2013001972	00	3438980098088753	1397721868886
1447051-	0		2	Tue Feb 05 18:01:14 +0800 2013			3542404353249099	3542404353249099				3542404353249099	0			0	<a href=" rel="nofollow">Android客户端</a>	对于编程新手来说，如何在相对更短的时间内看完更多的技术书，我建议尝试一种新方法，以学一门新语言为例，先把该语言最经典一两本书买来，然后把与该语言密切相关的技术的经典书买来，之后把并不密切相关但只要是开发软件就应该阅读的经典书买来（假如你还没读过这些书的话）#最快学编程方法一#			2013001972	00	0	1397721868886
1447052-	0		0	Tue Jul 16 17:45:19 +0800 2013			3600744785289855	3600744785289855				3600744785289855	0			0	<a href=" rel="nofollow">微博 weibo.com</a>	黑客与画家，一流好书，看完会部分颠覆你对世界的看法。 //@黄永泰:黑客与画家，也不错~@两位林公子 @图灵刘紫凤 //@陈冰_图书出版人:不要篡改概念。不损害他人利益，同时努力实现自己的理想，我看不出这有任何不妥。《黑客与画家》中有一句话，你可以在创造财富的同时，不损害任何人的利益。			2013001972	00	3600370200360805	1397721868887
1447053-	1		1	Thu Mar 27 13:28:57 +0800 2014			3692726790475452	3692726790475452				3692726790475452	0			3	<a href=" rel="nofollow">微博 weibo.com</a>	当你在实际中真正要去做一次重构时，你发现你面对的不是一行或一段代码，而是整个软件。你看到这里有好些不乖的代码，那里也有数百头粗野的程序。所有这些显然都需要重构，但应该先改哪处呢，要从哪儿开始呢？在看了那么多重构书后，你发现你竟然在重构的第一步就卡壳了。这本书让你不再卡壳。			2013001972	00	3692712199356294	1397721868887
1447054-	0		0	Tue Jun 07 21:39:47 +0800 2011			11920311278	11920311278				5615472116058324402	0			0	<a href=" rel="nofollow">微博 weibo.com</a>	今天傍晚的时候，几个出版人QQ群里都在传一张建外SOHO某人跳楼自杀的图片，据报道此人是北京某媒体的编辑。大家猜测是此人是因为压力太大跳楼的。这让我想到前几天在一个微博中看到的一个小调查。			2013001972	00	0	1397721868888
1447055-	0		1	Fri Jul 05 15:57:06 +0800 2013			3596731298239656	3596731298239656				3596731298239656	0		#	0	<a href=" rel="nofollow">Android客户端</a>	看看这封面多棒，这就是科普书该有的感觉。			2013001972	00	0	1397721868889
1447056-	0		0	Mon Jan 23 14:41:37 +0800 2012			3405009120925738	3405009120925738				3405009120925738	0			0	<a href=" rel="nofollow">微博 weibo.com</a>	龙年大吉！犀水图书给大家拜年！恭祝朋友们健康快乐，事事顺心！2012年敬请关注我们的重点新书！[拜年了]			2013001972	00	0	1397721868889
1447057-	0		0	Tue Jul 12 17:58:57 +0800 2011			14256322832	14256322832				5628403188845671892	0			0	<a href=" rel="nofollow">微博 weibo.com</a>	“如果没有选择的自由，哪怕你给我的正是我所需要的，我也要拒绝！”――什么叫浪催的，这就叫浪催的。整个一神经病，鉴定完毕。			2013001972	00	0	1397721868890
1447058-	0		0	Tue Oct 25 20:25:19 +0800 2011			3372480698033381	3372480698033381				3372480698033381	0			0	<a href=" rel="nofollow">微博 weibo.com</a>	年轻时爱过是幸福的。 //@冷笑话精选:19岁那年，我爱你。。。			2013001972	00	3372119012347277	1397721868890
1447059-	0		0	Fri Mar 16 07:11:36 +0800 2012			3424102419264256	3424102419264256				3424102419264256	0			0	<a href=" rel="nofollow">微博 weibo.com</a>	转发微博			2013001972	00	3421400226380260	1397721868891
1447060-	0		4	Thu Oct 31 13:35:37 +0800 2013			3639457452356327	3639457452356327				3639457452356327	0		#	7	<a href=" rel="nofollow">微博 weibo.com</a>	《程序员第二步――从程序员到项目经理》每一位程序员和项目经理的必读之书！IT职场至关重要的第二步！美国项目管理协会认证PMP十年IT项目管理经验凝聚本书。最短时间，获得他人多年经验与真经！想创业？没问题。但在创业之前，先成为一名优秀的项目经理。如果转不动一个项目，何以转动一个公司！			2013001972	00	0	1397721868892
1447061-	0		0	Thu Aug 18 12:31:11 +0800 2011			3347719003820767	3347719003820767				3347719003820767	0			0	<a href=" rel="nofollow">微博 weibo.com</a>	太可爱了。又一个表情帝。[亲亲]			2013001972	00	3347715541205823	1397721868892
1447062-	0		0	Mon Jun 04 23:45:39 +0800 2012			3453343605144094	3453343605144094				3453343605144094	0			1	<a href=" rel="nofollow">微博 weibo.com</a>	[泪]致敬			2013001972	00	3452632838490581	1397721868893
1447063-	0		1	Mon Jun 27 23:25:05 +0800 2011			13141229670	13141229670				5622920955143343863	0			1	<a href=" rel="nofollow">微博 weibo.com</a>	所有没培训就上岗的父母们，赶紧看看这本书吧――《和儿子一起成长》。			2013001972	00	0	1397721868893
1447064-	0		0	Sat Apr 21 18:39:08 +0800 2012			3437321410339365	3437321410339365				3437321410339365	0			0	<a href=" rel="nofollow">Android客户端</a>	孩子的眼睛是雪亮的[哈哈]			2013001972	00	3437316603711393	1397721868894
1447065-	3		0	Tue Jan 14 17:14:02 +0800 2014			3666691508222334	3666691508222334				3666691508222334	0			0	<a href=" rel="nofollow">微博 weibo.com</a>	本人巨作《电脑使用说明书》在当当的读者评论终于达到1000条了，算是一个小里程碑，标记一下。 			2013001972	00	0	1397721868895
1447066-	0		1	Sun Jul 14 21:28:15 +0800 2013			3600076116705112	3600076116705112				3600076116705112	0			2	<a href=" rel="nofollow">微博 weibo.com</a>	这仪式才对得起十二年苦读。			2013001972	00	3600045246549317	1397721868895
1447067-	0		0	Fri Feb 22 13:24:12 +0800 2013			3548495220612718	3548495220612718				3548495220612718	0			0	<a href=" rel="nofollow">微博 weibo.com</a>	三星Note 3要来了？ibtimes上透露三星有可能在2月25日到28日的移动世界大会上推出Galaxy Note 3。三星可能在发布Galaxy Note 3 的同时宣布该手机将于2月末上市。  就等这个了。[呵呵]			2013001972	00	0	1397721868896
1447068-	0		1	Mon Mar 05 14:22:32 +0800 2012			3420224600653927	3420224600653927				3420224600653927	0			1	<a href=" rel="nofollow">微博 weibo.com</a>	能提出这个提案，这叫“创造力”。这个提案能通过，那就叫“奇迹”。			2013001972	00	3420198398712906	1397721868897
1447069-	0		0	Fri Nov 11 08:58:30 +0800 2011			3378468454228608	3378468454228608				3378468454228608	0			0	<a href=" rel="nofollow">微博 weibo.com</a>	在一个原子的位置，人类只能放下一个原子，但上帝可以放得更多。			2013001972	00	0	1397721868897
1447070-	0		1	Fri Jul 08 17:08:45 +0800 2011			13937752998	13937752998				5626905911693695009	0			0	<a href=" rel="nofollow">微博 weibo.com</a>	@生活的美太美 今天本来要同时给你寄出奖品的，但申通快递说你的地址真的到不了。我回头看看怎么通过E邮宝给你寄吧。最近比较忙，估计要晚几天了。			2013001972	00	0	1397721868898
1447071-	0		0	Mon Sep 10 20:51:25 +0800 2012			3488813768261445	3488813768261445				3488813768261445	0			0	<a href=" rel="nofollow">专业版微博</a>	转发微博			2013001972	00	3475030208139824	1397721868899
1447072-	0		0	Thu Apr 26 07:32:38 +0800 2012			3438965615457176	3438965615457176				3438965615457176	0			0	<a href=" rel="nofollow">Android客户端</a>	李开复老师这都从哪儿挖出来的图图啊,不管真的假的,反映的都是心声啊,太特么欢乐了[哈哈] //@李开复:真的调查还是PS的？			2013001972	00	3438822094477788	1397721868899
1447073-	0		2	Thu Jul 18 12:12:41 +0800 2013			3601385859469973	3601385859469973				3601385859469973	0			1	<a href=" rel="nofollow">微博 weibo.com</a>	原书封面绝对不适合国人口味。中文版的整体策划是这个[good]			2013001972	00	3601375689178251	1397721868900
1447074-	0		0	Thu Jun 28 17:07:27 +0800 2012			3461940707378045	3461940707378045				3461940707378045	0			0	<a href=" rel="nofollow">微博 weibo.com</a>	好啊，来吧			2013001972	00	3461915441468900	1397721868900
1447075-	3		1	Fri Apr 04 14:59:27 +0800 2014			3695648668430254	3695648668430254				3695648668430254	0		#	1	<a href=" rel="nofollow">微博 weibo.com</a>	我最棒的设计师绿豆给《大话重构》设计的这个大班拿和海报页头很带感。很快就会在@互动出版网china-pub 上用上啦。[太开心]			2013001972	00	0	1397721868901
1447076-	0		1	Tue Jan 03 09:42:07 +0800 2012			3397685983744862	3397685983744862				3397685983744862	0		#	0	<a href=" rel="nofollow">微博 weibo.com</a>	德国红点设计大奖获得者刘松的第一本书――《我是设计师》将要出版了。五个入选封面中，各位更喜欢哪个[亲亲]。封面一：			2013001972	00	0	1397721868901
1447077-	0		0	Fri May 18 07:32:01 +0800 2012			3446937997061373	3446937997061373				3446937997061373	0			1	<a href=" rel="nofollow">Android客户端</a>	1.爱所有人，信少数人，不欺负任何人。2.当我们做对了没有人会记得，当我们做错了没有人会忘记。3.幸福就是好的身体和坏的记忆。4.做与不做的最大区别是:后者拥有对前者的评论权。			2013001972	00	0	1397721868902
1447078-	0		0	Mon Jun 20 23:42:14 +0800 2011			12698564414	12698564414				5620327778442542015	0			1	<a href=" rel="nofollow">微博 weibo.com</a>	是的，只有真正的英雄才能见到后天的太阳。			2013001972	00	12698283568	1397721868903
1447079-	0		0	Fri Aug 23 10:05:06 +0800 2013			3614399715788599	3614399715788599				3614399715788599	0			0	<a href=" rel="nofollow">Android客户端</a>	一起颤抖吧[偷笑]			2013001972	00	3614372901932227	1397721868903
1447080-	0		0	Tue Mar 19 21:37:01 +0800 2013			3557678942604272	3557678942604272				3557678942604272	0			1	<a href=" rel="nofollow">微博 weibo.com</a>	巧妙 //@当时我就震惊了:很棒的创意，这个可以有！			2013001972	00	3557660475116727	1397721868904
1447081-	0		0	Fri Jul 22 11:07:32 +0800 2011			15014993331	15014993331				3337913479880238	0			0	<a href=" rel="nofollow">微博 weibo.com</a>	最爱海绵宝宝和派那星[抱抱]			2013001972	00	15013161369	1397721868905
1447082-	0		0	Tue Jun 07 21:31:52 +0800 2011			11919760138	11919760138				5615470075948747386	0			0	<a href=" rel="nofollow">微博 weibo.com</a>	所以，得到结论，人都是“被老的”。			2013001972	00	0	1397721868905
1447083-	0		2	Thu Aug 08 22:36:07 +0800 2013			3609152892949803	3609152892949803				3609152892949803	0			3	<a href=" rel="nofollow">微博 weibo.com</a>	日久见人心。时间长了，一个人的本质就不可避免地会显露出来。一个人最终剩下的也只能是其本质。			2013001972	00	0	1397721868906
1447084-	0		0	Thu Nov 03 18:30:36 +0800 2011			3375713321469836	3375713321469836				3375713321469836	0			0	<a href=" rel="nofollow">微博 weibo.com</a>	今天在卓越上订的《有钱人为何用长钱包》收到了，读了一点感觉还不错。书的封面设计比较新颖，就是一个长钱包的样子，钱包的“盖子”打开后可以收起折叠为封底勒口。			2013001972	00	0	1397721868907
1447085-	2		6	Fri Nov 29 14:29:50 +0800 2013			3649980344396197	3649980344396197				3649980344396197	0		#	0	<a href=" rel="nofollow">微博 weibo.com</a>	新买的工业级工具到了，精致、称手，实为维修汽车，拆卸马桶，修身养性之必备利器。			2013001972	00	0	1397721868907
1447086-	0		4	Wed Oct 17 15:43:07 +0800 2012			3502144546114224	3502144546114224				3502144546114224	0		#	0	<a href=" rel="nofollow">微博 weibo.com</a>	《C程序设计伴侣》样书今天拿到了，效果非常好！			2013001972	00	0	1397721868908
1447087-	0		0	Sat Jan 26 09:29:45 +0800 2013			3538651759466024	3538651759466024				3538651759466024	0			0	<a href=" rel="nofollow">微博 weibo.com</a>	中国以前不是这样的。			2013001972	00	3537909451557568	1397721868908
1447088-	0		0	Wed Jul 13 11:47:22 +0800 2011			14309637460	14309637460				5628678517718110607	0			0	<a href=" rel="nofollow">微博 weibo.com</a>	由于 @阳光的fengxing 在我多次催促其提供手机号以便我能够给其邮寄奖品的情况下，始终不提供手机号，已长达7天，现取消此人的获奖资格。特此声明。			2013001972	00	0	1397721868909
1447089-	0		0	Wed May 23 23:45:50 +0800 2012			3448995000631521	3448995000631521				3448995000631521	0			0	<a href=" rel="nofollow">专业版微博</a>	大前端，这个名字很好。议题？就来谈谈前端的职业之路吧			2013001972	00	3448912788609089	1397721868909
1447090-	0		11	Tue Jan 03 09:43:53 +0800 2012			3397686428170391	3397686428170391				3397686428170391	0		#	0	<a href=" rel="nofollow">微博 weibo.com</a>	德国红点设计大奖获得者刘松的第一本书――《我是设计师》将要出版了。五个入选封面中，各位更喜欢哪个。封面五：			2013001972	00	0	1397721868910
1447091-	0		0	Sat Jun 02 08:58:42 +0800 2012			3452395625184020	3452395625184020				3452395625184020	0			0	<a href=" rel="nofollow">微博 weibo.com</a>	祝贺《电脑使用说明书》当当评价数达到100条！ 想到我在这本书的策划上犯下这多错误：封面差、书名差、开本版式差、纸张选的不合适，在这种情况下仍有那么多读者耐着性子发现了这本书内在的好，我就热泪盈眶啊[泪]，还好这本书是我自己写的，否则愧疚心就更大了。			2013001972	00	0	1397721868910
1447092-	0		0	Mon Apr 30 07:36:03 +0800 2012			3440416026670956	3440416026670956				3440416026670956	0			0	<a href=" rel="nofollow">Android客户端</a>	肯德基爷爷震惊了[哈哈]			2013001972	00	3440414520815711	1397721868911
1447093-	0		0	Tue Mar 18 17:02:20 +0800 2014			3689519003507622	3689519003507622				3689519003507622	0			0	<a href=" rel="nofollow">微博 weibo.com</a>	小编一点判断力没有么，这种新闻也值得发。这只不过是卫星把正从一片森林上空飞过的一架民航飞机给拍下来了。			2013001972	00	0	1397721868911
1447094-	0		3	Sat Jun 18 12:09:57 +0800 2011			12563885301	12563885301				5619407208034733880	0		#	2	<a href=" rel="nofollow">微博 weibo.com</a>	【震惊：2012的预言终于证实了！】任何手机用自带的计算器，用2012除以8.048，手机将会显示机主姓名。目前没有任何专家可以解释这一现象。很灵异，很惊悚，很暴力！试完，我彻底崩溃了……			2013001972	00	0	1397721868912
1447095-	0		9	Sat May 12 18:30:05 +0800 2012			3444929273091162	3444929273091162				3444929273091162	0			8	<a href=" rel="nofollow">微博 weibo.com</a>	在互动出版订的《人脉是设计出来的》这本书到了，正在读，非常好，推荐！另，勘误一下下，封面上有个错别字，“要成为狮子，就要待在狮群”中的“待”错写成“呆”了，提醒@磨铁图书 重印时修改[可爱]			2013001972	00	0	1397721868913
1447096-	0		1	Wed May 09 18:06:39 +0800 2012			3443836212916479	3443836212916479				3443836212916479	0			1	<a href=" rel="nofollow">Android客户端</a>	[哈哈][哈哈][哈哈]			2013001972	00	3443834715501881	1397721868913
1447097-	0		0	Fri May 04 07:03:41 +0800 2012			3441857432613367	3441857432613367				3441857432613367	0			0	<a href=" rel="nofollow">Android客户端</a>	每见必转			2013001972	00	3441856577019819	1397721868914
1447098-	0		0	Tue Jun 28 22:30:35 +0800 2011			13207013968	13207013968				5623277995771579802	0			0	<a href=" rel="nofollow">微博 weibo.com</a>	感谢凤凰读书网发布《电脑使用说明书》书讯：			2013001972	00	0	1397721868914
1447099-	0		1	Wed Oct 30 13:00:23 +0800 2013			3639086193117725	3639086193117725				3639086193117725	0			0	<a href=" rel="nofollow">微博 weibo.com</a>	诺贝尔奖难道是可以集训出来的？这新闻劲脆鸡腿堡了			2013001972	00	0	1397721868915
1447100-	0		3	Tue Mar 12 10:33:53 +0800 2013			3554975344876491	3554975344876491				3554975344876491	0			10	<a href=" rel="nofollow">微博 weibo.com</a>	封面设计的要点以及十五个好封面。 @出版人堂埔 @清华大学出版社计算机分社 @范晔1542 @山曰水曰 @印刷工业出版社 @中国华侨出版社官博 @北京十月文艺出版社 @湖南文艺出版社 @图灵教育 @作家出版社 @华章图书 @图书出版人杨海玲 @南海出版公司			2013001972	00	0	1397721868915
1447101-	0		0	Tue May 08 22:58:26 +0800 2012			3443547266701149	3443547266701149				3443547266701149	0			0	<a href=" rel="nofollow">微博 weibo.com</a>	韩老师总能带给我们那多的欢乐，绝对的国宝级人物[哈哈]			2013001972	00	3443546603990720	1397721868916
1447102-	0		0	Tue Nov 01 11:57:24 +0800 2011			3374889591788277	3374889591788277				3374889591788277	0			0	<a href=" rel="nofollow">微博 weibo.com</a>	贵在执行。			2013001972	00	3374884535328694	1397721868916
1447103-	0		0	Mon Sep 12 11:06:47 +0800 2011			3356757460736441	3356757460736441				3356757460736441	0			0	<a href=" rel="nofollow">微博手机版</a>	第一次看IMAX3D，变形金刚3，过瘾，还好赶在下线前看了。不过据说在前排看立体效果会更强，更过瘾，我是在后排看的，下次去前排看。			2013001972	00	0	1397721868917
1447104-	0		1	Wed Dec 12 17:35:45 +0800 2012			3522466603032662	3522466603032662				3522466603032662	0			2	<a href=" rel="nofollow">微博 weibo.com</a>	没看过不做评价。但看书名，又是那种只有中国才会出的书。中国特色。			2013001972	00	3519503587673832	1397721868918
1447105-	0		0	Tue Feb 28 11:00:43 +0800 2012			3417999484527901	3417999484527901				3417999484527901	0			0	<a href=" rel="nofollow">微博 weibo.com</a>	揭晓答案是件多么诱人的事情啊，但她没有说出答案，只是提出问题。			2013001972	00	0	1397721868918
1447106-	0		0	Mon Sep 26 19:57:47 +0800 2011			3361964521077880	3361964521077880				3361964521077880	0			0	<a href=" rel="nofollow">微博 weibo.com</a>	（11）先把屏幕左右两侧的上下四个的橡胶按钮扣掉，把下面的螺丝卸掉，然后把屏幕下部中央的塑料盖片扣掉，卸掉下面的暗螺丝。然后，用拆机棒（或拆机片）沿着屏幕外侧的缝隙撬壳。必须用直型硬质拆机棒或大拆机片来拆（平的一面朝你）。带折角的拆机棒搞不定这步，也不要用指甲或螺丝刀来撬壳。			2013001972	00	0	1397721868919
1447107-	0		0	Thu Apr 11 10:51:38 +0800 2013			3565851447862814	3565851447862814				3565851447862814	0			0	<a href=" rel="nofollow">微博 weibo.com</a>	[good] //@阿嚏猫:今天的书我无需多言，王小波李银河不用说吧，亚马逊《一键下单》不用说吧，黄晓波的书更不用说吧！喜欢就买！另外限免继续，免费好杂志继续，喜欢就下！			2013001972	00	3565846599745281	1397721868919
1447108-	0		0	Fri Jun 29 17:14:09 +0800 2012			3462304781488194	3462304781488194				3462304781488194	0		#	0	<a href=" rel="nofollow">微博 weibo.com</a>	①码农甲：尼玛，早上楼下100多人等电梯，打卡迟到了十秒，就十秒啊，被扣工钱。码农乙：上班还用打卡？！②码农乙：春饼吃顶了，去公司睡眠室倒一会，晚上还要看巴神。码农甲：上班还能睡觉？！！――苦逼的公司都是相似的，幸福的公司各有各的幸福~ （转自@redstorm）@图灵谢工			2013001972	00	0	1397721868920
1447109-	0		0	Wed May 02 22:12:45 +0800 2012			3441361426278210	3441361426278210				3441361426278210	0		#	0	<a href=" rel="nofollow">微博 weibo.com</a>	FBI读心术这本书，有很多本“几乎完全一样的书”，而且显然都是“中国的”FBI们写的：			2013001972	00	0	1397721868921
1447110-	0		0	Mon Nov 28 23:31:27 +0800 2011			3384848724793541	3384848724793541				3384848724793541	0			0	<a href=" rel="nofollow">微博 weibo.com</a>	瞬间转移，大爱[爱你]			2013001972	00	3384845961429007	1397721868921
1447111-	0		1	Wed Apr 16 15:18:44 +0800 2014			3700002176071076	3700002176071076				3700002176071076	0		#	2	<a href=" rel="nofollow">微博 weibo.com</a>	通读一遍，编程从此不困惑！《大话重构》互动、卓越、当当现已到货，正式发货啦！另外，近期人品攒够者可以去51CTO有奖答题抽奖。活动地址：			2013001972	00	0	1397721868922
1447112-	0		0	Sat Apr 06 12:08:33 +0800 2013			3564058861058228	3564058861058228				3564058861058228	0			0	<a href=" rel="nofollow">微博 weibo.com</a>	哪家音乐公司能给这位天才出专辑？我第一个买。《妈妈的歌谣》 			2013001972	00	0	1397721868922
1447113-	0		0	Fri Aug 19 15:37:43 +0800 2011			3348128334198690	3348128334198690				3348128334198690	0			0	<a href=" rel="nofollow">微博 weibo.com</a>	好像还真是这样子。			2013001972	00	3348068591969965	1397721868923
1447114-	0		1	Sun Jun 24 10:42:03 +0800 2012			3460394170977856	3460394170977856				3460394170977856	0		#	1	<a href=" rel="nofollow">微博 weibo.com</a>	85年父亲进入出版界，退休后，重拾画笔，读书画画，生活及精神状态日佳，对人生颇有感悟，时有挥洒。一些新作帮他发上来。			2013001972	00	0	1397721868923
1447115-	0		0	Sat Aug 10 12:19:59 +0800 2013			3609722613258787	3609722613258787				3609722613258787	0			0	<a href=" rel="nofollow">微博 weibo.com</a>	35度赶赴会场[good] //@图灵刘紫凤:[可爱] //@2gua:[嘻嘻] @图灵刘紫凤			2013001972	00	3609683820981614	1397721868924
1447116-	0		0	Mon Sep 26 19:14:56 +0800 2011			3361953737276521	3361953737276521				3361953737276521	0		#	0	<a href=" rel="nofollow">微博 weibo.com</a>	（2）到网上看SL400的换屏轴视频，虽然视频不清楚，但看一遍还是心里有个数。看完后，开始拆。把笔记本电脑底部的所有螺丝都拆掉，螺丝奇多，仅仅SL500的底部就有30多个螺丝，大小长短不一，唯一避免搞混，我在一张纸上画上底部的草图，然后把每个螺丝按其原始位置插到这张纸上，用透明胶粘住。			2013001972	00	0	1397721868924
1447117-	0		0	Sat Aug 17 08:19:18 +0800 2013			3612198758349672	3612198758349672				3612198758349672	0			0	<a href=" rel="nofollow">微博 weibo.com</a>	感觉这封面应出自女设计师之手。没看内容，估计封面如此设计是为配合内容，换行在视觉上如同添加了一个逗号，可以让语句产生诗性。			2013001972	00	3612054012988392	1397721868925
1447118-	0		1	Fri Mar 16 18:37:17 +0800 2012			3424274976620689	3424274976620689				3424274976620689	0			1	<a href=" rel="nofollow">微博 weibo.com</a>	一开始觉得很新鲜，看着看着，就流泪了。 			2013001972	00	0	1397721868926
1447119-	0		4	Thu Jun 28 16:56:54 +0800 2012			3461938052656123	3461938052656123				3461938052656123	0			3	<a href=" rel="nofollow">微博 weibo.com</a>	你的第一本书销量惨淡，你现在又在找第二家能上你当的出版社来出你的第二本书。并且断章取义，诬蔑他人，标榜自己！我提醒其他IT出版社注意此人 @ibuick 以防中招。@机械工业出版社 @电子工业出版社 @清华大学出版社计算机分社 @图灵谢工 @武卫东 @慧敏编辑 @出版人杨福川			2013001972	00	3461915441468900	1397721868926
1447120-	0		0	Thu Jun 16 19:02:16 +0800 2011			12456836940	12456836940				5618771290893249967	0			1	<a href=" rel="nofollow">微博 weibo.com</a>	好看，美丽。100%是油画。//@有熊来了：嗯，我觉得背景里的水面景色真不错啊！湛清碧绿的！果断转载！			2013001972	00	12456555894	1397721868927
1447121-	0		0	Mon Jun 06 17:27:45 +0800 2011			11844957196	11844957196				5615036082389592980	0			0	<a href=" rel="nofollow">微博 weibo.com</a>	转发微博。			2013001972	00	10986460973	1397721868927
1447122-	0		0	Mon Jan 23 14:48:26 +0800 2012			3405010827999693	3405010827999693				3405010827999693	0		#	0	<a href=" rel="nofollow">微博 weibo.com</a>	春节回家，看到了父亲的几幅山水近作。用手机拍的。父亲退休前是期刊主编，退休后得以继续30多年前的国画爱好。			2013001972	00	0	1397721868928
1447123-	0		0	Wed Apr 11 08:41:41 +0800 2012			3433547174257878	3433547174257878				3433547174257878	0			1	<a href=" rel="nofollow">Android客户端</a>	对,微笑事儿大。			2013001972	00	3433544338994221	1397721868928
1447124-	0		0	Mon Dec 09 11:34:20 +0800 2013			3653560056765519	3653560056765519				3653560056765519	0			8	<a href=" rel="nofollow">微博 weibo.com</a>	我认为这两者不矛盾，好的项目经理来自好的程序员。相当于进入了二年级。不是好程序员的项目经理不会是好项目经理，这本书同时适合这两个阶段的人来阅读。作者的写作目的也是此。 //@老赵:这书到底是教人做好程序员的还是教人转型为项目经理的…			2013001972	00	3653554096978660	1397721868929
1447125-	0		1	Fri Aug 30 14:22:23 +0800 2013		type:Pointcoordinates:#40.069695#116.549484	3617001178169798	3617001178169798				3617001178169798	0			0	<a href=" rel="nofollow">Android客户端</a>	在书展发现有些日本和欧洲出版社出版的书的纸张中含有大量蚕丝，不知是为何？为了防静电还是为了那个味道？不过那个味道确实挺好闻。 我在:			2013001972	00	0	1397721868929
1447126-	0		0	Sat Jun 25 15:47:07 +0800 2011			12973693988	12973693988				5622060767681698588	0			0	<a href=" rel="nofollow">微博 weibo.com</a>	没错，IT书的总体销量是很差的。			2013001972	00	12972747720	1397721868930
1447127-	0		2	Sun Jun 30 21:51:57 +0800 2013			3595008650980645	3595008650980645				3595008650980645	0		#	0	<a href=" rel="nofollow">微博 weibo.com</a>	小草莓。要不要这么可爱。			2013001972	00	0	1397721868930
1447128-	0		1	Tue Jul 05 16:08:11 +0800 2011			13689438320	13689438320				5625777048260099906	0			0	<a href=" rel="nofollow">微博 weibo.com</a>	今天看到一本新书，书名叫《中国共产党为什么能》。第一眼看到这个书名的时候，我很惊讶居然叫这个书名，后来仔细一看才意识到是我多看出来了一个字。不知道大家有没有这错觉。			2013001972	00	0	1397721868931
1447129-	0		1	Sat Jun 16 21:37:04 +0800 2012			3457659904551059	3457659904551059				3457659904551059	0			0	<a href=" rel="nofollow">微博 weibo.com</a>	原来传奇也是他的，难怪听起来有些相似。好听的歌，……恍惚中，仿佛有窦唯艳阳天的一丝神韵。不过真正拿来和窦神比，还是差了1万次太阳升落的距离。			2013001972	00	9382836646	1397721868931
1447130-	0		0	Wed Jul 20 17:10:51 +0800 2011			14873221793	14873221793				3337280135676780	0			0	<a href=" rel="nofollow">微博 weibo.com</a>	还是喜欢看名著。名著里一页所获得的，比普通书一本获得的还多。			2013001972	00	0	1397721868932
1447131-	0		0	Wed May 30 07:17:34 +0800 2012			3451283014954100	3451283014954100				3451283014954100	0		#	0	<a href=" rel="nofollow">Android客户端</a>	分享图片			2013001972	00	0	1397721868932
1447132-	0		0	Wed Jun 15 10:23:05 +0800 2011			12355843744	12355843744				5618266413188521474	0			0	<a href=" rel="nofollow">微博 weibo.com</a>	向大家推荐两本好书：《亲爱的提奥：凡高自传》和《渴望生活――梵高传》。《亲爱的提奥》全部是梵高写给弟弟提奥的书信。《渴望生活》全方位的记录了梵高的一生。			2013001972	00	0	1397721868933
1447133-	0		0	Fri Jun 07 15:38:36 +0800 2013			3586579773754551	3586579773754551				3586579773754551	0			0	<a href=" rel="nofollow">微博 weibo.com</a>	回复@图灵谢工: 恭喜 @徐立冰2011 的《腾云》和 看雪版主丰生强的《Android软件安全与逆向分析》同时都三印了。[ok] //@图灵谢工: @徐立冰2011 @陈冰_图书出版人 喜事啊。			2013001972	00	3586575268888268	1397721868933
1447134-	2		6	Fri Nov 29 14:29:50 +0800 2013			3649980344396197	3649980344396197				3649980344396197	0		#	0	<a href=" rel="nofollow">微博 weibo.com</a>	新买的工业级工具到了，精致、称手，实为维修汽车，拆卸马桶，修身养性之必备利器。			2013001972	00	0	1397721868934
1447135-	0		0	Mon Jun 13 18:41:57 +0800 2011			12258076593	12258076593				5617652799796559380	0			0	<a href=" rel="nofollow">微博 weibo.com</a>	因为老师教的东西没用，所以学生到了社会上之后，就不得不重新开始学习另一套在中国这个全世界唯一有中国特色的国家特别吃香的技术――关系。关系，这门技术，简直是博大精深。			2013001972	00	0	1397721868934
1447136-	0		0	Sat Jun 18 23:29:17 +0800 2011			12597453104	12597453104				5619582270910921711	0		#	0	<a href=" rel="nofollow">微博 weibo.com</a>	向大家推荐一本好书《优势谈判》，这是一本几年前出的老书了，但没看过的朋友绝对值得看。作者是克林顿总统的谈判顾问。用一句话概括这本书的用处，那就是这本书会教给你如何在谈判中既达到自己的目标，同时还能让对方在谈判后感到是他赢得了这场谈判。这就是总统顾问的智慧。			2013001972	00	0	1397721868935
1447137-	1		1	Thu Mar 27 13:28:57 +0800 2014			3692726790475452	3692726790475452				3692726790475452	0			3	<a href=" rel="nofollow">微博 weibo.com</a>	当你在实际中真正要去做一次重构时，你发现你面对的不是一行或一段代码，而是整个软件。你看到这里有好些不乖的代码，那里也有数百头粗野的程序。所有这些显然都需要重构，但应该先改哪处呢，要从哪儿开始呢？在看了那么多重构书后，你发现你竟然在重构的第一步就卡壳了。这本书让你不再卡壳。			2013001972	00	3692712199356294	1397721868935
1447138-	0		0	Wed Jan 22 11:49:28 +0800 2014			3669508931402983	3669508931402983				3669508931402983	0			0	<a href=" rel="nofollow">微博 weibo.com</a>	这就类似于苹果和山寨苹果一样，一个个去打是打不完的，只有把自身品质提升到无法山寨的程度，山寨自然就成不了气候。			2013001972	00	3668809157745148	1397721868936
1447139-	0		0	Tue Jun 07 21:49:19 +0800 2011			11920986628	11920986628				5615474572779755465	0			0	<a href=" rel="nofollow">微博 weibo.com</a>	你该干的事情都干完了吗？你对自己承诺过的理想都实现了吗？因为该干的事情干不成，要实现的理想难以实现，这样就自杀岂不是太不负责了！人不能没有责任心，不能自食其言，尤其不能对自己食言。压力放在身前就是压力，放在身后就是TMD动力！			2013001972	00	0	1397721868936
1447140-	0		0	Tue Oct 04 03:03:58 +0800 2011			3364608488711003	3364608488711003				3364608488711003	0			0	<a href=" rel="nofollow">微博 weibo.com</a>	（2）国家大剧院中剧场之外的部分设计的非常出色，但最关键的剧场内部的设计的却极差，严重怀疑剧场内外不是同一个人设计的。尤其是座位的间距（所谓的过道），太窄！！！我身高1.75米，正常坐着都顶着膝盖，没办法只好歪着坐，难以想象身高更高的人怎么受得了！就不能把过道加宽点吗？！			2013001972	00	0	1397721868937
1447141-	0		1	Fri Jun 08 14:02:33 +0800 2012			3454646418747099	3454646418747099				3454646418747099	0			0	<a href=" rel="nofollow">微博 weibo.com</a>	这个会图灵应该参加。@图灵谢工			2013001972	00	3454333489856370	1397721868937
1447142-	0		0	Wed Apr 25 08:40:57 +0800 2012			3438620419560541	3438620419560541				3438620419560541	0			2	<a href=" rel="nofollow">Android客户端</a>	每一次知道自己无知,就该高兴,因为比之前又进步了一点点。			2013001972	00	0	1397721868938
1447143-	0		0	Tue Jul 02 14:46:54 +0800 2013			3595626459384967	3595626459384967				3595626459384967	0			0	<a href=" rel="nofollow">微博 weibo.com</a>	豆瓣上也是这情况，有些很垃圾的书，评论数多得吓死人。			2013001972	00	3595608231226149	1397721868938
1447144-	0		0	Sat Apr 14 19:36:54 +0800 2012			3434799236943351	3434799236943351				3434799236943351	0			1	<a href=" rel="nofollow">Android客户端</a>	转发微博			2013001972	00	3434752206130083	1397721868939
1447145-	0		0	Thu Mar 21 17:33:42 +0800 2013			3558342494307163	3558342494307163				3558342494307163	0			0	<a href=" rel="nofollow">微博 weibo.com</a>	谢谢各位转发哈			2013001972	00	3558228874700178	1397721868939
1447146-	0		0	Sat Apr 07 13:55:23 +0800 2012			3432176572308500	3432176572308500				3432176572308500	0		#	0	<a href=" rel="nofollow">Android客户端</a>	正在参加中国互联网站长大会。下午B会场。			2013001972	00	0	1397721868940
1447147-	0		0	Tue Jun 21 00:23:04 +0800 2011			12700300395	12700300395				5620338301112902852	0			0	<a href=" rel="nofollow">微博 weibo.com</a>	白老汉不知道自己没有被评上感动中国人物，此事与他无关，他关心的是贫困的孩子们。但感动中国人物里没有他，却是对感动中国人物这个节目的最大嘲讽。老人高寿，而且干成了自己想干的事，这幸福的老爷爷。			2013001972	00	11731360817	1397721868940
1447148-	0		0	Mon Aug 19 09:47:25 +0800 2013			3612945705213352	3612945705213352				3612945705213352	0		#	2	<a href=" rel="nofollow">微博 weibo.com</a>	很高兴看到《程序员，你伤不起》新华书店计算机程序设计类周榜第6名。@京东 和 @互动出版网china-pub 都给了很棒的宣传位，感谢支持！在当当目前位居30天榜第7名。			2013001972	00	0	1397721868940
1447149-	0		0	Wed Apr 18 12:33:07 +0800 2012			3436142130825568	3436142130825568				3436142130825568	0			0	<a href=" rel="nofollow">微博 weibo.com</a>	@罗振宇 啊 @罗振宇 你终于发现了中国房价高的真正原因！恭喜你啊！你都会抢答了！			2013001972	00	0	1397721868941
1447150-	0		0	Tue Jul 12 17:04:07 +0800 2011			14252539638	14252539638				5628389058402513769	0			0	<a href=" rel="nofollow">微博 weibo.com</a>	孔子曾经说过：“身穿破旧的棉袍，与穿着裘皮大衣的人站在一起而不以为耻的，大概只有子路了。”――摘自《从今天起，成为尊贵的人》			2013001972	00	0	1397721868941
1447151-	0		0	Tue Jan 22 10:52:55 +0800 2013			3537223129172166	3537223129172166				3537223129172166	0			1	<a href=" rel="nofollow">微博 weibo.com</a>	国内第一本Android软件安全书《Android软件安全与逆向分析》的答题送书活动已在看雪论坛开始啦，你的意见对我们很重要： 安卓巴士和eoe的活动也将在近期开始。			2013001972	00	3537222004981007	1397721868942
1447152-	0		1	Thu Jun 28 17:13:23 +0800 2012			3461942200618619	3461942200618619				3461942200618619	0			0	<a href=" rel="nofollow">微博 weibo.com</a>	回复@ibuick:我发现你还真是人前一套，背后一套，今天算开了眼了。 //@ibuick:回复@陈冰_图书出版人:我污蔑你？你还真会给自己找台阶啊，这次一掰扯都知道您什么人了，挺好的。			2013001972	00	3461915441468900	1397721868942
1447153-	0		0	Thu Jun 28 09:15:29 +0800 2012			3461821933962122	3461821933962122				3461821933962122	0			0	<a href=" rel="nofollow">Android客户端</a>	人有自由意识吗？人的大脑中的血管、神经，存储单元，全部都是固定的，这是一张极其复杂但却固定的电路图，对于这样的一个设备，一个给定的输入，只会产生一个确定的结果。所谓的自由，只是大量微小到无人注意的坚硬的确定加法运算的结果。在宇宙中，不存在自由意识这个东西。			2013001972	00	0	1397721868942
1447154-	0		0	Sat Apr 21 14:01:58 +0800 2012			3437251659136880	3437251659136880				3437251659136880	0			0	<a href=" rel="nofollow">Android客户端</a>	转发微博			2013001972	00	3437250937834562	1397721868943
1447155-	0		4	Sun May 27 13:53:25 +0800 2012			3450295470294022	3450295470294022				3450295470294022	0			4	<a href=" rel="nofollow">Android客户端</a>	1 只要你按时到达目的地，很少有人在乎你开的是奔驰还是手扶拖拉机；2 智者受赞美时句句反思，愚者受批评时句句反驳；3 只要你的心是善的，不必过于纠结自己的言行；4 按本色做人，按角色办事，按特色定位。			2013001972	00	0	1397721868944
1447156-	0		0	Wed May 23 07:17:10 +0800 2012			3448746195308428	3448746195308428				3448746195308428	0			0	<a href=" rel="nofollow">Android客户端</a>	欢乐啦[哈哈]			2013001972	00	3448745666688085	1397721868944
1447157-	1		0	Fri Aug 16 17:24:04 +0800 2013			3611973465923942	3611973465923942				3611973465923942	0			2	<a href=" rel="nofollow">微博 weibo.com</a>	作者和策划编辑之间是互相成就的。好作者只有遇到一个对的编辑，才能知道自己的水平到底有多强，才能看到自己作品的价值；而好编辑也只有找到一个好作者，才能英雄有用武之地，落实自己的策划思想。			2013001972	00	0	1397721868945
1447158-	0		0	Tue May 08 07:18:29 +0800 2012			3443310713052110	3443310713052110				3443310713052110	0			1	<a href=" rel="nofollow">Android客户端</a>	手机上没法看,先转发,回头电脑上体验。[嘻嘻]			2013001972	00	3443162640586413	1397721868945
1447159-	0		1	Sun Aug 07 15:19:22 +0800 2011			3343775061926694	3343775061926694				3343775061926694	0			1	<a href=" rel="nofollow">微博 weibo.com</a>	不同意！这不是中国人的特色，而是当今政府和当今制度下的苦逼产物！先秦时代的中国，完全不是这样！			2013001972	00	3343755625180974	1397721868946
1447160-	0		0	Wed Jun 13 22:08:12 +0800 2012			3456580575791772	3456580575791772				3456580575791772	0			0	<a href=" rel="nofollow">微博 weibo.com</a>	你们还想要多少特权。 //@马丁路德钢:党员干部是主体 //@庄表伟: //@Doriscafe: 为了祖国的萝莉，转！ //@创业邦陈俊: //@洪晃ilook:转起来，这个事情必须要有说法，是可忍孰不可忍！ //@张向东:一张图看懂嫖宿幼女罪的危害。			2013001972	00	3456394252874855	1397721868946
1447161-	0		0	Tue Jan 17 15:38:29 +0800 2012			3402849096455677	3402849096455677				3402849096455677	0		#	0	<a href=" rel="nofollow">微博 weibo.com</a>	这本绘本是完全基于作者自己和朋友们的真实经历而创作的，记录了作者中学时代和朋友们之间发生的那些搞笑有趣、荒诞温情的故事。 这些回忆是作者的，但同时也是我们每个人的。我们都曾年少轻狂，我们都曾青葱岁月。翻开这本书，相信很多你以为你已经忘却的温馨回忆会再次涌上你的心头！			2013001972	00	0	1397721868947
1447162-	0		0	Wed Aug 29 10:47:52 +0800 2012			3484313229770107	3484313229770107				3484313229770107	0			0	<a href=" rel="nofollow">微博 weibo.com</a>	每当新书上市前，心情一定是纠结的，不可能平静。平静和策划，是矛盾的。不下到水里，是学不会游泳的。一旦新书投入市场，就要开足马力，全力以赴！			2013001972	00	0	1397721868947
1447163-	0		2	Fri Feb 24 14:55:13 +0800 2012			3416608946771257	3416608946771257				3416608946771257	0			1	<a href=" rel="nofollow">微博 weibo.com</a>	我不认为科普的最终目的是吸引青少年从事科学研究，科普的意义我认为在于引导人们对周遭事物的思考。从事科学研究只是思考之后的结果之一，而并非唯一结果。如果科普只是知识的通俗讲解，那和百科知识有何不同。知识本身不能创造任何新东西，只有思考才会。@寻萤者付新华			2013001972	00	3416535991174029	1397721868948
1447164-	0		0	Tue Jun 07 21:29:59 +0800 2011			11919625530	11919625530				5615469590617416202	0			0	<a href=" rel="nofollow">微博 weibo.com</a>	一个人自己是很难感觉到自己老的，有一天你突然意识到自己应该是年纪很大了多半是因为你发现你年轻时认识的朋友都年纪好大了，而且悲催得是你知道你和他们是同龄。			2013001972	00	0	1397721868948
1447165-	0		0	Thu Oct 27 19:25:02 +0800 2011			3373190303531807	3373190303531807				3373190303531807	0			0	<a href=" rel="nofollow">投票</a>	我参与了投票【你觉得纸体书会死吗？】　　投给"纸书不死，电子阅读永远不能替代书香" 这1个选项			2013001972	00	0	1397721868949
1447166-	0		5	Mon Aug 15 18:11:33 +0800 2011			3346717495969867	3346717495969867				3346717495969867	0		#	3	<a href=" rel="nofollow">微博 weibo.com</a>	大家更喜欢这四个书名中的哪个！一本绘本书即将出版，是作者及其朋友高中时发生的趣事，用漫画的形式记录下来。书名目前有四个，大家觉得哪个好：《我小时候》、《想当年》、《好汉当年勇》、《哥当年》。			2013001972	00	0	1397721868949
1447167-	0		0	Thu Dec 29 18:03:25 +0800 2011			3396000195002013	3396000195002013				3396000195002013	0			0	<a href=" rel="nofollow">微博 weibo.com</a>	晃着大脑袋，给你讲诉我的故事！~ 			2013001972	00	0	1397721868950
1447168-	0		0	Tue Jul 30 10:08:33 +0800 2013			3605703262270704	3605703262270704				3605703262270704	0			0	<a href=" rel="nofollow">微博 weibo.com</a>	编辑失察，随机摘几句，谷歌百度一下就能发现问题，最次在看到代码注释中有另一作者名时也该引起警惕。也真不懂这抄袭者是咋想的。			2013001972	00	3605486613791280	1397721868951
1447169-	0		1	Sun Sep 01 11:41:30 +0800 2013			3617685470241974	3617685470241974				3617685470241974	0			1	<a href=" rel="nofollow">专业版微博</a>	随手翻开任何一页，你会喜欢读下去。			2013001972	00	3616591163559610	1397721868951
1447170-	0		0	Fri Aug 26 22:05:51 +0800 2011			3350762725853818	3350762725853818				3350762725853818	0			0	<a href=" rel="nofollow">微博 weibo.com</a>	年纪一把，居然是B。			2013001972	00	3350640488659956	1397721868952
1447171-	0		0	Thu Nov 10 12:33:43 +0800 2011			3378160224109779	3378160224109779				3378160224109779	0			0	<a href=" rel="nofollow">微博 weibo.com</a>	这个国家已令人无语。但这个老师的眼神让人知道，希望还在。			2013001972	00	6811082451	1397721868952
1447172-	0		0	Tue Sep 25 10:21:36 +0800 2012			3494091092912484	3494091092912484				3494091092912484	0			1	<a href=" rel="nofollow">微博 weibo.com</a>	能理解你的心情，但很多学校还是使用这本书做教材，这是个现实，未来一段时间内还不得不面对这个现实，这就是我给出的一个让生活变得容易点的办法。 //@廖雪峰:我真心建议学《C程序设计》的学生换一本教程			2013001972	00	3493838917838161	1397721868953
1447173-	0		1	Wed May 09 08:18:54 +0800 2012			3443688305247924	3443688305247924				3443688305247924	0			0	<a href=" rel="nofollow">Android客户端</a>	就算想博眼球或是其他什么目的拜托先把话先把语句说通顺了成么？读了三遍愣没完全吃透你到底想说啥,不过找骂的中心思想倒是看出来了。			2013001972	00	3443648525734388	1397721868953
1447174-	0		0	Thu Aug 30 15:56:05 +0800 2012			3484753182857664	3484753182857664				3484753182857664	0			0	<a href=" rel="nofollow">微博 weibo.com</a>	时速500公里的高铁我不敢坐，时速80公里的自行车我也不敢骑。			2013001972	00	3484752915393406	1397721868954
1447175-	0		1	Thu Nov 17 19:52:27 +0800 2011			3380807345129958	3380807345129958				3380807345129958	0		#	0	<a href=" rel="nofollow">微博 weibo.com</a>	这两个章首页版式，大家喜欢哪个。版式一			2013001972	00	0	1397721868954
1447176-	0		1	Sat Apr 14 10:51:32 +0800 2012			3434667015697708	3434667015697708				3434667015697708	0			0	<a href=" rel="nofollow">Android客户端</a>	除非你已经是名人,对于给你出版第一本书的出版方,只要出版方正常履行了合同,无论书的销量如何,作者是应当心存感激的,至少我作为作者是这样的心情。			2013001972	00	3434578176370242	1397721868955
1447177-	0		0	Sat May 19 12:38:19 +0800 2012			3447377463482639	3447377463482639				3447377463482639	0			0	<a href=" rel="nofollow">微博 weibo.com</a>	这设计太经典了。			2013001972	00	3444806456178094	1397721868955
1447178-	0		2	Sun Jan 01 21:43:44 +0800 2012			3397142808513126	3397142808513126				3397142808513126	0			1	<a href=" rel="nofollow">微博 weibo.com</a>	每次都觉得有半盒酸奶粘在盖子上，必须舔。[亲亲]			2013001972	00	3397033933544097	1397721868955
1447179-	0		0	Thu Nov 10 20:24:24 +0800 2011			3378278675369656	3378278675369656				3378278675369656	0			0	<a href=" rel="nofollow">微博 weibo.com</a>	努力，你可以做到。Air Jordan震撼广告。背景音乐超经典。			2013001972	00	0	1397721868956
1447180-	0		0	Wed Mar 13 20:35:31 +0800 2013			3555489146863223	3555489146863223				3555489146863223	0			2	<a href=" rel="nofollow">微博 weibo.com</a>	转发微博			2013001972	00	3555473644984996	1397721868956
1447181-	0		1	Tue Aug 20 13:56:18 +0800 2013			3613370731305487	3613370731305487				3613370731305487	0			4	<a href=" rel="nofollow">加网分享按钮</a>	谈谈纸书和电子书――以读者、作者、出版者的三重身份感受它 作者：陈冰    周围很黑，没有光。黎明前的黑暗让人很难受。我年初的时候写过一篇文章《纸的时代结束了》，我今天又写了这篇文章，谈谈我的一些不成熟的看法和感受。  			2013001972	00	0	1397721868957
1447182-	0		1	Fri Aug 30 12:53:18 +0800 2013			3616978760016035	3616978760016035				3616978760016035	0			2	<a href=" rel="nofollow">Android客户端</a>	回复@田磊阳:疯了，疯了疯了疯了，吉日嘎啦这手笔太大了。 //@田磊阳:@陈冰_图书出版人			2013001972	00	3616964662055088	1397721868958
1447183-	0		1	Wed Jun 20 22:50:05 +0800 2012			3459127830990962	3459127830990962				3459127830990962	0			1	<a href=" rel="nofollow">微博搜索</a>	跟张绍刚对话，除了这样子没别的方式。			2013001972	00	3458954397291539	1397721868958
1447184-	0		1	Wed Mar 13 19:33:21 +0800 2013			3555473489628795	3555473489628795				3555473489628795	0			0	<a href=" rel="nofollow">微博 weibo.com</a>	论创新和伪创新。中国很多所谓的创新，实际上是在一切创新的出口被完全封死和掐死情况下的畸形挣扎，这畸形因为太过离奇，以至于看起来像是某种创新，而实际上，它不仅不是创新，而恰恰是完全病态的扭曲，散发出浓重的弱者和死亡的气息。那创新是什么？我的理解，创新就是生命的奔放。请写下你的理解。			2013001972	00	0	1397721868959
1447185-	0		1	Sat Mar 30 09:15:09 +0800 2013			3561478512334667	3561478512334667				3561478512334667	0			0	<a href=" rel="nofollow">微博搜索</a>	@罗永浩 的锤子rom界面，乍看不好看，MD，越看越好看。和其他界面相比，锤子界面很有一种古典和现代结合的雅致，能让心静下来。			2013001972	00	3560753195771787	1397721868959
1447186-	0		0	Fri Nov 01 13:33:51 +0800 2013			3639819395177697	3639819395177697				3639819395177697	0			0	<a href=" rel="nofollow">微博 weibo.com</a>	右上角的那位从穿着打扮和气质上看是自食其力有坚定毅力的，能不为浮躁所动。程序员的本质应是这样。 //@图灵刘紫凤:@陈冰_图书出版人			2013001972	00	3639810885436776	1397721868960
1447187-	0		1	Sun Jan 27 00:35:41 +0800 2013			3538879736930481	3538879736930481				3538879736930481	0			1	<a href=" rel="nofollow">微博 weibo.com</a>	绝妙 //@星河-作家:赞。 //@作家吴岩: //@夏小蝉在微博: 不可小瞧的改变！[赞] //@李波fon: //@纽约客11432:不是F5的办公室，是我们在板桥区黄姐开的“忘蜀泸”四川餐厅看到的。			2013001972	00	3538658386445152	1397721868960
1447188-	0		1	Wed Jun 06 07:35:06 +0800 2012			3453824138734406	3453824138734406				3453824138734406	0			2	<a href=" rel="nofollow">Android客户端</a>	别以为我什么也不记得，我仍旧跟大家一样有梦想，偶尔我也会想，换一个人生会是什么样。眨眼我就四十、五十、六十岁了。我或许是个白痴，但是，我多半岁月都在努力做对的事----梦想终究只是梦想，不说别的，我认为，我永远都可以回顾过去，然后跟自己说，起码我的人生过的并不乏味。《阿甘正传》早安			2013001972	00	0	1397721868961
1447189-	0		0	Sat Aug 10 12:19:59 +0800 2013			3609722613258787	3609722613258787				3609722613258787	0			0	<a href=" rel="nofollow">微博 weibo.com</a>	35度赶赴会场[good] //@图灵刘紫凤:[可爱] //@2gua:[嘻嘻] @图灵刘紫凤			2013001972	00	3609683820981614	1397721868961
1447190-	0		0	Sat Apr 14 18:10:32 +0800 2012			3434777493590795	3434777493590795				3434777493590795	0			0	<a href=" rel="nofollow">Android客户端</a>	转发微博			2013001972	00	3434477143597637	1397721868962
1447191-	0		0	Fri May 11 07:26:26 +0800 2012			3444399873043738	3444399873043738				3444399873043738	0			0	<a href=" rel="nofollow">Android客户端</a>	妈妈辛苦了[爱你]			2013001972	00	3444397012587852	1397721868962
1447192-	0		0	Tue Jun 07 21:55:28 +0800 2011			11921435116	11921435116				5615476157622778315	0			0	<a href=" rel="nofollow">微博 weibo.com</a>	希望所有在压力下生存的人们都能坚定自己的目标和理想，不实现理想和目标，不兑现曾给自己许下过的承诺，绝不善罢甘休。			2013001972	00	0	1397721868963
1447193-	0		0	Tue Jul 12 22:51:46 +0800 2011			14277642350	14277642350				5628478647113809286	0			0	<a href=" rel="nofollow">微博 weibo.com</a>	这些是大地之上划分疆土、种植庄稼的凭借，也是戈和矛产生的缘由，是刀和铩兴起的根源，因而能干的人富裕有余，拙劣的人贫穷不足。在泰山上行祭天礼，在梁父山上行祭地礼的君王，普天之下总共有七十二位，他们或得或失的运数，都在这片大地上了，这片大地可以称得上是国家的财用。			2013001972	00	0	1397721868963
1447194-	0		0	Thu May 17 10:33:07 +0800 2012			3446621179988820	3446621179988820				3446621179988820	0			0	<a href=" rel="nofollow">微博 weibo.com</a>	真正能够改变世界的是一颗能够改变世界的脑袋和具体操作的两只手，和这个人是从事哪一行的没有半毛钱关系。另外，我指出一下，出版人策划图书是把书作为一个整体来考虑的，存在形式是其不可分割的一部分。			2013001972	00	3446442728909174	1397721868964
1447195-	0		1	Tue May 15 18:00:02 +0800 2012			3446008874989183	3446008874989183				3446008874989183	0			0	<a href=" rel="nofollow">Android客户端</a>	当然难写了,我从2001年到2008年总共才写了15篇原创科普文章,正欲集结出书,李老师如果也有出书打算,欢迎和我联系。[奥特曼]			2013001972	00	3446002704713788	1397721868965
1447196-	0		0	Sun Jun 05 23:00:44 +0800 2011			11806089068	11806089068				5614750806358577092	0			0	<a href=" rel="nofollow">微博 weibo.com</a>	转发微博。			2013001972	00	11427116353	1397721868965
1447197-	0		2	Mon Apr 15 10:30:58 +0800 2013			3567295798346267	3567295798346267				3567295798346267	0			0	<a href=" rel="nofollow">微博 weibo.com</a>	不知道为什么，每次看到有文章叫“XXXX之我见”就想说一句话“你还能把标题起的更傻点么”。之我见？！之你个头啊！之之之！			2013001972	00	0	1397721868965
1447198-	0		0	Tue Jun 07 12:03:09 +0800 2011			11887442384	11887442384				5615323518773049526	0			0	<a href=" rel="nofollow">微博 weibo.com</a>	《电脑使用说明书》试读下载：			2013001972	00	0	1397721868966
1447199-	0		1	Mon Aug 12 17:12:15 +0800 2013			3610520936173690	3610520936173690				3610520936173690	0			1	<a href=" rel="nofollow">微博 weibo.com</a>	很不错 //@Orapme:@Pentera @爱搞机 @超好玩 @雷锋网 @超好玩华太师 @曹曦matthew @南塔斯 @马德龙 @林军 @游民星空 @多玩首发帝 @GA游戏教育			2013001972	00	3607220539297359	1397721868966
1447200-	0		0	Wed Jun 15 19:38:52 +0800 2011			12388139702	12388139702				5618409637452879952	0			0	<a href=" rel="nofollow">微博 weibo.com</a>	“这在未来不是不可能的，因为我要使我的技巧进步到足以使你放心展出我拙劣的作品，而不危害你自己的利益。”这是梵高给他弟弟信中的一段话，此时梵高33岁，他最为后人所推崇的画作都诞生在这段时间，而他当时完全不知自己的水平已登峰造极，他只是想再努力画的不那么拙劣，以便可以减轻他弟弟的负担。			2013001972	00	0	1397721868967
1447201-	0		0	Mon Nov 14 20:55:51 +0800 2011			3379736140727382	3379736140727382				3379736140727382	0			0	<a href=" rel="nofollow">微博 weibo.com</a>	赞同。上梁不正下梁歪。什么时候电视不再放扬正气树新风的广告了，才意味着社会有了基本的诚信。			2013001972	00	3379735205576050	1397721868967
1447202-	0		0	Wed Apr 25 08:37:04 +0800 2012			3438619442744140	3438619442744140				3438619442744140	0			2	<a href=" rel="nofollow">Android客户端</a>	此时正当修行时			2013001972	00	3438612656281841	1397721868968
1447203-	0		1	Tue Jan 17 15:39:33 +0800 2012			3402849364895249	3402849364895249				3402849364895249	0		#	1	<a href=" rel="nofollow">微博 weibo.com</a>	《哥当年》本书三大看点： 看点一：绝非虚构，纯属真实，如有类同，实属缘分！ 看点二：温馨回忆，超级搞笑！看漫画宅男神勇记录我们共同的青葱岁月！ 看点三：画风萌呆！直逼哆啦A梦、土豆dori、高木直子神韵！誓要萌翻这仨！ 当当订购： 			2013001972	00	0	1397721868968
1447204-	0		3	Sun Sep 04 08:49:06 +0800 2011			3353823708384970	3353823708384970				3353823708384970	0			5	<a href=" rel="nofollow">微博 weibo.com</a>	对@reading老大 说：很喜欢你的画。尤其是那副苏格兰草场。仿佛有魔力一般。			2013001972	00	0	1397721868969
1447205-	0		1	Sat Aug 24 14:36:04 +0800 2013			3614830290220890	3614830290220890				3614830290220890	0		#	1	<a href=" rel="nofollow">微博 weibo.com</a>	百里峡，一半时间在如履平地潮湿阴凉的峡谷中惬意步行，一半时间在故作镇定地对付2800多级台阶。有对比、有特色，值得一去。			2013001972	00	0	1397721868969
1447206-	0		2	Thu Sep 29 18:46:45 +0800 2011			3363033808570396	3363033808570396				3363033808570396	0		#	1	<a href=" rel="nofollow">微博 weibo.com</a>	还是畅销书展示台。			2013001972	00	0	1397721868970
1447207-	0		0	Thu Jul 04 12:21:34 +0800 2013			3596314661021977	3596314661021977				3596314661021977	0			1	<a href=" rel="nofollow">微博 weibo.com</a>	其实就是不赔不烧，这些钱也和老百姓没一毛钱关系。			2013001972	00	3596313368959256	1397721868970
1447208-	0		1	Mon Nov 14 20:19:30 +0800 2011			3379726993059497	3379726993059497				3379726993059497	0			0	<a href=" rel="nofollow">微博 weibo.com</a>	太生活了。			2013001972	00	3379722342223993	1397721868971
1447209-	0		0	Thu May 10 07:03:43 +0800 2012			3444031768253617	3444031768253617				3444031768253617	0			2	<a href=" rel="nofollow">Android客户端</a>	这样的微薄,见一次转一次！			2013001972	00	3443996879973198	1397721868971
1447210-	0		0	Fri Nov 02 14:34:43 +0800 2012			3507925538059475	3507925538059475				3507925538059475	0			0	<a href=" rel="nofollow">微博 weibo.com</a>	今天有人 @钟声_程序员 在网上说《Java程序员，上班那点事儿》这本书不是我做的，那请你把你认为这本书是谁做的，你把那个人叫出来，你问他/她自己敢不敢承认这本书是他/她做的。说话做事最好对得起良心，就算没有良心，起码对得起事实。			2013001972	00	0	1397721868972
1447211-	1		0	Sat Mar 02 15:12:24 +0800 2013			3551421553165195	3551421553165195				3551421553165195	0			0	<a href=" rel="nofollow">微博 weibo.com</a>	不说话。默默转发。[兔子]			2013001972	00	3551420483190819	1397721868972
1447212-	0		2	Wed Mar 13 20:40:07 +0800 2013			3555490300610768	3555490300610768				3555490300610768	0			3	<a href=" rel="nofollow">微博 weibo.com</a>	转发微博			2013001972	00	3555467261058010	1397721868973
1447213-	0		0	Thu May 31 07:20:17 +0800 2012			3451646082316841	3451646082316841				3451646082316841	0			0	<a href=" rel="nofollow">Android客户端</a>	肥兜兜地考拉宝宝，好可爱[爱你] //@咪柔儿:困看它更困了			2013001972	00	3451616071686765	1397721868973
1447214-	0		0	Fri Jul 29 09:32:55 +0800 2011			15567915610	15567915610				3340426384218668	0			0	<a href=" rel="nofollow">微博 weibo.com</a>	回复@行者2013:[可爱] //@行者2013:取其精华，剔其糟粕。集百家之长，终能成大气！			2013001972	00	15563857990	1397721868973
1447215-	0		3	Thu Apr 11 10:41:33 +0800 2013			3565848906132572	3565848906132572				3565848906132572	0			19	<a href=" rel="nofollow">微博 weibo.com</a>	国内工业设计界年轻的设计师刘松（德国红点大奖与美国星火设计奖双料获得者）的首部个人著作《我是设计师》的电子版今天在豆瓣上线了。 没买的赶紧速度了。再不看书你就老了。请设计界的大佬们帮转啊 @刘松soso @全球工业设计 @小米设计 @工业设计艺术 @童慧明-SID_GAFA @雷海波			2013001972	00	0	1397721868974
1447216-	0		1	Fri Jun 08 08:14:35 +0800 2012			3454558850609456	3454558850609456				3454558850609456	0			1	<a href=" rel="nofollow">Android客户端</a>	这是打入农民内部的吧？[挖鼻屎]			2013001972	00	3454532719325686	1397721868974
1447217-	0		0	Mon Sep 26 19:45:27 +0800 2011			3361961417216313	3361961417216313				3361961417216313	0		#	0	<a href=" rel="nofollow">微博 weibo.com</a>	（8）此处不是蓝色的线缆，但也有卡扣锁。另外，此处的下面有拆无线网卡时提到的两根灰和黑标记的线，需要从此处抽出来。			2013001972	00	0	1397721868975
1447218-	0		3	Thu Jun 23 01:28:40 +0800 2011			12803912321	12803912321				5621097376447929403	0			0	<a href=" rel="nofollow">微博 weibo.com</a>	不知为何，读凡高写给弟弟的这些朴素的文字，心里总会感动。			2013001972	00	0	1397721868975
1447219-	0		1	Mon Jan 13 10:04:01 +0800 2014			3666220903143039	3666220903143039				3666220903143039	0			3	<a href=" rel="nofollow">微博 weibo.com</a>	大话重构之二：我们应当改变我们的设计习惯。以往我们在设计一个系统时，总是喜欢大布局。全面地整理系统需求，全面地分析系统功能，再将系统整体地划分成数个模块，分别去设计、开发、测试。这样一个过程往往会持续数月，花费大量的工作量。			2013001972	00	0	1397721868976
1447220-	2		8	Sat Aug 17 14:04:42 +0800 2013			3612285681330260	3612285681330260				3612285681330260	0			5	<a href=" rel="nofollow">微博 weibo.com</a>	今天才知道�是一个汉字，在《新华字典》和《现汉》中都能查到。读音就是ling二声。但在《新华字典》中由于它不属于任何部首，所以在部首检字表中查不到它。			2013001972	00	0	1397721868976
1447221-	0		0	Fri Aug 02 12:19:24 +0800 2013			3606823359692300	3606823359692300				3606823359692300	0			0	<a href=" rel="nofollow">微博 weibo.com</a>	你和周金桥也是意志顽强的人。			2013001972	00	3606805349067600	1397721868977
1447222-	0		6	Thu Sep 29 18:45:11 +0800 2011			3363033414042278	3363033414042278				3363033414042278	0		#	3	<a href=" rel="nofollow">微博 weibo.com</a>	今天还发现《电脑使用说明书》出现在了西单图书大厦四层的畅销书展示台上。在摆堆儿区也出现在了更好的位置。			2013001972	00	0	1397721868977
1447223-	0		0	Thu Jun 30 00:28:50 +0800 2011			13285824034	13285824034				5623679553738144725	0			0	<a href=" rel="nofollow">微博 weibo.com</a>	只有知道了这个“为什么”，你的策划能力才能上到更高一个层次。			2013001972	00	0	1397721868978
1447224-	0		1	Fri May 11 16:43:34 +0800 2012			3444540091957005	3444540091957005				3444540091957005	0			2	<a href=" rel="nofollow">微博 weibo.com</a>	#说额句哇心里话# 好作者太难找了，有时我真恨不得让我那几位优秀的作者一人同时开工写10本书。[din推撞]			2013001972	00	0	1397721868978
1447225-	0		0	Sun Mar 25 12:39:41 +0800 2012			3427446483565700	3427446483565700				3427446483565700	0			0	<a href=" rel="nofollow">Android客户端</a>	把原子弹归咎于爱因斯坦的相对论,就如同把飞机失事的责任归咎于牛顿的万有引力定律一样。----霍金			2013001972	00	0	1397721868978
1447226-	0		0	Wed May 23 21:43:54 +0800 2012			3448964315337642	3448964315337642				3448964315337642	0			0	<a href=" rel="nofollow">微博 weibo.com</a>	敬请关注本书[din推撞]！紫凤，加油！			2013001972	00	3448959341547725	1397721868979
1447227-	0		0	Thu Apr 12 07:07:37 +0800 2012			3433885893894778	3433885893894778				3433885893894778	0			0	<a href=" rel="nofollow">Android客户端</a>	[哈哈]			2013001972	00	3433884052120155	1397721868979
1447228-	1		3	Wed Oct 17 16:02:36 +0800 2012			3502149440625181	3502149440625181				3502149440625181	0			3	<a href=" rel="nofollow">微博 weibo.com</a>	这本书的出生可谓枪林弹雨哇，它并非完美（这我作为策划编辑第一个承认），但绝对值得一读，对于C语言的初学者来说，你可以非常顺利的带着兴趣的读完它，而且找到写程序的感觉。这是绝大多数计算机书不能做到的！就冲这点，每个C初学者都该读读它。@周金桥 @陈良乔 @李春雷 @IT程序猿			2013001972	00	3502142998313839	1397721868980
1447229-	0		1	Sun Jul 24 16:11:30 +0800 2011			15188706522	15188706522				3338714751563946	0			0	<a href=" rel="nofollow">微博 weibo.com</a>	高铁能和航天飞机比吗？！航天飞机是在什么环境下工作？！事故率是1/50！宇航员都是冒着生命危险在为人类做贡献！现在高铁是拿老百姓的生命安全来为高铁做试验！ //@曹鸿涛:火速取消对这个智商低到没有的傻逼的关注，太耻辱了。遥祝陆老师葬身高铁，为民族科技奉献贱命。			2013001972	00	14333342968	1397721868980
1447230-	0		0	Fri Mar 09 13:20:50 +0800 2012			3421658620142650	3421658620142650				3421658620142650	0			1	<a href=" rel="nofollow">微博 weibo.com</a>	[嘻嘻]			2013001972	00	3421557861257919	1397721868981
1447231-	0		0	Mon Mar 05 14:15:35 +0800 2012			3420222847105924	3420222847105924				3420222847105924	0			0	<a href=" rel="nofollow">微博 weibo.com</a>	这就叫“创造力”！			2013001972	00	3420219085299521	1397721868981
1447232-	0		0	Thu Jan 17 11:59:15 +0800 2013			3535427887786617	3535427887786617				3535427887786617	0			0	<a href=" rel="nofollow">Android客户端</a>	纸书会消失，但书不仅不会消失，反而会更加繁荣，社会越文明越发达，对知识的需求越大。 //@老张-北京出版人沙龙:我们跟他们的国情不太一样。突然爆发转变的几率应该极低。 //@书医_吴庆: 从美国纸质报业的命运来看，纸质书的消亡有可能不是一个渐变的过程，可能是在某一年里之前积累的变化突然爆发。			2013001972	00	3535391371695273	1397721868981
1447233-	0		0	Mon Oct 31 12:01:20 +0800 2011			3374528193773559	3374528193773559				3374528193773559	0			0	<a href=" rel="nofollow">微博 weibo.com</a>	开心[呵呵]  不仅因为今天收到一部好书搞，还有其他值得开心的事儿。			2013001972	00	0	1397721868982
1447234-	0		0	Sat Apr 21 21:35:51 +0800 2012			3437365873385535	3437365873385535				3437365873385535	0		#	0	<a href=" rel="nofollow">微博 weibo.com</a>	Windows文件拷贝进度窗口的制作者去会见朋友。			2013001972	00	0	1397721868982
1447235-	0		0	Tue Feb 05 12:00:02 +0800 2013			3542313449554855	3542313449554855				3542313449554855	0			0	<a href=" rel="nofollow">微博 weibo.com</a>	每次看到这个小女孩的照片就觉得像什么。今天终于想起来了，是哈士奇。			2013001972	00	3542312191865833	1397721868983
1447236-	0		0	Tue Aug 23 11:17:43 +0800 2011			3349512454153267	3349512454153267				3349512454153267	0			0	<a href=" rel="nofollow">微博 weibo.com</a>	开始写我最重要的一本书。			2013001972	00	0	1397721868983
1447237-	0		5	Thu Nov 07 09:05:07 +0800 2013			3641926093408604	3641926093408604				3641926093408604	0		#	26	<a href=" rel="nofollow">微博 weibo.com</a>	《程序员第二步――从程序员到项目经理》当当预售刚开始两天，即已上预售区热卖榜。Good！			2013001972	00	0	1397721868983
1447238-	0		0	Thu May 17 18:19:20 +0800 2012			3446738507690177	3446738507690177				3446738507690177	0			0	<a href=" rel="nofollow">Android客户端</a>	回复@youjiti:嗯,我想不用竹简的原因大概就像现在的人们吃饭虽然还用着和1000年前没有什么不同的饭碗,但绝大多数人们擦屁股已经放弃了再使用土块。 //@youjiti:那为什么不用竹简呢。。。			2013001972	00	3446442728909174	1397721868984
1447239-	0		0	Thu Mar 15 08:21:17 +0800 2012			3423757567831723	3423757567831723				3423757567831723	0			0	<a href=" rel="nofollow">Android客户端</a>	大师能够把每个人都有的体会用每个人都想不到的文字表达出来。			2013001972	00	3423752232800095	1397721868984
1447240-	0		0	Tue Mar 05 17:50:46 +0800 2013			3552548570713040	3552548570713040				3552548570713040	0			0	<a href=" rel="nofollow">专业版微博</a>	要想把事物看清，只需换一个角度。逆向思维，确实伤不起。			2013001972	00	3552546096656091	1397721868985
1447241-	0		0	Mon Jun 06 17:14:05 +0800 2011			11844274078	11844274078				5615032560516261307	0			0	<a href=" rel="nofollow">微博 weibo.com</a>	转发微博。			2013001972	00	11518248159	1397721868985
1447242-	0		0	Sun Jun 24 14:13:41 +0800 2012			3460447427033063	3460447427033063				3460447427033063	0		#	0	<a href=" rel="nofollow">Android客户端</a>	水很清			2013001972	00	0	1397721868986
1447243-	0		0	Tue Aug 16 23:57:48 +0800 2011			3347167020795832	3347167020795832				3347167020795832	0			0	<a href=" rel="nofollow">微博 weibo.com</a>	很好听的歌。			2013001972	00	3347159764681741	1397721868986
1447244-	0		0	Tue Feb 05 18:53:18 +0800 2013			3542417460426280	3542417460426280				3542417460426280	0			0	<a href=" rel="nofollow">Android客户端</a>	 @tinyfool 说的就是编程新手啦，不过话说有些半吊子程序员开发好几年了，经典书还真没读过两本，这种人不在少数。就跟做编辑的没看过名著一样。 //@lidaobing:游戏业一堆没救的，最近刚教一位工龄差不多的前同事用 NDEBUG 来关闭 assert，他很聪明，主要工作也是c和c++，他只是忙到没时间看书 			2013001972	00	3542411001229846	1397721868987
1447245-	0		4	Mon Aug 20 20:57:48 +0800 2012			3481205242622517	3481205242622517				3481205242622517	0		#	0	<a href=" rel="nofollow">分享按钮</a>	《这是我所读过的最好的一本书，没有之一。推荐给大家。》@图灵社区 			2013001972	00	0	1397721868987
1447246-	0		0	Sun Aug 07 22:54:44 +0800 2011			3343889658712868	3343889658712868				3343889658712868	0			0	<a href=" rel="nofollow">微博 weibo.com</a>	所有饮食不规律，经常熬夜的朋友们，希望这条微博能引起你们的重视。改掉这些不好的习惯，珍爱你的生命。			2013001972	00	3343300002301689	1397721868987
1447247-	0		1	Wed Jun 15 19:49:02 +0800 2011			12388726376	12388726376				5618412257383056149	0			0	<a href=" rel="nofollow">微博 weibo.com</a>	我怎么就不会写微博呢。有些人真会写，写的真好，我很羡慕。饿了，去买点饺子煮煮吃，边吃边琢磨这事。			2013001972	00	0	1397721868988
1447248-	0		0	Tue Jun 07 21:44:18 +0800 2011			11920626450	11920626450				5615473279994526106	0			0	<a href=" rel="nofollow">微博 weibo.com</a>	就我的观点是，自杀这种念头想想是完全可以的，是非常可以理解的，甚至是有益健康地。毕竟，压力如此之大，生死又是密切相关地，想不清楚该怎么死，自然活也会活得稀里糊涂。但把自杀付诸实施就是截然不同的另一回事了。			2013001972	00	0	1397721868988
1447249-	0		0	Mon Sep 26 19:05:33 +0800 2011			3361951376071850	3361951376071850				3361951376071850	0		#	0	<a href=" rel="nofollow">微博 weibo.com</a>	偶的ThinkPad SL500的左屏轴断了（这已经成了ThinkPad SL系列的通病），今天自己动手更换了ThinkPad SL500笔记本电脑屏轴。简单写一下维修心得，给有需要的朋友做个参考： （1）首先，准备工具。包括无磁螺丝刀、有磁螺丝刀、尖头镊子、拆机棒（或拆机片）、透明胶带、剪刀。			2013001972	00	0	1397721868989
1447250-	0		0	Wed Jul 17 15:47:20 +0800 2013			3601077490263370	3601077490263370				3601077490263370	0			0	<a href=" rel="nofollow">微博 weibo.com</a>	[good] //@SEO网络营销乔烨:回去买一本			2013001972	00	3601075758162339	1397721868989
1447251-	0		0	Wed May 09 12:38:57 +0800 2012			3443753740234480	3443753740234480				3443753740234480	0			0	<a href=" rel="nofollow">专业版微博</a>	黑色的这款亮了！[哈哈]			2013001972	00	3443460524922052	1397721868990
1447252-	0		0	Tue Feb 28 11:04:46 +0800 2012			3418000503760615	3418000503760615				3418000503760615	0			0	<a href=" rel="nofollow">微博 weibo.com</a>	在音乐厅里，歌声无疑是主角，再多的听众也不是它的对手，它唯一的对手是另一个声音。			2013001972	00	0	1397721868990
1447253-	0		0	Fri Nov 11 13:53:57 +0800 2011			3378542803254671	3378542803254671				3378542803254671	0			0	<a href=" rel="nofollow">微博 weibo.com</a>	很喜欢iPad，希望有一台。[挤眼]小宇宙，爆发一下吧。			2013001972	00	3378262173541263	1397721868990
1447254-	0		0	Sun Aug 11 08:55:34 +0800 2013			3610033558150125	3610033558150125				3610033558150125	0			0	<a href=" rel="nofollow">微博 weibo.com</a>	眼泪掉下来 //@IT程序猿:→_→ //@楠楠说她什么都不想说: →_→ //@难得ME糊涂:图片真相了[哈哈][哈哈]			2013001972	00	3609871591027449	1397721868991
1447255-	0		2	Wed Aug 17 15:31:25 +0800 2011			3347401972648627	3347401972648627				3347401972648627	0		#	0	<a href=" rel="nofollow">微博 weibo.com</a>	我QQ群里（都是编辑作者）有人卖茶叶，我一直奇怪这些人为什么固执的认为QQ群里的人会买茶叶，今天终于忍不住问了句，群友告诉我，这些卖茶叶的是认为文人通常都喝茶，所以才兜售茶叶。我又问了句，我们是文人吗？大家都说不是。MD，我还以为我是呢。这下清楚了。			2013001972	00	0	1397721868992
1447256-	0		0	Tue Jul 16 22:47:38 +0800 2013			3600820869875451	3600820869875451				3600820869875451	0			0	<a href=" rel="nofollow">微博 weibo.com</a>	回复@图灵谢工:肯定没问题。 //@图灵谢工:还没看，不知我能否看懂？			2013001972	00	3594839096509779	1397721868992
1447257-	0		1	Tue Jan 03 09:42:52 +0800 2012			3397686172315596	3397686172315596				3397686172315596	0		#	0	<a href=" rel="nofollow">微博 weibo.com</a>	德国红点设计大奖获得者刘松的第一本书――《我是设计师》将要出版了。五个入选封面中，各位更喜欢哪个。封面二：			2013001972	00	0	1397721868993
1447258-	0		0	Mon Jun 27 18:07:55 +0800 2011			13119833648	13119833648				5622839221911200300	0			0	<a href=" rel="nofollow">微博 weibo.com</a>	[抱抱] //@林美彤：很多时候不能太把自己当回事，放底面子才能长久。。。			2013001972	00	13113524047	1397721868993
1447259-	0		0	Sat Jun 09 14:16:40 +0800 2012			3455012359378351	3455012359378351				3455012359378351	0			0	<a href=" rel="nofollow">Android客户端</a>	榜样[爱心传递]			2013001972	00	3453928727697138	1397721868993
1447260-	0		0	Sun May 27 11:58:06 +0800 2012			3450266445547574	3450266445547574				3450266445547574	0			0	<a href=" rel="nofollow">微博 weibo.com</a>	昨天看一微博，说是先鼓捣出（甭管是自己琢磨的还是抄的）一句貌似有点道理或者完全瞧不出啥意思的话，然后在后面加个名人的名字，比如马克思、黑格尔、孔子就可以了。这……，呃……，据说是时下流行的一种营销方式。 //@刘江CE:为什么这种狗屁不通的所谓名人名言在微博里这么吃香？思考中。			2013001972	00	3450229242476517	1397721868994
1447261-	0		3	Tue Jul 23 16:16:25 +0800 2013			3603259132002581	3603259132002581				3603259132002581	0			15	<a href=" rel="nofollow">微博 weibo.com</a>	调查的结果往往不可信，调查题目的设置和安排可以完全左右调查的结果。现在还是电子书的初级阶段，多数做数字出版的只是把电子书作为在纸书的数字化产品。事实上，电子书的巨大优势还没有发挥出来，需要进一步探索。虽然还看不清，但我已经感受到那巨大存在所透射的阴影。			2013001972	00	3603202207852307	1397721868994
1447262-	0		6	Thu Mar 20 10:27:26 +0800 2014			3690144395613199	3690144395613199				3690144395613199	0			4	<a href=" rel="nofollow">微博 weibo.com</a>	呃，问一个技术问题。请问澡堂子和洗浴中心有什么区别？			2013001972	00	0	1397721868995
1447263-	0		1	Tue Jul 12 11:38:14 +0800 2011			14227837910	14227837910				5628305078902348658	0			3	<a href=" rel="nofollow">微博 weibo.com</a>	三，真正重要的内容，都不要放在腰封上，因为一旦书外面的塑封在书店被店员或读者撕掉后，腰封的生命期将不会超过三天。很快腰封就会被撕掉或者不知道被丢弃在哪里，如果上面有重要的内容，则读者就不会看到了。			2013001972	00	0	1397721868995
1447264-	0		3	Sat Aug 10 11:02:09 +0800 2013			3609703025899898	3609703025899898				3609703025899898	0			3	<a href=" rel="nofollow">微博 weibo.com</a>	做图书策划，必须要懂得包装，但同时要明了策划与包装的核心是“诚实”。诚实的面对一部作品，是图书策划的终极技巧。			2013001972	00	0	1397721868996
1447265-	0		0	Fri Apr 20 07:13:12 +0800 2012			3436786397308799	3436786397308799				3436786397308799	0			1	<a href=" rel="nofollow">Android客户端</a>	没错,我一直所持的就是这种观点。[手套]			2013001972	00	3436659430950914	1397721868996
1447266-	0		0	Tue Aug 02 18:59:11 +0800 2011			15871392604	15871392604				3342018441028740	0			0	<a href=" rel="nofollow">微博 weibo.com</a>	评论比原文更有趣。			2013001972	00	15870757199	1397721868996
1447267-	0		2	Sat Feb 02 18:24:45 +0800 2013			3541323103529450	3541323103529450				3541323103529450	0			0	<a href=" rel="nofollow">微博 weibo.com</a>	准备初次体会一下通过 @豆瓣阅读 自出版电子书。第一次尝试出版的电子书是我多年来发表过的科普文章。书名叫《上帝笑了――这本科普书，上帝也爱看》。作品已经编辑好提交了，目前正在审核中。[可爱]			2013001972	00	0	1397721868997
1447268-	0		0	Tue Jun 28 22:55:57 +0800 2011			13209053354	13209053354				5623284532712224021	0			0	<a href=" rel="nofollow">微博 weibo.com</a>	绝对支持！			2013001972	00	13207305232	1397721868997
1447269-	0		0	Tue Oct 04 03:17:10 +0800 2011			3364611810612169	3364611810612169				3364611810612169	0			0	<a href=" rel="nofollow">微博 weibo.com</a>	坐在这个极其不舒服的座位看完这部《王府井》后，唯一让人印象深刻的就是王劲松扮演的太监喜爷，演的很好。他一出场，其它演员都黯然失色。			2013001972	00	0	1397721868998
1447270-	0		0	Mon Jun 13 18:58:08 +0800 2011			12258789706	12258789706				5617656970210001724	0			0	<a href=" rel="nofollow">微博 weibo.com</a>	所以，这种女友到最后也只能是个女友。			2013001972	00	12256488471	1397721868998
1447271-	0		2	Wed Jul 17 15:40:27 +0800 2013			3601075758162339	3601075758162339				3601075758162339	0		#	2	<a href=" rel="nofollow">微博 weibo.com</a>	很高兴看到《程序员，你伤不起》得到51CTO、互动出版、当当的推荐。PS：有人问起这本书封面上的卡通人物是否是作者，我在此可以肯定的说，是的，这就是本书作者的尊容。			2013001972	00	0	1397721868999
1447272-	0		2	Thu Mar 14 09:38:17 +0800 2013			3555686128145541	3555686128145541				3555686128145541	0			1	<a href=" rel="nofollow">微博 weibo.com</a>	普爷威武[给力] //@苗涛:国内如果实行，有两种结果：1.公务员锐减。2.移民大幅增加。 //@薛蛮子: 要判刑了			2013001972	00	3555527344598492	1397721869000
1447273-	0		0	Wed Jun 06 19:17:15 +0800 2012			3454000848797748	3454000848797748				3454000848797748	0			0	<a href=" rel="nofollow">Android客户端</a>	如果有的好友的头像灭了好久后，有一天突然又亮了是肿么个情况[挖鼻屎]			2013001972	00	3453994771236663	1397721869000
1447274-	0		0	Wed Jun 06 19:30:39 +0800 2012			3454004220833763	3454004220833763				3454004220833763	0			0	<a href=" rel="nofollow">Android客户端</a>	这个有趣[哈哈]			2013001972	00	3454002291700806	1397721869001
1447275-	0		0	Thu Aug 16 08:15:32 +0800 2012			3479563856673542	3479563856673542				3479563856673542	0			0	<a href=" rel="nofollow">Android客户端</a>	10086的短信才将它彻底击倒[偷笑]			2013001972	00	3479560035582962	1397721869001
1447276-	0		2	Fri May 11 16:11:17 +0800 2012			3444531955175722	3444531955175722				3444531955175722	0			1	<a href=" rel="nofollow">微博 weibo.com</a>	今天被@后看到这条博文。我的观点是，盗版的确可耻，但要说到损失，不会有多大，因为就书而言，不过几十元一本，而盗版的书，不管从销售还是推广上，都受到极大限制，实际上根本卖不出多少本，对正版的销量不会构成威胁，它所起到的变相的宣传，几乎能够抵消对销量的影响。真正的读者一定会买正版。			2013001972	00	3444508895315091	1397721869002
1447277-	0		0	Sun May 27 12:08:22 +0800 2012			3450269028940588	3450269028940588				3450269028940588	0			0	<a href=" rel="nofollow">微博 weibo.com</a>	我举个例子，比如：偶知道偶终会遇到困难的那一点，但令偶万万没有想到的系，就连到达困难的那一点本身都他娘的异常困难。――卡夫卡 （大致就这么个意思） //@刘江CE:为什么这种狗屁不通的所谓名人名言在微博里这么吃香？思考中。			2013001972	00	3450229242476517	1397721869002
1447278-	1		4	Tue Feb 05 10:12:46 +0800 2013			3542286455725789	3542286455725789				3542286455725789	0			0	<a href=" rel="nofollow">多看阅读安卓版</a>	#多看书摘# 如果你的灵感是在周五驾临，那就放弃周末，直奔主题。当你为了这个灵感而亢奋时，就能够在24小时内做完两个星期的工作。从这一点来讲，灵感就是时光机。 #重来：更为简单有效的商业思维# 			2013001972	00	0	1397721869003
1447279-	0		0	Thu Aug 08 08:14:30 +0800 2013			3608936059998592	3608936059998592				3608936059998592	0			2	<a href=" rel="nofollow">微博 weibo.com</a>	Doom、Quake，卡马克！ //@2gua:大神啊！多少记忆！！ //@王海鹏Seal: 转发微博			2013001972	00	3608796453111023	1397721869004
1447280-	0		9	Mon Dec 09 11:10:39 +0800 2013			3653554096978660	3653554096978660				3653554096978660	0		#	45	<a href=" rel="nofollow">微博 weibo.com</a>	为什么有的人学编程一年半载水平就突飞猛进，而有的人学了7、8年还是原地踏步；为什么有的人似乎天生就是吃程序员这碗饭的，而有些人的这碗饭却吃得特别辛苦。差距究竟在哪里？是智商的硬伤还是软件的问题？第一步都没问题，问题出在第二步。《程序员第二步》剖析了这问题的源代码			2013001972	00	0	1397721869004
1447281-	0		2	Fri May 25 07:30:33 +0800 2012			3449474343067104	3449474343067104				3449474343067104	0			14	<a href=" rel="nofollow">Android客户端</a>	你写PPT时，阿拉斯加的鳕鱼正跃出水面，你看报表时，梅里雪山的金丝猴刚好爬上树尖。你挤进地铁时，西藏的山鹰一直盘旋云端，你在会议中吵架时，尼泊尔的背包客一起端起酒杯坐在火堆旁。你活在地球上,但却像外星人。			2013001972	00	0	1397721869005
1447282-	0		0	Thu Jun 07 23:45:23 +0800 2012			3454430705811562	3454430705811562				3454430705811562	0			0	<a href=" rel="nofollow">微博 weibo.com</a>	擎天柱[威武]			2013001972	00	3454313831212184	1397721869005
1447283-	0		1	Wed May 09 06:59:49 +0800 2012			3443668398881006	3443668398881006				3443668398881006	0			1	<a href=" rel="nofollow">Android客户端</a>	一年写三本完全可以理解,因为很多年前我曾在一年内风驰电掣的写了五本,而且五本都很厚,而且------它们并不垃圾。[爱你] //@2gua:转发微博			2013001972	00	3443665873776904	1397721869006
1447284-	3		0	Thu Mar 27 13:51:32 +0800 2014			3692732473778476	3692732473778476				3692732473778476	0			2	<a href=" rel="nofollow">微博 weibo.com</a>	结果只有一个，但过程拥有更多。《大话重构》封面的诞生过程：			2013001972	00	3692712199356294	1397721869007
1447285-	0		0	Tue May 07 14:39:31 +0800 2013			3575330880837286	3575330880837286				3575330880837286	0			0	<a href=" rel="nofollow">微博 weibo.com</a>	1，2，1，走起。 //@冰雅冷轩:帮转 @陈冰_图书出版人 //@多看阅读: 设计这事儿第一次被说明白！想要又没舍得买的一定要抓紧这次机会喽~			2013001972	00	3574919809699085	1397721869007
1447286-	0		0	Thu Apr 26 07:18:20 +0800 2012			3438962016439290	3438962016439290				3438962016439290	0			0	<a href=" rel="nofollow">Android客户端</a>	有时候你不得不把自己想的崇高一点,否则你真的很难解释你的人生。[奥特曼][哈哈]			2013001972	00	0	1397721869008
1447287-	0		0	Wed Mar 06 23:10:29 +0800 2013			3552991417961638	3552991417961638				3552991417961638	0			0	<a href=" rel="nofollow">微博 weibo.com</a>	仅仅知道地球上还有这么美丽的地方都觉得幸福了很多。			2013001972	00	3552989560280089	1397721869009
1447288-	0		0	Sun Jul 01 10:25:43 +0800 2012			3462926771900409	3462926771900409				3462926771900409	0			0	<a href=" rel="nofollow">微博 weibo.com</a>	转发微博			2013001972	00	3462708974654244	1397721869009
1447289-	0		0	Sat Mar 17 07:54:25 +0800 2012			3424475582177453	3424475582177453				3424475582177453	0			0	<a href=" rel="nofollow">微博 weibo.com</a>	哈哈[哈哈]			2013001972	00	3424469454768680	1397721869010
1447290-	0		0	Thu Nov 24 13:44:50 +0800 2011			3383251550858230	3383251550858230				3383251550858230	0			0	<a href=" rel="nofollow">微博 weibo.com</a>	今天是最近两个月来最不开心的一天。极度的不开心。[委屈]			2013001972	00	0	1397721869011
1447291-	0		1	Mon Jun 04 18:30:01 +0800 2012			3453264190713850	3453264190713850				3453264190713850	0			2	<a href=" rel="nofollow">Android客户端</a>	你好萌喔			2013001972	00	3453257940952725	1397721869011
1447292-	0		0	Mon Jun 27 17:03:35 +0800 2011			13115930614	13115930614				5622822643336612255	0			0	<a href=" rel="nofollow">微博 weibo.com</a>	记得看过一个故事，两个曾是好朋友的快枪手为了一件似乎很值得决斗的事情而决斗，其中一个人知道对方的出枪速度比自己慢一点，尽管只是很少的一点，但他知道这一点点差距就足以使对方致命了。对此，对方也很清楚，因此不同意决斗。但此人非决斗不可，反复强烈要求，对方最终同意了。			2013001972	00	0	1397721869012
1447293-	0		0	Wed Jul 31 22:35:58 +0800 2013			3606253747724510	3606253747724510				3606253747724510	0			0	<a href=" rel="nofollow">微博 weibo.com</a>	晚上和设计师沟通完善了封面和腰封，《黑客与画家》精装版封面――经典、大气、朴素。它虽出自我与设计师之手，但却反过来把我俩完整震慑住了，不能不说一句――KAO！			2013001972	00	0	1397721869012
1447294-	0		0	Wed Nov 16 21:26:33 +0800 2011			3380468642353382	3380468642353382				3380468642353382	0			0	<a href=" rel="nofollow">微博 weibo.com</a>	转发微博			2013001972	00	3379563670806713	1397721869013
1447295-	0		0	Mon Jun 20 23:41:02 +0800 2011			12698505686	12698505686				5620327469204880605	0			0	<a href=" rel="nofollow">微博 weibo.com</a>	这本书我也有。很棒。值得每个人阅读。			2013001972	00	12698049304	1397721869013
1447296-	0		0	Mon Jun 13 18:38:51 +0800 2011			12257948692	12257948692				5617652000932604308	0			0	<a href=" rel="nofollow">微博 weibo.com</a>	看过下面那段视频，你会明白，美国的老师干的事情是，教导学生使用还不存在的技术去解决我们甚至还不曾想到的问题。而我们中国的老师干的事情则是，教导学生使用早已经没用的技术去解决以后根本不会遇到的问题。			2013001972	00	0	1397721869014
1447297-	0		0	Sat Sep 29 18:31:30 +0800 2012			3495663926760994	3495663926760994				3495663926760994	0			0	<a href=" rel="nofollow">专业版微博</a>	回复@HALLELUMOE-BAKA璇的抖M受君:好问题。优势就是，对于一个以它作为课本的学生来说，很多时候，这位学生还是希望看懂它，而不是看懂另外一本书。 //@HALLELUMOE-BAKA璇的抖M受君:请问这和丢掉那本垃圾书，再买本C Bible或者其他相对好点的C语言书相比又和优势			2013001972	00	3495564140335373	1397721869014
1447298-	0		0	Fri Aug 09 21:19:58 +0800 2013			3609496125042565	3609496125042565				3609496125042565	0		#	0	<a href=" rel="nofollow">玛雅谜题</a>	一块块黄绿色的石板，有的地方还长有淡淡的青苔，每次打开就仿佛闻到了混合着泥土的青草香。手指轻轻划过，一根绿藤随着我的划动生长出来，看着整条青藤上长满了鲜艳的各色花朵，心情就会莫名其妙的好起来。享受身临神殿的感觉，破解玛雅人的谜题，追寻2012最大的秘密！			2013001972	00	0	1397721869015
1447299-	0		0	Tue Jun 04 21:18:29 +0800 2013			3585578144132690	3585578144132690				3585578144132690	0			1	<a href=" rel="nofollow">微博 weibo.com</a>	我来给出一个科学的解释。宽臀的人，根据遗传考虑，他/她妈妈的臀部也是宽的，宽大的骨盆允许胎儿的颅骨（连同里面的大脑）发育到更大，道理就在这里了。[bm可爱]			2013001972	00	3585575699089810	1397721869016
1447300-	0		0	Wed Apr 03 23:20:35 +0800 2013			3563140820198939	3563140820198939				3563140820198939	0			2	<a href=" rel="nofollow">微博 weibo.com</a>	感谢张总支持[嘻嘻]			2013001972	00	3563047253192272	1397721869016
1447301-	0		0	Wed May 09 18:42:24 +0800 2012			3443845218089524	3443845218089524				3443845218089524	0			0	<a href=" rel="nofollow">Android客户端</a>	没错[手套]			2013001972	00	3443844719307422	1397721869017
1447302-	0		0	Thu Apr 26 06:52:30 +0800 2012			3438955515124379	3438955515124379				3438955515124379	0			1	<a href=" rel="nofollow">Android客户端</a>	未必,塞翁失马焉知非福。15岁认认真真地学会了游泳,18岁和漂亮的姑娘去游泳了,结果被可爱的大鲨鱼吃掉,这你又怎么说,嗯哼。[爱你]			2013001972	00	3438477612404982	1397721869018
1447303-	0		0	Tue Jun 05 21:30:47 +0800 2012			3453672056838429	3453672056838429				3453672056838429	0			0	<a href=" rel="nofollow">微博 weibo.com</a>	凹凸慢真正的朋友			2013001972	00	3453665237272889	1397721869018
1447304-	0		1	Tue Jan 07 12:24:59 +0800 2014			3664082051538310	3664082051538310				3664082051538310	0			1	<a href=" rel="nofollow">微博 weibo.com</a>	帮啊哈磊小朋友推荐。很可爱的一本书！ //@啊哈C语言:还没有拿到的快来抢吧[笑哈哈]			2013001972	00	3662638545003863	1397721869019
1447305-	0		0	Tue Dec 11 15:38:52 +0800 2012			3522074800588610	3522074800588610				3522074800588610	0			0	<a href=" rel="nofollow">微话题</a>	#派出所微博表白#警察小哥，小偷只能帮你到这了…… 详情:			2013001972	00	0	1397721869020
1447306-	0		9	Sat Aug 24 13:46:39 +0800 2013			3614817853950887	3614817853950887				3614817853950887	0			1	<a href=" rel="nofollow">微博 weibo.com</a>	第二次购买了，非常棒的土蜂蜜，纯天然，无公害农产品，很浓稠（比我在超市买的都稠），推荐给吃货。 @冰雅冷轩 @璐柯艾特蜜 @马丁路德钢			2013001972	00	0	1397721869020
1447307-	0		0	Tue May 15 08:10:03 +0800 2012			3445860401003624	3445860401003624				3445860401003624	0			1	<a href=" rel="nofollow">Android客户端</a>	[呵呵] //@简约生活2731170980:转发微博。			2013001972	00	3445835255781304	1397721869021
1447308-	0		0	Sat Jun 25 11:02:46 +0800 2011			12955200518	12955200518				5621987491240903970	0			0	<a href=" rel="nofollow">微博 weibo.com</a>	无论他变成什么样子，只要看他的眼睛和笑容，你就知道他是好人，善良、单纯，孩子一样。无论他瘦成啥样，身体里都装得下对全世界的爱。天使迈克尔・杰克逊回天堂满两周年。新浪制作视频纪念。 			2013001972	00	0	1397721869021
1447309-	0		1	Mon Mar 04 21:11:45 +0800 2013			3552236766033854	3552236766033854				3552236766033854	0			1	<a href=" rel="nofollow">专业版微博</a>	忽悠不管用了，这回改抢了是不？			2013001972	00	3552119116456357	1397721869022
1447310-	0		0	Tue Oct 04 03:06:52 +0800 2011			3364609218522733	3364609218522733				3364609218522733	0			0	<a href=" rel="nofollow">微博 weibo.com</a>	国家大剧院号称一个座位造价70万，和一辆宝马一样贵。坐起来还不如我电脑前的普普通通的小转椅舒服。至少不顶腿！			2013001972	00	0	1397721869023
1447311-	0		1	Sun May 12 23:53:11 +0800 2013			3577282159121358	3577282159121358				3577282159121358	0			0	<a href=" rel="nofollow">微博 weibo.com</a>	登时判若云泥[嘻嘻] //@天才小熊猫:真棒！ //@粽粽粽粽粽粽粽: 真棒！ //@管培: 嗯，就是这个味儿！			2013001972	00	3577246264279634	1397721869024
1447312-	1		0	Wed Oct 23 10:36:43 +0800 2013			3636513327487684	3636513327487684				3636513327487684	0			1	<a href=" rel="nofollow">微博 weibo.com</a>	再复杂的计算机书也可以写得很简单，简单到每个人都可以看懂。简单是终极的复杂。有位心理学大师说的很好，一切探索的终点就是重回起点，并对起点有真正意义上第一次的了解。			2013001972	00	0	1397721869024
1447313-	0		0	Thu Jun 23 16:12:44 +0800 2011			12831882882	12831882882				5621325198700658840	0			0	<a href=" rel="nofollow">微博 weibo.com</a>	我想应该会比较开心吧^(oo)^			2013001972	00	12831639572	1397721869025
1447314-	0		0	Sun Jun 24 12:04:32 +0800 2012			3460414925387980	3460414925387980				3460414925387980	0		#	0	<a href=" rel="nofollow">Android客户端</a>	在极低海洋世界买的(坐姿)小海豹，要不要这么萌			2013001972	00	0	1397721869026
1447315-	0		0	Sun May 12 11:21:52 +0800 2013			3577093084204872	3577093084204872				3577093084204872	0		#	0	<a href=" rel="nofollow">微博 weibo.com</a>	这气场！这机器人！！这屏幕！！！Elon Musk（就是那个总是和中国、美国、俄罗斯平列的发射卫星的“国家”）的汽车厂及其发明的纯电力跑车。加速到96公里仅需3.7秒，续航393公里，把对手不知道甩几十条街。钢铁侠原型。			2013001972	00	0	1397721869026
1447316-	0		1	Mon May 28 08:51:33 +0800 2012			3450581887090037	3450581887090037				3450581887090037	0			0	<a href=" rel="nofollow">Android客户端</a>	这句励志了[威武] //@冰雅冷轩:转发微博			2013001972	00	3450543751713023	1397721869027
1447317-	0		0	Fri Apr 27 08:29:05 +0800 2012			3439342213287472	3439342213287472				3439342213287472	0			0	<a href=" rel="nofollow">Android客户端</a>	希望早点找到,最好再发一张带眼镜的,以便大家容易识别。			2013001972	00	3437731252650312	1397721869028
1447318-	0		1	Thu Aug 29 16:07:27 +0800 2013			3616665226670161	3616665226670161				3616665226670161	0			1	<a href=" rel="nofollow">微博 weibo.com</a>	这个必须转[哈哈]			2013001972	00	3616662635254060	1397721869028
1447319-	0		0	Wed Apr 11 08:09:49 +0800 2012			3433539158858945	3433539158858945				3433539158858945	0			0	<a href=" rel="nofollow">Android客户端</a>	难以置信我到今天才知道王小波。只看了他一篇文章,我就知道这是我最喜欢的作家之一。有鲁迅的味道在里面。			2013001972	00	0	1397721869029
1447320-	0		0	Sun Jun 10 08:08:08 +0800 2012			3455282002971604	3455282002971604				3455282002971604	0			0	<a href=" rel="nofollow">Android客户端</a>	沉默的大多数：VB6何以长盛不衰			2013001972	00	3455275237075291	1397721869030
1447321-	2		8	Sat Aug 17 14:04:42 +0800 2013			3612285681330260	3612285681330260				3612285681330260	0			5	<a href=" rel="nofollow">微博 weibo.com</a>	今天才知道�是一个汉字，在《新华字典》和《现汉》中都能查到。读音就是ling二声。但在《新华字典》中由于它不属于任何部首，所以在部首检字表中查不到它。			2013001972	00	0	1397721869030
1447322-	0		0	Fri Nov 11 00:20:01 +0800 2011			3378337965748878	3378337965748878				3378337965748878	0			0	<a href=" rel="nofollow">微博 weibo.com</a>	是的。人就是这样的。			2013001972	00	3378327928843500	1397721869031
1447323-	0		0	Tue Jul 16 11:12:21 +0800 2013			3600645896513899	3600645896513899				3600645896513899	0			0	<a href=" rel="nofollow">微博 weibo.com</a>	回复@我思故我在北京鼓楼:我欣赏为了实现理想付出努力的人。 //@我思故我在北京鼓楼:回复@陈冰_图书出版人:然后您觉的这样就算是功德圆满了？换言之也就是被骂如果能拿到风险投资并且开上奥迪A4您也愿意吗？ //@飞林沙:呵呵，遥想三四年前在博客园被骂成翔的吉日都可以出书了....			2013001972	00	3600370200360805	1397721869031
1447324-	0		0	Sun Jun 24 10:48:21 +0800 2012			3460395748326774	3460395748326774				3460395748326774	0		#	0	<a href=" rel="nofollow">微博 weibo.com</a>	分享图片			2013001972	00	0	1397721869032
1447325-	0		0	Fri Aug 30 21:50:25 +0800 2013			3617113924903601	3617113924903601				3617113924903601	0			0	<a href=" rel="nofollow">微博 weibo.com</a>	虽然几乎始终位于多看科学与自然类的畅销榜前十名，但从未进过前三名，希望有一天能够进入。			2013001972	00	3594839096509779	1397721869033
1447326-	0		0	Wed Aug 22 09:08:05 +0800 2012			3481751404163489	3481751404163489				3481751404163489	0		#	0	<a href=" rel="nofollow">分享按钮</a>	《进一步解释一下我在另一篇文章中所谈到的“规定”》@图灵社区 			2013001972	00	0	1397721869033
1447327-	0		1	Sat Jun 18 22:41:16 +0800 2011			12594560706	12594560706				5619569897109378856	0			0	<a href=" rel="nofollow">微博 weibo.com</a>	这小胖手太可爱了，mmmmmmmma//@林美彤：[握手]			2013001972	00	12313924299	1397721869034
1447328-	0		3	Sat Apr 27 16:52:50 +0800 2013			3571740552393950	3571740552393950				3571740552393950	0		#	14	<a href=" rel="nofollow">微博 weibo.com</a>	方寸ICON，震撼全球――重磅新书《I Can ICON》征稿启动！（Iconfans 2013 年度重磅原创）ICON设计师、平面设计师、交互设计师们，你还在等什么？！2013年度交互设计、移动UI、图标与LOGO设计界最经典的著作等待你的狂放参与！你，就是百位顶尖之一。引爆地址： @图灵教育			2013001972	00	0	1397721869035
1447329-	0		6	Sun Jan 29 16:32:08 +0800 2012			3407211260381018	3407211260381018				3407211260381018	0			2	<a href=" rel="nofollow">微博 weibo.com</a>	请中奖的三位朋友 @扬羽爱染 @Fiona_隐身小姐 @a_qinysm 将快递地址告诉我。以便给你们快递奖品。			2013001972	00	0	1397721869036
1447330-	0		1	Sun Jan 01 12:47:31 +0800 2012			3397007865493988	3397007865493988				3397007865493988	0			2	<a href=" rel="nofollow">微博 weibo.com</a>	2012年的第一天就被治愈了。很好。谢谢。[亲亲]			2013001972	00	3396636078669186	1397721869036
1447331-	0		1	Wed Apr 03 10:50:52 +0800 2013			3562952151993883	3562952151993883				3562952151993883	0			0	<a href=" rel="nofollow">专业版微博</a>	最有理想的全在这儿了，码农们，转啊，答题啊！			2013001972	00	3562951019075972	1397721869037
1447332-	0		1	Wed May 30 07:24:34 +0800 2012			3451284776667548	3451284776667548				3451284776667548	0			0	<a href=" rel="nofollow">Android客户端</a>	回复@佛学作家明一居士:封面上写的是编著，显然是攒的，但就算攒也得有个底限吧，直接ctrlv、ctrlc，简直让人无语了。 //@佛学作家明一居士:这书本来就是攒的吧。			2013001972	00	3451281870106984	1397721869038
1447333-	0		0	Tue May 29 07:21:29 +0800 2012			3450921608708122	3450921608708122				3450921608708122	0			1	<a href=" rel="nofollow">Android客户端</a>	转发微博			2013001972	00	3450586676924456	1397721869038
1447334-	0		3	Fri Jun 28 10:05:55 +0800 2013			3594106196229408	3594106196229408				3594106196229408	0			1	<a href=" rel="nofollow">微博 weibo.com</a>	对这封面没好感。13这数字就不好。整体颜色也不给人能成功的感觉。 //@图灵乐馨:赞一下这本书的策划编辑！[good] //@图灵郭志敏: 这封面是谁的创意呢[嘻嘻]好有特色，不看内容就已经充满好奇心了[呵呵]			2013001972	00	3593474072640793	1397721869039
1447335-	0		0	Wed Apr 25 08:46:12 +0800 2012			3438621745235852	3438621745235852				3438621745235852	0			0	<a href=" rel="nofollow">Android客户端</a>	确实如此[哈哈]			2013001972	00	3438608617266060	1397721869040
1447336-	0		0	Mon Aug 15 23:33:34 +0800 2011			3346798534088405	3346798534088405				3346798534088405	0			0	<a href=" rel="nofollow">微博 weibo.com</a>	有人可能会一时忘记今天是几号，但很少有人会忘记这个月是几月。不知是否有人体验过忘记了今年是哪年。这个体会，我曾经有过一次。			2013001972	00	0	1397721869040
1447337-	0		0	Tue Nov 08 21:08:04 +0800 2011			3377564892607092	3377564892607092				3377564892607092	0			0	<a href=" rel="nofollow">微博 weibo.com</a>	信任别人只能说是一种能力，相信自己才是点燃了源动力。			2013001972	00	3377563391234609	1397721869041
1447338-	0		3	Tue Feb 21 19:19:11 +0800 2012			3415588212771524	3415588212771524				3415588212771524	0			1	<a href=" rel="nofollow">微博 weibo.com</a>	张纪中版《西游记》中猪八戒演得最好（传神），唐僧第二好（已超越了老版），沙僧第三好，孙悟空演得最差，完全没演出齐天大圣行者悟空的真性情，仿佛一个不懂事的市井小孩。毫无必要的使用了太多制作粗糙的电脑背景是最大的败笔。			2013001972	00	0	1397721869047
1447339-	0		1	Sat Aug 25 17:32:31 +0800 2012			3482965521083743	3482965521083743				3482965521083743	0			0	<a href=" rel="nofollow">Android客户端</a>	下午参加了移动互联网大会 @沈卓立TouchChina 的演讲很精彩，颇受启发，同时有些想法也和我之前所持的观点不谋而合。			2013001972	00	0	1397721869048
1447340-	0		0	Mon Sep 03 09:59:10 +0800 2012			3486112922404042	3486112922404042				3486112922404042	0		#	3	<a href=" rel="nofollow">分享按钮</a>	自古以来，就是时势造英雄！但这个英雄首先也得具备能成为英雄的素质和眼光，这样才不会被时势错过。总说什么谭浩强能取得那样的成绩，是因为他生了在那个时代，我不禁想轻笑两声，就算把这里的(详见长微博) ...    （分享自 @长微博工具）			2013001972	00	0	1397721869048
1447341-	0		7	Tue Nov 08 12:29:25 +0800 2011			3377434365872116	3377434365872116				3377434365872116	0		#	3	<a href=" rel="nofollow">微博 weibo.com</a>	昨天在卓越上订购的小白板今儿上午到了。打开一看，哇欧，很棒的一块小板。哈哈，对于我这种记忆力很差的银来说，这东西比一台笔记本电脑的用处都大。从今以后我再也不会忘记任何事情啦。只要记得每天看看这块小板就行了。 ……哦……，还是要记得看这块板子。千万别忘了。			2013001972	00	0	1397721869049
1447342-	0		4	Thu Jun 28 17:46:57 +0800 2012			3461950648064393	3461950648064393				3461950648064393	0			2	<a href=" rel="nofollow">微博 weibo.com</a>	回复@会写代码的杨裕欣:让我把信息披露的再多点。这是我策划的《大话设计模式》在当当的评价： 这是我本人写的《电脑使用说明书》在当当的评价：			2013001972	00	3461915441468900	1397721869050
1447343-	0		2	Sat Oct 15 10:42:19 +0800 2011			3368710102960810	3368710102960810				3368710102960810	0			1	<a href=" rel="nofollow">微博手机版</a>	收到了《读者》杂志寄来的著作权使用合同，这大概就叫签约作者吧^(oo)^，感觉不错。			2013001972	00	0	1397721869050
1447344-	0		0	Fri Jun 22 17:39:48 +0800 2012			3459774517788327	3459774517788327				3459774517788327	0			1	<a href=" rel="nofollow">Android客户端</a>	这样的奶再喝几代，估计中国人的肾脏都能进化出自动碎石功能。			2013001972	00	3459771799566756	1397721869051
1447345-	0		0	Tue Aug 16 20:06:14 +0800 2011			3347108744966245	3347108744966245				3347108744966245	0			0	<a href=" rel="nofollow">微博 weibo.com</a>	总有这么多可爱的银			2013001972	00	3347100937030595	1397721869052
1447346-	0		1	Fri Sep 13 14:16:01 +0800 2013			3622072997442994	3622072997442994				3622072997442994	0		#	3	<a href=" rel="nofollow">微博 weibo.com</a>	硅谷创业巨子的真知灼见，离经叛道！颠覆你对世界的过往印象！本书是当今美国互联网界如日中天的教父级人物、风险投资家、畅销技术书作家、哈佛大学博士保罗・格雷厄姆的文集，内容细腻、丰富而宽广，打破常规，以你未曾想过的视角带你领略当今IT技术浸透下周遭世界的基因与动向。《黑客与画家》精装版			2013001972	00	0	1397721869053
1447347-	0		2	Mon Jun 27 12:54:09 +0800 2011			13100936930	13100936930				5622758364869744108	0		#	2	<a href=" rel="nofollow">微博 weibo.com</a>	《电脑使用说明书》今日登上互动出版首页Banner位！介本书相当给力十分搞笑非常有用。此书将科普+电脑技术+搞笑+绘本+文学五种元素融为一体，堪称家庭必备的“第五元素”。			2013001972	00	0	1397721869053
1447348-	0		0	Tue Oct 04 02:59:51 +0800 2011			3364607452713762	3364607452713762				3364607452713762	0			1	<a href=" rel="nofollow">微博 weibo.com</a>	今天去国家大剧院看《王府井》（也是第一次进国家大剧院），买得最贵的票，580元一张的池座，但说实话，非常失望。原因三点：（1）剧本差，形散神也散，主线缺乏力度，焦点太多，一些剧情牵强。			2013001972	00	0	1397721869054
1447349-	0		0	Thu Mar 15 19:34:34 +0800 2012			3423927004798059	3423927004798059				3423927004798059	0			0	<a href=" rel="nofollow">微博 weibo.com</a>	值得做的事很多都如此。			2013001972	00	3423926275414385	1397721869055
1447350-	0		0	Fri Aug 03 14:49:36 +0800 2012			3474951979589140	3474951979589140				3474951979589140	0			1	<a href=" rel="nofollow">微博 weibo.com</a>	智力超群，看问题有独特视角。			2013001972	00	3474947060247351	1397721869055
1447351-	0		3	Thu Jul 11 22:01:04 +0800 2013			3598997207517931	3598997207517931				3598997207517931	0			0	<a href=" rel="nofollow">微博 weibo.com</a>	回复@璐柯艾特蜜:刚到家，看到这条评论，开心呀，你是识货的。[太开心] //@璐柯艾特蜜:无意中看到这本书 先前从未涉猎过科普类读物 总觉得看不懂或是读不进去 但书中那句：＂我们的太阳却质量适中，过着克制的，若有所思的生活＂让人浮想连篇?原来科普读物也可以这么有诗意??[浮云][浮云]			2013001972	00	3594839096509779	1397721869056
1447352-	0		0	Tue Oct 23 08:36:09 +0800 2012			3504211419231074	3504211419231074				3504211419231074	0			0	<a href=" rel="nofollow">微博 weibo.com</a>	《C程序设计伴侣》抽奖已结束。请中奖者 @齐欣gyudsc @白白YMN58 @久闻其明RLV 提供邮寄地址。			2013001972	00	0	1397721869057
1447353-	0		0	Mon Jun 27 18:10:05 +0800 2011			13119961130	13119961130				5622839780256975915	0			0	<a href=" rel="nofollow">微博 weibo.com</a>	这北鼻的表情太逗了。//@涌思-安乔：满头汗！！！小时候尼玛这么早熟么！！！			2013001972	00	13116314665	1397721869057
1447354-	0		0	Fri Aug 09 21:19:58 +0800 2013			3609496125042565	3609496125042565				3609496125042565	0		#	0	<a href=" rel="nofollow">玛雅谜题</a>	一块块黄绿色的石板，有的地方还长有淡淡的青苔，每次打开就仿佛闻到了混合着泥土的青草香。手指轻轻划过，一根绿藤随着我的划动生长出来，看着整条青藤上长满了鲜艳的各色花朵，心情就会莫名其妙的好起来。享受身临神殿的感觉，破解玛雅人的谜题，追寻2012最大的秘密！			2013001972	00	0	1397721869058
1447355-	0		0	Wed May 16 06:54:28 +0800 2012			3446203771582153	3446203771582153				3446203771582153	0			0	<a href=" rel="nofollow">Android客户端</a>	从没吃过的挥泪飘过[泪]			2013001972	00	3446198893664354	1397721869059
1447356-	0		0	Fri May 04 06:44:03 +0800 2012			3441852491808507	3441852491808507				3441852491808507	0			0	<a href=" rel="nofollow">Android客户端</a>	管理真正的意义是服务。但在中国完全不是这样。 //@FullisNull:在中国，管理就是权和利，没有责任和义务。			2013001972	00	3439328820593918	1397721869059
1447357-	1		5	Mon Sep 02 16:34:13 +0800 2013			3618121510105524	3618121510105524				3618121510105524	0		#	39	<a href=" rel="nofollow">微博 weibo.com</a>	上学时……，工作后……			2013001972	00	0	1397721869060
1447358-	0		2	Tue Jun 28 15:45:52 +0800 2011			13180557440	13180557440				5623173701092019308	0			1	<a href=" rel="nofollow">微博 weibo.com</a>	这本书的姊妹书我买过：） //@tianye9:@灿悠悠 @jacquelinevon ,@小陆子的天空			2013001972	00	13174510405	1397721869060
1447359-	0		1	Tue May 28 14:07:03 +0800 2013			3582932855773632	3582932855773632				3582932855773632	0		#	4	<a href=" rel="nofollow">36氪</a>	这篇文章写得很好，很客观――有想法但不会写代码，凭什么让技术合伙人为你的创意打工？   （分享自 @36氪）			2013001972	00	0	1397721869061
1447360-	0		0	Thu May 02 12:41:36 +0800 2013			3573489262400610	3573489262400610				3573489262400610	0			1	<a href=" rel="nofollow">微博 weibo.com</a>	这是唯一要考虑的事情。			2013001972	00	3573076162001088	1397721869061
1447361-	0		0	Tue Oct 25 21:43:32 +0800 2011			3372500381634561	3372500381634561				3372500381634561	0			0	<a href=" rel="nofollow">微博 weibo.com</a>	一群多么温馨的混蛋啊。			2013001972	00	3372488216508887	1397721869062
1447362-	0		5	Sat Jun 25 20:24:09 +0800 2011			12991792332	12991792332				5622132158631953803	0			1	<a href=" rel="nofollow">微博 weibo.com</a>	以后一分钱都不捐给红十字会！			2013001972	00	12959536012	1397721869062
1447363-	0		1	Sun Sep 04 11:22:34 +0800 2011			3353862329085489	3353862329085489				3353862329085489	0		#	0	<a href=" rel="nofollow">微博 weibo.com</a>	我的一本新书将要出版。这本书是先秦文学十二部经典著作中经典段落的原文+译者译文+译者感悟。这本书的副书名是“成就你一生的先秦国学经典”。备选的主书名有四个：《2300年的光》、《从今天起，成为尊贵的人》、《先哲的智慧》、《先秦十二经典精选集》。大家更喜欢哪个主书名？			2013001972	00	0	1397721869063
1447364-	0		0	Wed May 02 22:06:01 +0800 2012			3441359744433220	3441359744433220				3441359744433220	0		#	0	<a href=" rel="nofollow">微博 weibo.com</a>	放假去了书店，看到几本好书。这本书里，扎克伯格和他的女友，还有他们的宠物狗“野兽”，可是这只“野兽”咋这么萌呢[哈哈]			2013001972	00	0	1397721869064
1447365-	0		0	Fri Jun 10 21:43:49 +0800 2011			12090816429	12090816429				5616586410951625134	0			0	<a href=" rel="nofollow">微博 weibo.com</a>	转发微博。			2013001972	00	12084965229	1397721869064
1447366-	0		1	Fri May 18 07:27:51 +0800 2012			3446936944481793	3446936944481793				3446936944481793	0			1	<a href=" rel="nofollow">Android客户端</a>	唯一的办法就是想方设法让读者知道我们的书确实是比那些攒出来的书更好更值得阅读的。读者的鉴赏水平是有的,但有些垃圾书的障眼法确实很干扰分辨力。			2013001972	00	3446238500242910	1397721869065
1447367-	0		0	Tue Jun 07 17:30:10 +0800 2011			11905343156	11905343156				5615407790330008435	0			0	<a href=" rel="nofollow">微博 weibo.com</a>	转发微博。			2013001972	00	11883685186	1397721869065
1447368-	0		0	Wed Mar 06 16:32:25 +0800 2013			3552891245534267	3552891245534267				3552891245534267	0			0	<a href=" rel="nofollow">微博 weibo.com</a>	不是你说还真不知道出了这么一文件。好书自然多家抢，垃圾书塞给谁人家能要啊。			2013001972	00	3552878226397763	1397721869066
1447369-	0		0	Mon Sep 26 19:48:49 +0800 2011			3361962264242280	3361962264242280				3361962264242280	0		#	0	<a href=" rel="nofollow">微博 weibo.com</a>	（9）拆到目前状态，应该拆成下面这幅样子了。			2013001972	00	0	1397721869066
1447370-	0		1	Fri Jan 25 11:12:10 +0800 2013			3538315137035184	3538315137035184				3538315137035184	0			1	<a href=" rel="nofollow">专业版微博</a>	很明显，4000-5000，1万-2万，两个阶梯。			2013001972	00	3538304626462857	1397721869067
1447371-	0		0	Sat Jun 02 17:02:58 +0800 2012			3452517503846514	3452517503846514				3452517503846514	0			0	<a href=" rel="nofollow">Android客户端</a>	书名不错,达到会想让人翻一翻的目的了。如果要便于口碑相传,可以考虑简化为「最火车」。你写的「法院」,个人没有看进去,不知道为什么。			2013001972	00	3452464198139174	1397721869067
1447372-	0		0	Thu Jun 28 15:58:59 +0800 2012			3461923477585222	3461923477585222				3461923477585222	0			0	<a href=" rel="nofollow">微博 weibo.com</a>	我教给你目录该如何拟定，要有描述性和自解释性，要让读者知道这些目录存在的理由。电话里你说自己先把电子版书做出来在网上卖，然后再来联系我，没想到5分钟后你就在网上发这个微博，真让我大开眼界。			2013001972	00	3461915441468900	1397721869068
1447373-	0		0	Mon Aug 20 09:46:43 +0800 2012			3481036350851187	3481036350851187				3481036350851187	0			0	<a href=" rel="nofollow">微博 weibo.com</a>	今天是我的头脑近两个月来最清醒的一天，我可以自自然然地看脚下的东西，也可以轻轻松松地看远处的东西，我的目光可以在非常近和非常远的地方间快速的来回切换，我会高高兴兴的。虽然今天很清醒，但不如明天清醒。			2013001972	00	0	1397721869068
1447374-	0		2	Sun Jul 03 22:12:42 +0800 2011			13561682098	13561682098				5625128813149117241	0			1	<a href=" rel="nofollow">微博 weibo.com</a>	好可爱的宝宝^^			2013001972	00	13553703712	1397721869069
1447375-	0		1	Mon Apr 09 19:36:37 +0800 2012			3432987218005412	3432987218005412				3432987218005412	0			1	<a href=" rel="nofollow">Android客户端</a>	好想大声说爱你。主角不老,观众也就不会老。[哈哈]			2013001972	00	3429827254544426	1397721869069
1447376-	0		0	Sun Jun 24 10:47:14 +0800 2012			3460395475456938	3460395475456938				3460395475456938	0		#	0	<a href=" rel="nofollow">微博 weibo.com</a>	分享图片			2013001972	00	0	1397721869070
1447377-	0		2	Wed Nov 06 17:10:59 +0800 2013			3641685978294115	3641685978294115				3641685978294115	0			2	<a href=" rel="nofollow">微博 weibo.com</a>	原来郎咸平和于丹的讲课费用是每场30万元，如此说来，买书还真划算[围观]：			2013001972	00	0	1397721869070
1447378-	0		0	Thu Apr 25 20:57:37 +0800 2013			3571077378284514	3571077378284514				3571077378284514	0			0	<a href=" rel="nofollow">微博 weibo.com</a>	以后的厕所可能会分成这样：男厕、女厕、谷歌眼镜男厕、谷歌眼镜女厕。戴谷歌眼镜的都搁一块如厕，who怕who，彼此彼此。			2013001972	00	3571073725727203	1397721869071
1447379-	0		1	Tue Mar 12 12:58:55 +0800 2013			3555011843548688	3555011843548688				3555011843548688	0			2	<a href=" rel="nofollow">微博 weibo.com</a>	你说错了，事实上，正是“天”的颜色，导致了这种差别。			2013001972	00	3555010102724113	1397721869071
1447380-	0		0	Tue May 01 19:02:49 +0800 2012			3440951252919969	3440951252919969				3440951252919969	0			0	<a href=" rel="nofollow">微博 weibo.com</a>	转发微博			2013001972	00	3440946777760066	1397721869072
1447381-	0		0	Fri Jul 12 16:28:32 +0800 2013			3599275914954087	3599275914954087				3599275914954087	0			0	<a href=" rel="nofollow">微博 weibo.com</a>	[good] //@NightWishUD:转发微博			2013001972	00	3599259875718047	1397721869072
1447382-	0		0	Fri Jun 01 08:07:27 +0800 2012			3452020340103523	3452020340103523				3452020340103523	0			0	<a href=" rel="nofollow">Android客户端</a>	当你感觉困难的时候，读读这个，绝对原地满血复活[奥特曼]			2013001972	00	3451073253185395	1397721869073
1447383-	0		0	Sat Apr 14 06:36:17 +0800 2012			3434602779936821	3434602779936821				3434602779936821	0			0	<a href=" rel="nofollow">专业版微博</a>	是我喜欢的书[可爱]			2013001972	00	3433280512731311	1397721869074
1447384-	0		0	Fri May 03 14:57:14 +0800 2013			3573885796330180	3573885796330180				3573885796330180	0			0	<a href=" rel="nofollow">专业版微博</a>	Nokia要奋起直追了。能否给力，就看搭档微软是否能彻底改革丑陋的WP界面了。磁贴，放弃吧，这设计真的不符合这个时代的审美。			2013001972	00	3573870415642550	1397721869074
1447385-	0		0	Fri Nov 08 10:16:35 +0800 2013			3642306466721671	3642306466721671				3642306466721671	0			0	<a href=" rel="nofollow">微博 weibo.com</a>	你和我的感觉一样，我也是因为“黑客”两个字导致很久之后才阅读此书。这次换成这种风格的封面并且把“黑”字设成白色，也是为了弱化“黑”和“黑客”的视觉沉重感和惊悚感。 //@2gua:哟！精装本！[耶]			2013001972	00	3642142524181872	1397721869075
1447386-	0		1	Tue Jan 07 12:24:59 +0800 2014			3664082051538310	3664082051538310				3664082051538310	0			1	<a href=" rel="nofollow">微博 weibo.com</a>	帮啊哈磊小朋友推荐。很可爱的一本书！ //@啊哈C语言:还没有拿到的快来抢吧[笑哈哈]			2013001972	00	3662638545003863	1397721869075
1447387-	0		0	Fri Jun 08 07:58:41 +0800 2012			3454554848970289	3454554848970289				3454554848970289	0			0	<a href=" rel="nofollow">Android客户端</a>	不乖的教授用乖乖的百度搞出了这么一个不乖的图片[哈哈] //@周金桥:随便发布有损伟光正形象的数据是不合法的。  //@糖醋排骨涅:转发微博			2013001972	00	3454537018551138	1397721869076
1447388-	0		0	Fri Mar 29 11:19:03 +0800 2013			3561147305291380	3561147305291380				3561147305291380	0			1	<a href=" rel="nofollow">微博 weibo.com</a>	远远看见一疯狗，雄狮赶紧躲开。小狮子说：爸爸，你敢和老虎斗，与猎豹争，如今却躲避疯狗，多丢人啊！ 雄狮说：孩子，我问你，打败一条疯狗光荣不光荣？ 小狮子摇摇头。让疯狗咬一口倒霉不倒霉？小狮子点点头。既然如此，咱们干嘛要去招惹一条疯狗呢？			2013001972	00	0	1397721869077
1447389-	0		0	Wed Jun 22 17:17:18 +0800 2011			12780074426	12780074426				5620970752232396573	0			0	<a href=" rel="nofollow">微博 weibo.com</a>	每一个朝代，都以为它就是历史的终结，但最终，无一例外都被历史终结。			2013001972	00	0	1397721869077
1447390-	0		2	Thu Apr 12 07:57:07 +0800 2012			3433898346334280	3433898346334280				3433898346334280	0			6	<a href=" rel="nofollow">Android客户端</a>	永远不要小看他人,每个人都有着和你一样多的秘密。			2013001972	00	0	1397721869078
1447391-	0		5	Mon Jun 20 19:46:13 +0800 2011			12686357494	12686357494				5620266957407322994	0		#	0	<a href=" rel="nofollow">微博 weibo.com</a>	《电脑使用说明书》今天终于入库了，明天发货！所有有电脑的大盆友和小盆友们都有福了。			2013001972	00	0	1397721869078
1447392-	0		0	Tue Jul 12 11:24:02 +0800 2011			14226641480	14226641480				5628301419589995245	0			0	<a href=" rel="nofollow">微博 weibo.com</a>	但在书店的环境下，由于周围的精品计算机书大多都是特别白的纸，所以你的书的纸如果略带黄色，就会显得有些陈旧。另外，特别白的纸本身就会带给人一种高科技和时尚的感觉，所以更适合计算机图书。			2013001972	00	0	1397721869079
1447393-	0		0	Wed May 16 08:59:49 +0800 2012			3446235308635353	3446235308635353				3446235308635353	0			0	<a href=" rel="nofollow">Android客户端</a>	视野打开,才能看到更多的读者,一切信息皆选题。			2013001972	00	0	1397721869079
1447394-	0		4	Thu Jul 07 09:45:04 +0800 2011			13818847734	13818847734				5626420490204858756	0			3	<a href=" rel="nofollow">微博 weibo.com</a>	演奏，高手体现的是技巧，大师体现的则是境界，这就是高手和大师的区别。世界经典名曲D大调卡农。古典吉他大师演奏。最经典的卡农版本！超级好听！ 			2013001972	00	0	1397721869080
1447395-	0		0	Thu Apr 10 13:51:28 +0800 2014			3697805891515693	3697805891515693				3697805891515693	0			1	<a href=" rel="nofollow">微博 weibo.com</a>	一本很奇特的计算机书。摘录一段：平板兽是一种除了在神界，其它地方不仅不可能存在，而且连想都不敢想的小型食肉类动物。平板兽的名称得自于它奇怪的体型，它看起来完全就是一块平板，大约一米见方，3公分厚，长有四条极粗但弹跳力极好的小短腿……			2013001972	00	0	1397721869080
1447396-	0		0	Thu Nov 10 21:44:12 +0800 2011			3378298757828977	3378298757828977				3378298757828977	0			0	<a href=" rel="nofollow">微博 weibo.com</a>	好多次，我在梦中写过我在梦中感觉很棒的诗，在梦中做过情节很震撼的好莱坞大片一般的梦。但每天清晨起床，我总是一点也记不得我在梦中所做的诗。我，是梦中的诗人和梦中的小说家。			2013001972	00	0	1397721869081
1447397-	0		0	Sun May 13 07:59:12 +0800 2012			3445132894612584	3445132894612584				3445132894612584	0			0	<a href=" rel="nofollow">Android客户端</a>				2013001972	00	0	1397721869081
1447398-	0		0	Sun Mar 11 01:15:55 +0800 2012			3422200968987938	3422200968987938				3422200968987938	0			0	<a href=" rel="nofollow">微博 weibo.com</a>	相由心生，此话不假。脸上的一切均是内心的反映。			2013001972	00	0	1397721869081
1447399-	0		0	Sun Aug 28 16:39:03 +0800 2011			3351405260019087	3351405260019087				3351405260019087	0			1	<a href=" rel="nofollow">微博 weibo.com</a>	要想写好文章，需要阅读名著。但并非阅读的书越多越好。有些看过几千本书的还不如有些只看过百本书的。甚至，看过的书过多，反而会伤害你直抒胸臆的能力。这就仿佛最有创造力的人，学历都不会太高，过多的知识会伤害你的创造力。			2013001972	00	0	1397721869082
1447400-	0		6	Thu Sep 05 21:23:14 +0800 2013			3619281423937945	3619281423937945				3619281423937945	0			0	<a href=" rel="nofollow">专业版微博</a>	作为Galaxy Note的用户，考虑再三，我只想问 @三星电子 一个问题，为何非要把note3做得这么丑，好看一点点难道都不可以吗？本指望6.3寸屏幕可以作为一个卖点（一直期待6.3大屏），现在的5.7寸已经泯然众人矣。再加上前壳一个大金属边，后壳一个皮面子，请问这组合美味么？			2013001972	00	3619235463320839	1397721869082
1447401-	0		10	Tue Apr 02 22:40:45 +0800 2013			3562768412133098	3562768412133098				3562768412133098	0		#	6	<a href=" rel="nofollow">微博 weibo.com</a>	看看腾讯“原创小说”排行榜，你就感觉这民族真TMD没希望了。			2013001972	00	0	1397721869083
1447402-	0		0	Mon Jul 02 18:36:53 +0800 2012			3463412761797401	3463412761797401				3463412761797401	0			0	<a href=" rel="nofollow">Android客户端</a>	这货可以做我们的新书「敏捷武士」的代言。			2013001972	00	3463382268889901	1397721869083
1447403-	0		0	Tue Jun 18 11:22:52 +0800 2013			3590501683068607	3590501683068607				3590501683068607	0			2	<a href=" rel="nofollow">专业版微博</a>	刚刚试读了《宇宙的背面》，长时间的等待看来是值得的，排版非常棒哈，还加了图片，感谢感谢。赞！			2013001972	00	3590482497916879	1397721869084
1447404-	0		1	Tue Feb 19 22:53:12 +0800 2013			3547551254620038	3547551254620038				3547551254620038	0			1	<a href=" rel="nofollow">微博 weibo.com</a>	让第三幅吓到了。[哈哈] //@李开复:最后一张好像是印象派的哦！[偷笑]			2013001972	00	3546222839053240	1397721869085
1447405-	0		0	Wed Jun 15 21:30:50 +0800 2011			12395092770	12395092770				5618438491044652303	0			0	<a href=" rel="nofollow">微博 weibo.com</a>	如果大家有想玩单反的，向你强力推荐这本《圣经――DSLR数码单反摄影从入门到精通》。你将和唐僧师徒四人一起取来数码单反的真经。			2013001972	00	0	1397721869085
1447406-	0		0	Sun Jun 24 10:47:49 +0800 2012			3460395618297829	3460395618297829				3460395618297829	0		#	0	<a href=" rel="nofollow">微博 weibo.com</a>	分享图片			2013001972	00	0	1397721869086
1447407-	0		2	Thu Nov 07 11:18:17 +0800 2013			3641959606184070	3641959606184070				3641959606184070	0		#	3	<a href=" rel="nofollow">微博 weibo.com</a>	《程序员第二步――从程序员到项目经理》正在51CTO举办有奖问答赠书活动（总共5本）地址：			2013001972	00	0	1397721869087
1447408-	0		0	Thu Sep 29 18:47:19 +0800 2011			3363033951180298	3363033951180298				3363033951180298	0		#	0	<a href=" rel="nofollow">微博 weibo.com</a>	在摆堆儿区。			2013001972	00	0	1397721869087
1447409-	1		0	Wed Oct 23 10:36:43 +0800 2013			3636513327487684	3636513327487684				3636513327487684	0			1	<a href=" rel="nofollow">微博 weibo.com</a>	再复杂的计算机书也可以写得很简单，简单到每个人都可以看懂。简单是终极的复杂。有位心理学大师说的很好，一切探索的终点就是重回起点，并对起点有真正意义上第一次的了解。			2013001972	00	0	1397721869088
1447410-	0		2	Fri Aug 16 15:20:36 +0800 2013			3611942398536231	3611942398536231				3611942398536231	0			0	<a href=" rel="nofollow">微博 weibo.com</a>	老实说，我也经常有这种想法。			2013001972	00	3611935700099760	1397721869088
1447411-	0		0	Mon May 07 18:20:33 +0800 2012			3443114935427665	3443114935427665				3443114935427665	0			0	<a href=" rel="nofollow">Android客户端</a>	喜欢和爱的区别在哪里？喜欢花的人，会去摘花；然而爱花的人，会去浇水。[爱你]			2013001972	00	0	1397721869089
1447412-	0		0	Sun Mar 18 09:06:01 +0800 2012			3424855988800804	3424855988800804				3424855988800804	0			0	<a href=" rel="nofollow">微博 weibo.com</a>	保护孩子。请为世界做一点小小的贡献。当三角形倒转过来的时候，我知道，更好的世界正在到来。			2013001972	00	3422704709838788	1397721869090
1447413-	0		0	Fri Aug 09 23:07:09 +0800 2013			3609523090177970	3609523090177970				3609523090177970	0			0	<a href=" rel="nofollow">微博 weibo.com</a>	回复@方腾飞-清英:帮转 //@方腾飞-清英:求答案，求扩散@陈冰_图书出版人 @佘广-机械工业出版社 @图书出版人杨海玲 @永恒的侠少 //@张卫滨1895:靠谱的书 靠谱的译者 求靠谱的出版社 @华章图书 @人民邮电出版社-信息技术分社			2013001972	00	3609486508387120	1397721869090
1447414-	0		1	Thu Jul 18 10:07:15 +0800 2013			3601354289172889	3601354289172889				3601354289172889	0			2	<a href=" rel="nofollow">微博 weibo.com</a>	为什么金银首饰那么贵重，因为宇宙为了产生它们，曾报废过无数颗巨大的恒星。让你在惊讶中思考，让你爱不释手，必须一口气读完的科普书《宇宙的背面》。			2013001972	00	3594839096509779	1397721869091
1447415-	3		1	Tue Apr 08 09:16:45 +0800 2014			3697011976884492	3697011976884492				3697011976884492	0			1	<a href=" rel="nofollow">微博 weibo.com</a>	很多事，一旦着手开始干了，其实会比之前想象的容易。 //@诗意联盟:我发表了这篇微博，帮我转发一下哈！@汤海龙北京 @陈冰_图书出版人 @武大沈阳 @武卫东 @Yolanda紫衣 @韩铮at_数云			2013001972	00	3696689598217294	1397721869091
1447416-	0		0	Fri Jul 05 16:06:34 +0800 2013			3596733672545186	3596733672545186				3596733672545186	0		#	0	<a href=" rel="nofollow">Android客户端</a>	这套好书被里面的字体给彻底毁了。 @北京大学出版社			2013001972	00	0	1397721869092
1447417-	0		0	Sat Jun 11 16:50:44 +0800 2011			12125730692	12125730692				5616881969136249272	0			0	<a href=" rel="nofollow">微博 weibo.com</a>	这小猫玩得好专注。//@左影右虹：哈哈，萌死了萌死了萌死了。。			2013001972	00	11960989464	1397721869092
1447418-	0		1	Mon Sep 16 21:50:10 +0800 2013			3623274455954820	3623274455954820				3623274455954820	0			2	<a href=" rel="nofollow">微博 weibo.com</a>	好萌好可爱，快快回到妈妈碗里。			2013001972	00	3515635029518774	1397721869093
1447419-	0		0	Mon Jun 17 10:42:21 +0800 2013			3590129098226148	3590129098226148				3590129098226148	0			0	<a href=" rel="nofollow">微博 weibo.com</a>	任何伟大的东西都是天生的。			2013001972	00	0	1397721869094
1447420-	0		0	Tue Mar 12 10:41:01 +0800 2013			3554977143994717	3554977143994717				3554977143994717	0			1	<a href=" rel="nofollow">专业版微博</a>	最喜欢的封面是《你好》和《亲爱的提奥》。			2013001972	00	3554962842311552	1397721869094
1447421-	0		1	Sun Dec 11 08:19:40 +0800 2011			3389330312644637	3389330312644637				3389330312644637	0			0	<a href=" rel="nofollow">Android客户端</a>	每天都吃火锅的生活也是对人意志的一种考验啊。			2013001972	00	0	1397721869095
1447422-	0		0	Thu Jun 21 07:21:37 +0800 2012			3459256563168050	3459256563168050				3459256563168050	0			0	<a href=" rel="nofollow">Android客户端</a>	还真是[泪]			2013001972	00	3459254915006870	1397721869169
1447423-	0		1	Sun Apr 28 18:07:53 +0800 2013			3572121835800549	3572121835800549				3572121835800549	0			2	<a href=" rel="nofollow">微博 weibo.com</a>	如果此鸽就地辞职，勉强可算一招。 //@潘石屹:我们公司的KPI考核是3个月，我们曾延长到过6个月，员工干劲远不如3个月。我认为，见效不见效就3个月，最长半年。红会能做几件什么事让形象立刻改变吗？网友支招。			2013001972	00	3572094140902463	1397721869170
1447424-	0		0	Wed Jul 31 12:00:01 +0800 2013			3606093709775648	3606093709775648				3606093709775648	0			0	<a href=" rel="nofollow">微博 weibo.com</a>	盛会。不禁想到了周鸿�和雷军的“对话”。			2013001972	00	3605786674424493	1397721869170
1447425-	0		1	Sat Jun 23 07:53:59 +0800 2012			3459989483923124	3459989483923124				3459989483923124	0			1	<a href=" rel="nofollow">微博 weibo.com</a>	一本书，加上阅读它时人们思想的呼吸，才是这本书完整的生命。			2013001972	00	0	1397721869171
1447426-	0		0	Wed May 30 11:17:13 +0800 2012			3451343320614075	3451343320614075				3451343320614075	0			1	<a href=" rel="nofollow">微博 weibo.com</a>	帮你转一下			2013001972	00	3451001619263284	1397721869171
1447427-	0		4	Tue Jul 09 16:27:21 +0800 2013			3598188453828745	3598188453828745				3598188453828745	0		#	7	<a href=" rel="nofollow">分享按钮</a>	给《程序员，你伤不起》写的一篇序言――编辑的话  			2013001972	00	0	1397721869172
1447428-	0		2	Fri Aug 30 21:20:14 +0800 2013			3617106329320233	3617106329320233				3617106329320233	0		#	2	<a href=" rel="nofollow">微博 weibo.com</a>	今天在观瞻书展时，惊闻作者吉日拉嘎针对其大作《程序员，你伤不起》发动了“你买书，他报销”的活动，福利量高达200册！短短一小时内，200册送完！因参加书展过错了第一时间观摩此活动的盛况。因手笔太大，活动过于剧烈，瞬间爆表： 如此豪放手笔，我以前未见！这就是自信！			2013001972	00	0	1397721869172
1447429-	0		3	Fri Jul 26 17:24:55 +0800 2013			3604363542665960	3604363542665960				3604363542665960	0			2	<a href=" rel="nofollow">微博 weibo.com</a>	刚才看到《程序员，你伤不起》的样书了，很不错，黄灿灿的，感觉散发着无穷的光和热。			2013001972	00	0	1397721869173
1447430-	0		0	Thu Apr 26 07:26:12 +0800 2012			3438963996031961	3438963996031961				3438963996031961	0			1	<a href=" rel="nofollow">Android客户端</a>	创业者马云。			2013001972	00	3438961416176536	1397721869173
1447431-	0		0	Thu May 31 12:57:46 +0800 2012			3451731016821773	3451731016821773				3451731016821773	0			0	<a href=" rel="nofollow">微博 weibo.com</a>	一本被埋没的好书//@图灵谢工: 这书很长销的。@刘江CE //@骆逸:大赞！正好要开始教我家老大编程。			2013001972	00	3451724985083415	1397721869174
1447432-	0		0	Thu Aug 08 22:48:36 +0800 2013			3609156034400857	3609156034400857				3609156034400857	0			0	<a href=" rel="nofollow">微博 weibo.com</a>	当人们提到一个人时，当口碑相传时，人们都是也只会是用一句话来描述这个人，这句话就是这个人留下的本质。无论你说过什么做过什么都不重要，你所有的一切最终就被压缩成这一句话。			2013001972	00	0	1397721869174
1447433-	0		0	Tue Jan 14 12:11:07 +0800 2014			3666615277178223	3666615277178223				3666615277178223	0			1	<a href=" rel="nofollow">微博 weibo.com</a>	大话重构之三：解决遗留系统的根本办法，就是在软件由简单软件向复杂软件转变的关键时刻，适时做出调整，使软件重新回到高质量的状态。这里，我们要做出的调整被称为重构，而做出这种调整的最佳方式，就是“小步快跑”啦。			2013001972	00	0	1397721869174
1447434-	0		0	Wed Jun 08 21:16:20 +0800 2011			11983540568	11983540568				5615837158209571475	0			0	<a href=" rel="nofollow">微博 weibo.com</a>	最欣赏王达老师的一点就是――执着。			2013001972	00	11983130582	1397721869175
1447435-	0		3	Wed Nov 06 14:05:31 +0800 2013			3641639303852083	3641639303852083				3641639303852083	0		#	18	<a href=" rel="nofollow">微博 weibo.com</a>	程序员到了30岁，怎样提高自己的不可替代性？下一步是卖水果、烙烧饼，还是往前再走一步？如果转不动一个项目，何以转动一个公司？！《程序员第二步》每一位程序员和项目经理的必读之书！IT职场至关重要的第二步。作为自食其力意志坚定的IT食物链底层来的人，当当预售开始：			2013001972	00	0	1397721869175
1447436-	0		1	Thu Feb 28 20:25:48 +0800 2013			3550775646816798	3550775646816798				3550775646816798	0			0	<a href=" rel="nofollow">微博 weibo.com</a>	怀疑这是“找你妹”开发商做的一次事件营销、逆向宣传！			2013001972	00	3550773302500498	1397721869176
1447437-	0		2	Fri Nov 11 09:03:39 +0800 2011			3378469746090174	3378469746090174				3378469746090174	0			0	<a href=" rel="nofollow">微博 weibo.com</a>	如果什么也不做，便什么也不会发生，如果做了些什么，便会发生些什么，我拉了下你的手，从此世上多了两个开心的人。――偶的小诗《在这个星球上》			2013001972	00	0	1397721869176
1447438-	0		0	Fri May 11 06:44:09 +0800 2012			3444389231940763	3444389231940763				3444389231940763	0			0	<a href=" rel="nofollow">Android客户端</a>	早安！			2013001972	00	3444386279021034	1397721869177
1447439-	0		0	Sat Apr 14 07:50:43 +0800 2012			3434621511702214	3434621511702214				3434621511702214	0			0	<a href=" rel="nofollow">Android客户端</a>	[哈哈]			2013001972	00	3434620089607338	1397721869177
1447440-	0		2	Wed Jun 15 19:31:23 +0800 2011			12387718304	12387718304				5618407709012475534	0			3	<a href=" rel="nofollow">微博 weibo.com</a>	读到《亲爱的提奥：凡高自传》中的一句话，让人心酸：“谁要想成功，谁就要有雄心；但是在别人看来，雄心似乎是荒唐的。现实迫使我去考虑，即使事业成功，它也不会偿还为它所付出的代价。绘画事业的成功将会带来什么，我不知道；我所希望的第一重要的事，是减轻你的负担。”			2013001972	00	0	1397721869177
1447441-	0		0	Tue Jul 16 23:05:51 +0800 2013			3600825454417088	3600825454417088				3600825454417088	0			0	<a href=" rel="nofollow">微博 weibo.com</a>	回复@waytofree:这两套书我也看过。科普和科幻是我曾经大量阅读的，最近这几年看的少了。这本书相对来说是写给大众看的科普书，对于重口的……我不好说是否会感觉味道够足。不过里面有篇文章曾被黄志洵在其论文中引用过。 //@pkunetspy:买一本拜读！ //@图灵谢工: 还没看，不知我能否看懂？			2013001972	00	3594839096509779	1397721869178
1447442-	1		0	Wed Mar 26 20:47:43 +0800 2014			3692474821855924	3692474821855924				3692474821855924	0			0	<a href=" rel="nofollow">微博 weibo.com</a>	再好看的博客和微博都有不再更新的一天。			2013001972	00	0	1397721869178
1447443-	0		0	Fri Aug 31 07:17:42 +0800 2012			3484985116081995	3484985116081995				3484985116081995	0			0	<a href=" rel="nofollow">Android客户端</a>	克！看不惯你这种说法,第一期用不到4万,难道白血病是一期就能治得好的么？！人家孩子都得这病了,父母的心情是什么样,你不说帮捐款,却在这里挑这刺！天底下有指望靠孩子得病来捞钱的父母么？！			2013001972	00	3484845558921649	1397721869179
1447444-	0		1	Thu Apr 26 06:43:42 +0800 2012			3438953300987768	3438953300987768				3438953300987768	0			1	<a href=" rel="nofollow">Android客户端</a>	上帝在周六造了陆地动物和人类；周五造了海里的游鱼和飞鸟；在周四造了太阳和月亮还有星星，不辞辛苦地把它们都摆在天上；在周三造了大海和陆地以及各种植物；在周二造了空气，用空气把天地隔开――而他在周一只做了一件事：“要有光”。你看，连上帝在周一都根本不在工作状态。			2013001972	00	0	1397721869179
1447445-	0		0	Fri Aug 23 10:05:06 +0800 2013			3614399715788599	3614399715788599				3614399715788599	0			0	<a href=" rel="nofollow">Android客户端</a>	一起颤抖吧[偷笑]			2013001972	00	3614372901932227	1397721869180
1447446-	0		1	Mon Aug 12 17:12:15 +0800 2013			3610520936173690	3610520936173690				3610520936173690	0			1	<a href=" rel="nofollow">微博 weibo.com</a>	很不错 //@Orapme:@Pentera @爱搞机 @超好玩 @雷锋网 @超好玩华太师 @曹曦matthew @南塔斯 @马德龙 @林军 @游民星空 @多玩首发帝 @GA游戏教育			2013001972	00	3607220539297359	1397721869180
1447447-	0		0	Mon Sep 05 18:15:30 +0800 2011			3354328635398847	3354328635398847				3354328635398847	0		#	0	<a href=" rel="nofollow">微博 weibo.com</a>	一本绘本书为主角征名。该书用漫画形式记录了作者及其朋友在中学时代发生的趣事，其中不少是与学画有关的。作者是从事画画工作的。图中前排中间的是主角。备选的名字有6个：1・憨头仔、憨仔 2・nono 3・波波虎、波波（大名：糖波虎）4・画安 5・波波猫、波波（大名：糖波猫）6・团团仔、团子			2013001972	00	0	1397721869181
1447448-	0		4	Fri Jun 10 14:00:21 +0800 2011			12071519058	12071519058				5616466976512486051	0			0	<a href=" rel="nofollow">微博 weibo.com</a>	我策划了一本健康营养方面的书，正在寻找作者。要求：文笔幽默、爱看科普书、具有基本的科学素养、能极为熟练的利用互联网查询所需资料，并有足够的业余时间来从事写作。有过写书经验的优先考虑。联系方式：QQ 362253039			2013001972	00	0	1397721869181
1447449-	0		0	Mon Jul 15 17:20:56 +0800 2013			3600376269726426	3600376269726426				3600376269726426	0			1	<a href=" rel="nofollow">微博 weibo.com</a>	程序员正能量书《程序员，你伤不起》有奖转发！我曾经也泄气过，但是我经常能死灰复燃，顽强得很！一定要杀出条血路来，一定要成功，苦点儿累点儿也认了。《程序员，你伤不起》当当预售： 关注、转发并@两位好友，就有机会赢得本书。奖品共3份。 			2013001972	00	3600370200360805	1397721869182
1447450-	0		0	Sat Sep 22 12:15:50 +0800 2012			3493032676224629	3493032676224629				3493032676224629	0			0	<a href=" rel="nofollow">微博 weibo.com</a>	回复@左耳朵耗子:这句话我很赞同。好的幼儿书，成人读起来，也能体会到儿童的快乐。 //@左耳朵耗子:你恐怕没见过什么是好的幼儿读物，好的幼儿读物就算是成年人也会赞的。//@姚冬-欢聚时代: 上了大学也不要去嘲笑幼儿园的图书幼稚，既然上大学了也就不要再去看幼儿读物了。			2013001972	00	3492439308681820	1397721869183
1447451-	0		0	Mon Jan 13 10:01:20 +0800 2014			3666220227985591	3666220227985591				3666220227985591	0			2	<a href=" rel="nofollow">微博 weibo.com</a>	大话重构之一：系统重构是个什么玩意儿 			2013001972	00	0	1397721869183
1447452-	0		1	Sat May 11 12:08:34 +0800 2013			3576742449137819	3576742449137819				3576742449137819	0			0	<a href=" rel="nofollow">Android客户端</a>	2013中国互联网创业者大会分享#  创业是个用户体验极差的游戏，第一关就遭遇终极BOSS，后面的关卡反倒多是些小喽罗。从1到10到100到1000很容易，难的是从0到1。99%的人都倒在从0到1的过程中。玩命使出浑身解数打过第一关，你就赢了。			2013001972	00	0	1397721869184
1447453-	0		0	Wed Jun 06 08:47:09 +0800 2012			3453842270397676	3453842270397676				3453842270397676	0			0	<a href=" rel="nofollow">Android客户端</a>	别说，程序员的这份萌劲儿就是很有魅力地。			2013001972	00	3453839392942799	1397721869184
1447454-	0		1	Thu Jun 28 16:22:37 +0800 2012			3461929424712053	3461929424712053				3461929424712053	0			0	<a href=" rel="nofollow">微博 weibo.com</a>	回复@ibuick:谁诱导你了，你神经病吧？！			2013001972	00	3461915441468900	1397721869185
1447455-	0		0	Tue Jun 07 00:22:34 +0800 2011			11869915758	11869915758				5615142979819088421	0			0	<a href=" rel="nofollow">微博 weibo.com</a>	转发微博。			2013001972	00	11864508486	1397721869185
1447456-	0		0	Sat Feb 04 13:02:59 +0800 2012			3409332945223716	3409332945223716				3409332945223716	0			0	<a href=" rel="nofollow">微博 weibo.com</a>	准。			2013001972	00	3409328444815784	1397721869186
1447457-	0		0	Thu Nov 17 19:21:13 +0800 2011			3380799489017848	3380799489017848				3380799489017848	0		#	0	<a href=" rel="nofollow">微博 weibo.com</a>	这两个版式，大家喜欢哪个。版式一			2013001972	00	0	1397721869186
1447458-	0		0	Thu Mar 27 08:09:08 +0800 2014			3692646306503755	3692646306503755				3692646306503755	0			0	<a href=" rel="nofollow">Android客户端</a>	新技术get			2013001972	00	3692644075408516	1397721869187
1447459-	0		1	Thu Jun 23 17:40:59 +0800 2011			12836244479	12836244479				5621347940553702381	0			0	<a href=" rel="nofollow">微博 weibo.com</a>	所以我想，对于一个目标，也许不该考虑能不能实现，因为没有坚持到底之前你是不会知道结果的。因此，对于一个目标，大概不必考虑能不能实现，只须考虑该不该做就可以了。			2013001972	00	0	1397721869188
1447460-	0		2	Wed May 02 22:08:16 +0800 2012			3441360297991811	3441360297991811				3441360297991811	0		#	0	<a href=" rel="nofollow">微博 weibo.com</a>	这一堆书里，哪本最显眼呢？			2013001972	00	0	1397721869188
1447461-	0		1	Sun Mar 11 19:55:47 +0800 2012			3422482793055108	3422482793055108				3422482793055108	0			2	<a href=" rel="nofollow">Android客户端</a>	需要更多热爱出版和图书的人参与进来,很多编辑只把这作为一份月底发工资的工作。//@周金桥:"疯狂****"系列，“大话****"系列，”****那些事儿“系列,"你必须知道的***"系列，不可否认这些书中有很多内容都还算过得去，可是拜托出版社和后来跟风的作者：新华字典那么多字，可以想个别的词不？			2013001972	00	3420172196759781	1397721869189
1447462-	0		0	Fri Apr 27 09:39:21 +0800 2012			3439359892193747	3439359892193747				3439359892193747	0			0	<a href=" rel="nofollow">Android客户端</a>	惊为天人,没准儿是人家医院的一次另类营销宣传呢！			2013001972	00	3439167562819016	1397721869189
1447463-	0		0	Tue Feb 28 11:06:13 +0800 2012			3418000876874612	3418000876874612				3418000876874612	0			0	<a href=" rel="nofollow">微博 weibo.com</a>	如果腿不能向后摆动，人是无法向前走的。			2013001972	00	0	1397721869190
1447464-	0		0	Tue Feb 21 20:19:08 +0800 2012			3415603307736546	3415603307736546				3415603307736546	0			0	<a href=" rel="nofollow">微博 weibo.com</a>	回复@畅销IT图书作者王达 @魏力在北京：原版中孙悟空演的非同寻常的好。整个片子的基调很对。不过其中沙僧和唐僧演得不太好。原版中有些布景在现在看的确是有些不符合人们的欣赏眼光了。本来对翻拍寄予厚望，没想到最该出彩的孙悟空和电脑特效太坑爹了。			2013001972	00	3415588212771524	1397721869190
1447465-	0		3	Wed Jul 17 19:54:12 +0800 2013			3601139612252063	3601139612252063				3601139612252063	0			0	<a href=" rel="nofollow">微博 weibo.com</a>	没什么是很擅长的[泪]			2013001972	00	3601136344618556	1397721869191
1447466-	0		0	Fri Jun 28 10:11:10 +0800 2013			3594107517413114	3594107517413114				3594107517413114	0			0	<a href=" rel="nofollow">微博 weibo.com</a>	回复@冰雅冷轩:这封面给人的感觉是前途暗淡。坐着一辆数字不吉利的车到了一个名叫“成功”的无何有之地。 //@冰雅冷轩:一直在想，为什么是13 //@陈冰_图书出版人:对这封面没好感。13这数字就不好。整体颜色也不给人能成功的感觉。 //@图灵乐馨:赞一下这本书的策划编辑！[good]			2013001972	00	3593474072640793	1397721869191
1447467-	0		1	Thu Aug 15 14:23:55 +0800 2013			3611565741487775	3611565741487775				3611565741487775	0			1	<a href=" rel="nofollow">微博 weibo.com</a>	#晾书评# 《程序员，你伤不起》 我拿到这本书，翻看几页之后，觉得写的很好，很真实，我看完觉得有种共鸣的感觉，尽管作者很强大，而我就是一个编程的工人，是一个疲于奔命的工人，但是，这本书给我力量，让我在偷懒的时候，在一遍一遍调试程序觉得很厌烦时，我就想起这本书……			2013001972	00	0	1397721869192
1447468-	0		186	Tue Jan 17 17:04:41 +0800 2012			3402870789626388	3402870789626388				3402870789626388	0			287	<a href=" rel="nofollow">微活动</a>	如果你喜欢哆啦A梦，如果你喜欢土豆dori，如果你喜欢高木直子，那这本《哥当年》你绝对不容错过！绝非虚构，纯属真实！温馨回忆，超级搞笑！画风萌呆！翻开书，很多你已忘却的温馨回忆将再次涌上你的心头！当当订购： 			2013001972	00	0	1397721869192
1447469-	0		0	Tue Feb 26 12:46:23 +0800 2013			3549935267732074	3549935267732074				3549935267732074	0			0	<a href=" rel="nofollow">微博 weibo.com</a>	转发微博			2013001972	00	3549931916449647	1397721869193
1447470-	0		2	Fri Jun 07 13:16:48 +0800 2013			3586544088223835	3586544088223835				3586544088223835	0		#	2	<a href=" rel="nofollow">分享按钮</a>	现在很多编辑喜欢不停的讨论书名、讨论封面、讨论宣传语、讨论选题、讨论一切。自己不做深入思考，希望通过讨论来获得一个结果。这可能么？每个人的性格、喜好、认识、层次都是不同的。同样的一块泥巴……全文：			2013001972	00	0	1397721869193
1447471-	0		1	Sun Jul 24 20:32:47 +0800 2011			15207521094	15207521094				3338780505281001	0			1	<a href=" rel="nofollow">微博 weibo.com</a>	里子已经烂了。			2013001972	00	15200229246	1397721869194
1447472-	0		0	Thu Jun 09 16:01:56 +0800 2011			12029124072	12029124072				5616127223113169979	0			0	<a href=" rel="nofollow">微博 weibo.com</a>	我发起了一个投票【一本书的定价对你决定是否购买的影响？】，地址 			2013001972	00	0	1397721869194
1447473-	0		0	Mon Mar 12 17:04:30 +0800 2012			3422802075477435	3422802075477435				3422802075477435	0			0	<a href=" rel="nofollow">微博 weibo.com</a>	转发微博			2013001972	00	3422798657804446	1397721869194
1447474-	0		1	Tue Jun 28 19:38:24 +0800 2011			13194794376	13194794376				5623233624461924464	0			0	<a href=" rel="nofollow">微博 weibo.com</a>	介个过于给力了[亲亲]			2013001972	00	13157628879	1397721869195
1447475-	0		0	Tue Jan 03 09:43:12 +0800 2012			3397686256377071	3397686256377071				3397686256377071	0		#	0	<a href=" rel="nofollow">微博 weibo.com</a>	德国红点设计大奖获得者刘松的第一本书――《我是设计师》将要出版了。五个入选封面中，各位更喜欢哪个。封面三：			2013001972	00	0	1397721869195
1447476-	0		0	Thu Jun 28 15:58:09 +0800 2012			3461923263666698	3461923263666698				3461923263666698	0			1	<a href=" rel="nofollow">微博 weibo.com</a>	就是我本人接的电话。你的目录，任何人看了，都没有想购买的欲望。仅仅列出一堆mac下的第三方软件的英文名字，就企图让我社和你签订下这本书的合同，你以为出版社的人都是傻子吗，更别提你的上一本书好几年了连首印4000册都没有卖完。你根本还不知道书该怎么写！			2013001972	00	3461915441468900	1397721869196
1447477-	0		0	Wed Aug 22 18:04:02 +0800 2012			3481886280074573	3481886280074573				3481886280074573	0			0	<a href=" rel="nofollow">Android客户端</a>	转发微博			2013001972	00	3481885357487301	1397721869196
1447478-	0		6	Wed Aug 08 09:16:12 +0800 2012			3476680016139492	3476680016139492				3476680016139492	0		#	19	<a href=" rel="nofollow">微博 weibo.com</a>	这本书是设计界的奥斯卡――德国红点设计大奖得主刘松十年设计心得的总结。与很多纯讲设计理论的书不同，那些书往往令你看书时频频点头，看完后一片空白。本书不仅告诉你设计的道理，更让你看到理论在残酷的现实中是如何贯彻的。致敬《设计中的设计》！《我是设计师》当当预售： 			2013001972	00	0	1397721869197
1447479-	0		0	Sat Jan 26 20:12:07 +0800 2013			3538813424927982	3538813424927982				3538813424927982	0			1	<a href=" rel="nofollow">微博 weibo.com</a>	你不说，感觉很模糊，你一说，感觉顿时清晰了。我就说总觉得这网站像什么来着。			2013001972	00	3536343394894198	1397721869198
1447480-	0		0	Sat Aug 20 13:01:34 +0800 2011			3348451425549701	3348451425549701				3348451425549701	0			0	<a href=" rel="nofollow">微博 weibo.com</a>	不知是脑子笨，还是思想不成熟，别人比较小时候就能看懂和欣赏的书，我现在才开始能看懂和欣赏。不过还是很高兴能欣赏经典作品了。			2013001972	00	0	1397721869198
1447481-	0		1	Tue Apr 30 08:25:36 +0800 2013			3572700070690714	3572700070690714				3572700070690714	0			1	<a href=" rel="nofollow">Android客户端</a>	既然已经结案，请公布案件调查结果！			2013001972	00	3571002850108637	1397721869199
1447482-	0		0	Fri Jun 21 12:52:58 +0800 2013			3591611524648591	3591611524648591				3591611524648591	0			6	<a href=" rel="nofollow">专业版微博</a>	当我气愤至极，当公平遭到挑战，我就什么都不怕了。			2013001972	00	3591009546438404	1397721869199
1447483-	0		1	Mon Jul 15 17:43:54 +0800 2013			3600382041016700	3600382041016700				3600382041016700	0			1	<a href=" rel="nofollow">微博 weibo.com</a>	回复@马丁路德钢: 每个作者都是千锤百炼的，我给读者足够的想象力，当然不能少了序这有力的一炼，哈哈。 //@马丁路德钢:回复@陈冰_图书出版人:老兄的序言把我写的像个举重若轻的流氓，我哪有那潇洒啊[哈哈] //@马丁路德钢:有奖转发 地址：			2013001972	00	3600370200360805	1397721869200
1447484-	0		0	Wed May 29 17:21:26 +0800 2013			3583344157394262	3583344157394262				3583344157394262	0			1	<a href=" rel="nofollow">微博 weibo.com</a>	除了好丑以外，完全没有任何缺点。			2013001972	00	3583338483112998	1397721869201
1447485-	0		2	Fri Jun 17 13:05:53 +0800 2011			12503965412	12503965412				5619050536774705251	0			0	<a href=" rel="nofollow">微博 weibo.com</a>	交往4年的女朋友分手了。昏天黑地上了公交车，旁边坐了个美女也提不起兴趣。售票员过来卖票，我以为是空调车就递过去两块，售票员看了我们两个一眼就撕给我两张一块钱的票，我楞了一下，算了算了。继续头靠窗户回忆我四年的感情，不知不觉泪流满面，美女突然说话了：“就一块钱不至于吧！”			2013001972	00	0	1397721869201
1447486-	0		0	Sun Aug 26 10:37:35 +0800 2012			3483223478408172	3483223478408172				3483223478408172	0			0	<a href=" rel="nofollow">微博 weibo.com</a>	赞			2013001972	00	3483223290263224	1397721869202
1447487-	0		0	Tue Jul 12 12:11:44 +0800 2011			14230582854	14230582854				5628313711787113301	0			0	<a href=" rel="nofollow">微博 weibo.com</a>	“种植之前先做土，做土之前先育人”这篇文章读了真让人震惊。 			2013001972	00	0	1397721869203
1447488-	0		0	Tue Jun 28 15:44:26 +0800 2011			13180475936	13180475936				5623173331724814715	0			0	<a href=" rel="nofollow">微博 weibo.com</a>	对@薛欣 说：无厘头风格被运用到电脑书上是个什么效果？什么样的电脑书能获得7位微软最有价值专家推荐？数万网友好评？这些你只有读了这本史无前例的《电脑使用说明书》才能明白。转发评论本微博并@三位好友同时关注本微博者，7月7日将有机会获赠本书（奖品共3本）。 			2013001972	00	0	1397721869203
1447489-	0		0	Fri Nov 11 09:00:31 +0800 2011			3378468961745434	3378468961745434				3378468961745434	0			0	<a href=" rel="nofollow">微博 weibo.com</a>	伟大从卑微中开始。再伟大的事物也总有一个不起眼的开始。			2013001972	00	0	1397721869204
1447490-	0		1	Thu May 24 17:22:30 +0800 2012			3449260920092671	3449260920092671				3449260920092671	0			4	<a href=" rel="nofollow">微博 weibo.com</a>	大清早，一哥们对我说：“看新闻了吗？出六级试卷那砖家被劫匪绑架了，劫匪让拿一千万赎人，要不然就用汽油烧死。现在正募捐着呢，咱也捐点吧。”我说：“好，大家伙儿一般都捐多少？”那哥们说：“看情况吧，有捐两升的，也有捐10升的……			2013001972	00	0	1397721869205
1447491-	0		0	Tue Aug 14 17:30:39 +0800 2012			3478978776285422	3478978776285422				3478978776285422	0			0	<a href=" rel="nofollow">微博 weibo.com</a>	回复@jyowxj:图书策划也是一样啊，有的时候为想一句宣传语憋得是相当难受。 //@jyowxj:设计就像拉便便，拉得出爽死，拉不出憋死~大神请给书~[lt羞]			2013001972	00	3478971771635388	1397721869205
1447492-	0		0	Sat Jan 26 20:17:08 +0800 2013			3538814670236114	3538814670236114				3538814670236114	0			1	<a href=" rel="nofollow">微博 weibo.com</a>	[赞]			2013001972	00	3533631459200865	1397721869206
1447493-	0		2	Thu Aug 15 14:21:15 +0800 2013			3611565070284509	3611565070284509				3611565070284509	0			3	<a href=" rel="nofollow">微博 weibo.com</a>	#晾书评# 《宇宙的背面》 必须写点什么，才能表达我的心情。一天就看完了，是我读过的最好看的一本科普书！没有之一！书中很多时候，作者除了用大白话的方式通俗易懂讲解了看似寻常事物背后的理论，还会进一步展开想象，多少有些科幻的味道，非常另类的一本科普书，太棒了！希望作者能写续集啊！！			2013001972	00	0	1397721869207
1447494-	0		0	Sun Jun 24 10:42:33 +0800 2012			3460394293105394	3460394293105394				3460394293105394	0		#	0	<a href=" rel="nofollow">微博 weibo.com</a>	分享图片			2013001972	00	0	1397721869207
1447495-	0		0	Sun Dec 25 08:03:49 +0800 2011			3394399758791926	3394399758791926				3394399758791926	0			0	<a href=" rel="nofollow">微博 weibo.com</a>	太可爱的小朋友[嘻嘻]			2013001972	00	3394398823457759	1397721869208
1447496-	0		1	Mon Dec 09 11:45:08 +0800 2013			3653562774608576	3653562774608576				3653562774608576	0			2	<a href=" rel="nofollow">微博 weibo.com</a>	回复@IT_Lucien:话说当当就有。 //@IT_Lucien:话说哪里有卖呢？			2013001972	00	3653554096978660	1397721869209
1447497-	0		0	Fri Apr 13 07:19:23 +0800 2012			3434251238389664	3434251238389664				3434251238389664	0		#	0	<a href=" rel="nofollow">Android客户端</a>	今天的阳光有一些初夏的感觉了。			2013001972	00	0	1397721869209
1447498-	0		0	Sat Apr 28 18:15:32 +0800 2012			3439852181994460	3439852181994460				3439852181994460	0			0	<a href=" rel="nofollow">Android客户端</a>	芬兰一个12岁的小男孩osto，用了一夏天在森林里采集小浆果，并在祖母的帮助下做了400瓶果汁，共卖掉200欧元。初衷是因为他一年前在动物园里看到一只情绪低落的熊，现在他把这200欧元捐给动物园，希望给熊买一棵可以爬的树。#让人温暖的一条新闻#			2013001972	00	0	1397721869210
1447499-	0		0	Sun Oct 16 13:29:33 +0800 2011			3369114575850121	3369114575850121				3369114575850121	0			0	<a href=" rel="nofollow">微博 weibo.com</a>	回复@快刀青衣:高银。你说的太对了。一语惊醒梦中银。 //@快刀青衣:实话实说……缺一个好的网站页面规划人员。整个页面比较平，视觉不突出，毕竟栏目结构有些混乱了。左边那个通红的摩天楼广告喧宾夺主，像广告又像内容。如果要重推新书发布的话，放在中栏偏上的位置是最好的。在网页三栏结构中，中栏最			2013001972	00	3369110541089844	1397721869211
1447500-	0		3	Wed Jan 18 11:12:34 +0800 2012			3403144568090594	3403144568090594				3403144568090594	0		#	0	<a href=" rel="nofollow">微博 weibo.com</a>	这个粉丝数不错。存照留念。			2013001972	00	0	1397721869211
1447501-	0		0	Mon Aug 08 13:26:34 +0800 2011			3344109062724183	3344109062724183				3344109062724183	0			0	<a href=" rel="nofollow">微博 weibo.com</a>	像孩子一样，凡事最好往好处想，该笑一定要笑，不放过一个开心大笑的机会，但如果确实该哭了，那就哭，如果心里已经哭得稀里哗啦了，脸上还在装笑，那真的很不利于健康，长此以往，该笑的时候也会笑得很假，脸和心都会渐渐变得麻木。所谓久装鳖，必成鳖。			2013001972	00	0	1397721869212
1447502-	0		3	Sun Apr 07 08:21:12 +0800 2013			3564364038487523	3564364038487523				3564364038487523	0			0	<a href=" rel="nofollow">Android客户端</a>	读者永远比他所阅读作品的作者更高明。			2013001972	00	0	1397721869213
1447503-	0		0	Sun Nov 13 13:41:54 +0800 2011			3379264545951517	3379264545951517				3379264545951517	0			0	<a href=" rel="nofollow">微博 weibo.com</a>	在理。			2013001972	00	3379251585632660	1397721869213
1447504-	4		14	Fri Apr 04 14:08:32 +0800 2014			3695635854994849	3695635854994849				3695635854994849	0		#	96	<a href=" rel="nofollow">微活动</a>	#有奖转发# 赠书啦！程序员必读之书《大话重构》预售开始！我的程序为毛总透着淡淡业余味？为毛好书我却看不懂？为毛小伙伴瞅着我的程序总是惊呆？为毛？就因为你没看这本《大话重构》 预售： 奖品《大话重构》共5本，转发就可抽奖！ 			2013001972	00	0	1397721869214
1447505-	0		0	Thu May 03 06:49:54 +0800 2012			3441491580253014	3441491580253014				3441491580253014	0			0	<a href=" rel="nofollow">Android客户端</a>	#态度一定比能力重要# 马云：2001年时，我犯了一个错误，我告诉我的18位共同创业的同仁，他们只能做小组经理，而所有的副总裁都得从外面聘请。十年过去了，我从外面聘请的人才都走了，而我之前曾怀疑过其能力的人都成了副总裁或董事。我相信两个信条：态度比能力重要，选择也比能力重要。			2013001972	00	0	1397721869215
1447506-	0		1	Thu Jun 20 20:45:13 +0800 2013			3591367978440276	3591367978440276				3591367978440276	0			0	<a href=" rel="nofollow">微博 weibo.com</a>	过奖过奖。《程序员，你伤不起》也快蒸出来了。我是蒸得一头汗啊。 //@马丁路德钢:陈兄高产！ //@陈冰_图书出版人:刚刚试读了《宇宙的背面》，长时间的等待看来是值得的，排版非常棒哈，还加了图片，感谢感谢。赞！			2013001972	00	3590482497916879	1397721869215
1447507-	0		0	Thu Jun 23 18:36:12 +0800 2011			12839172046	12839172046				5621362169781221827	0			0	<a href=" rel="nofollow">微博 weibo.com</a>	还好今天是上午出去的。			2013001972	00	0	1397721869216
1447508-	0		2	Wed May 30 06:52:12 +0800 2012			3451276631525264	3451276631525264				3451276631525264	0			0	<a href=" rel="nofollow">Android客户端</a>	不得不说这创意太可爱了			2013001972	00	3451276098725252	1397721869217
1447509-	0		1	Wed Mar 13 14:40:47 +0800 2013			3555399866999424	3555399866999424				3555399866999424	0			0	<a href=" rel="nofollow">专业版微博</a>	是时候，重新设计互联网！国内第一本云计算网络书即将登场 @51CTO官方微博 @中国IT实验室			2013001972	00	3555320737078235	1397721869217
1447510-	0		0	Mon Sep 10 21:31:21 +0800 2012			3488823834773732	3488823834773732				3488823834773732	0			0	<a href=" rel="nofollow">专业版微博</a>	[太开心]			2013001972	00	3473927844577990	1397721869218
1447511-	0		1	Wed May 08 20:26:19 +0800 2013			3575780543570943	3575780543570943				3575780543570943	0			2	<a href=" rel="nofollow">微博 weibo.com</a>	好文。			2013001972	00	3575764882173102	1397721869218
1447512-	0		0	Wed Jan 18 17:49:45 +0800 2012			3403244514317726	3403244514317726				3403244514317726	0		#	0	<a href=" rel="nofollow">微博 weibo.com</a>	手机“爱疯”在线制作流程！[嘻嘻]			2013001972	00	0	1397721869219
1447513-	0		11	Mon Mar 04 11:58:39 +0800 2013			3552097574252305	3552097574252305				3552097574252305	0			34	<a href=" rel="nofollow">微博 weibo.com</a>	给那些绝逼在北京打拼的人看看： 			2013001972	00	0	1397721869220
1447514-	0		2	Tue Mar 19 22:41:10 +0800 2013			3557695086684912	3557695086684912				3557695086684912	0			2	<a href=" rel="nofollow">微博 weibo.com</a>	这个图太可乐了。武总点评的很到位[哈哈]			2013001972	00	3555724116401638	1397721869220
1447515-	0		0	Thu Apr 10 13:51:28 +0800 2014			3697805891515693	3697805891515693				3697805891515693	0			1	<a href=" rel="nofollow">微博 weibo.com</a>	一本很奇特的计算机书。摘录一段：平板兽是一种除了在神界，其它地方不仅不可能存在，而且连想都不敢想的小型食肉类动物。平板兽的名称得自于它奇怪的体型，它看起来完全就是一块平板，大约一米见方，3公分厚，长有四条极粗但弹跳力极好的小短腿……			2013001972	00	0	1397721869221
1447516-	0		0	Thu Jun 09 16:02:18 +0800 2011			12029144492	12029144492				5616127317435491338	0			1	<a href=" rel="nofollow">投票</a>	我参与了投票【一本书的定价对你决定是否购买的影响？】　　投给"只要价格别太离谱，内容好我都会买。" 这1个选项			2013001972	00	0	1397721869222
1447517-	0		0	Wed Jun 29 11:29:33 +0800 2011			13234289258	13234289258				5623478733958748203	0			0	<a href=" rel="nofollow">微博 weibo.com</a>	感动，是个有爱的小丫头。//@薛小烨子：//@CCTV孔媛媛：//@光头王凯: //@都辉: 写得真好!看的我眼泪都快流下来了。冷暖自知的我们似乎都是这样走过来，而能否走下去不仅拼的是知识，态度，家庭，可能更多的是身体!无论如何选择，加油吧，只要是你想要的，感觉快乐的!			2013001972	00	13217559002	1397721869222
1447518-	0		0	Fri Jun 15 13:09:20 +0800 2012			3457169749665532	3457169749665532				3457169749665532	0			1	<a href=" rel="nofollow">微博 weibo.com</a>	正能量			2013001972	00	3456782368473127	1397721869223
1447519-	0		0	Thu Jun 28 16:21:37 +0800 2012			3461929173438764	3461929173438764				3461929173438764	0			0	<a href=" rel="nofollow">微博 weibo.com</a>	@ibuick 你给我打电话一上来就说让出版社给你出纸版书，你自己要保留电子版权，还不是想利用出版社来扩大你的电子书的影响力，给你造成利润最大化。出版社不是慈善机构，出版的意义在于出版对大众有价值的图书，同时还要保证有好的收益，这是出版社存在的意义。			2013001972	00	0	1397721869224
1447520-	0		1	Wed May 01 16:52:03 +0800 2013			3573189906924815	3573189906924815				3573189906924815	0			0	<a href=" rel="nofollow">微博 weibo.com</a>	彪悍的人生不需要智商。 //@星河-作家: //@烧伤超人阿宝: 中医读到博士，智商就基本清零了。			2013001972	00	3572805054285440	1397721869224
1447521-	0		2	Thu Nov 10 19:27:00 +0800 2011			3378264230079893	3378264230079893				3378264230079893	0			0	<a href=" rel="nofollow">微博 weibo.com</a>	莫名，就热泪盈眶			2013001972	00	3378186245191394	1397721869225
1447522-	0		2	Sun Jun 19 19:43:55 +0800 2011			12636882622	12636882622				5619895279530784445	0			0	<a href=" rel="nofollow">微博 weibo.com</a>	虽然变形的貌似有个山的样子，但没有山的气势和厚重，而且从构图上也感觉不到亲情，反而像两把刀交叉在一起。失败的变形。			2013001972	00	12578135900	1397721869226
1447523-	0		0	Wed Apr 03 16:27:02 +0800 2013			3563036759085729	3563036759085729				3563036759085729	0			0	<a href=" rel="nofollow">微博 weibo.com</a>	转发微博			2013001972	00	3563033072560197	1397721869226
1447524-	0		1	Fri Nov 01 10:34:38 +0800 2013			3639774294049383	3639774294049383				3639774294049383	0			2	<a href=" rel="nofollow">微博 weibo.com</a>	初学者一点也不想让自己的代码糊里糊涂地运行起来，初学者希望把代码清清楚楚理所当然地运行起来，这两者有很大的差别。这是IT技术书作者们非常容易忽视的一个问题。			2013001972	00	0	1397721869227
1447525-	0		0	Mon Aug 29 11:22:56 +0800 2011			3351688094525066	3351688094525066				3351688094525066	0			0	<a href=" rel="nofollow">微博 weibo.com</a>	并非直抒胸臆的作品是这样的：A堆砌词藻、哗众取宠；B隔靴搔痒、避实就虚；C言之无物、无病呻吟；D以上皆是。 //@忒之静:你根据这个标准点评几个作家和作品，如何？			2013001972	00	3351401728191763	1397721869228
1447526-	0		3	Tue Jul 12 11:22:00 +0800 2011			14226483228	14226483228				5628300895603952897	0			0	<a href=" rel="nofollow">微博 weibo.com</a>	通过做《电脑使用说明书》这本特别的书，又获得了一些小经验，这些小经验合到一起，绝对够的上一个大经验，写出来和大家分享： 一，对于计算机书而言，如果要做成精品，尽量用特别白的纸（纯木浆纸）。虽然带一点点黄色的纸在家里看书的时候对眼睛更好，但……			2013001972	00	0	1397721869228
1447527-	0		0	Mon Jul 04 14:04:15 +0800 2011			13603637248	13603637248				5625374025708672889	0			0	<a href=" rel="nofollow">微博 weibo.com</a>	支持。这个一定要支持！《大话设计模式》正是偶策划的代表作^^。 //@china-pub网上书店:大话数据结构。推荐。			2013001972	00	13593947646	1397721869229
1447528-	0		1	Fri Jan 17 08:52:20 +0800 2014			3667652414996296	3667652414996296				3667652414996296	0			2	<a href=" rel="nofollow">微博 weibo.com</a>	大话重构之四：系统重构到这一步，我们来看看用户关于时间问候语部分的变更需求：问候需要更加精细，如中午问候“Good noon! ”、傍晚问候“Good evening! ”、午夜问候“Good midnight! ”。除此之外，用户希望在一些特殊的节日……			2013001972	00	0	1397721869230
1447529-	0		6	Wed Apr 24 20:25:22 +0800 2013			3570706874519310	3570706874519310				3570706874519310	0			2	<a href=" rel="nofollow">专业版微博</a>	我突然感到也许有一天，手机会恢复回只有一个小小的显示屏，只能打电话，连发短信都不能的状态。而且那一天可能不会太久。			2013001972	00	3570684569757671	1397721869230
1447530-	0		1	Fri Jul 29 18:35:44 +0800 2011			15609877968	15609877968				3340562988478946	0			1	<a href=" rel="nofollow">微博 weibo.com</a>	若书名直接用《批评不自由，则赞美无意义》会更好。 //@每日好书推荐:批评不自由，则赞美无意义			2013001972	00	14700565524	1397721869231
1447531-	0		0	Wed May 23 07:05:33 +0800 2012			3448743275808878	3448743275808878				3448743275808878	0			0	<a href=" rel="nofollow">Android客户端</a>	太有才了,各大品牌Logo的进化预测,摩托亮了,诺基亚杯具鸟			2013001972	00	3448741946507372	1397721869231
1447532-	0		0	Tue Mar 18 17:02:20 +0800 2014			3689519003507622	3689519003507622				3689519003507622	0			0	<a href=" rel="nofollow">微博 weibo.com</a>	小编一点判断力没有么，这种新闻也值得发。这只不过是卫星把正从一片森林上空飞过的一架民航飞机给拍下来了。			2013001972	00	0	1397721869232
1447533-	0		1	Fri Jun 21 00:20:42 +0800 2013			3591422207018247	3591422207018247				3591422207018247	0		#	0	<a href=" rel="nofollow">美团网</a>	#美梦成真#我刚刚参加了美团网的苹果iPad4抽奖，大家都来碰碰运气吧~[偷笑] @美团 			2013001972	00	0	1397721869233
1447534-	0		0	Sat Mar 23 07:44:39 +0800 2013			3558919026580139	3558919026580139				3558919026580139	0		#	0	<a href=" rel="nofollow">保卫萝卜Android版</a>	#保卫萝卜# [话筒]: 我在玩 BOSS 模式的第 11 关。通关时还富裕55秒，我膨胀了，还有人能超过我嘛，hiahiahia。  @保卫萝卜CarrotFantasy .			2013001972	00	0	1397721869234
1447535-	0		2	Thu Jun 30 12:20:13 +0800 2011			13308880050	13308880050				5623862875832018560	0		#	0	<a href=" rel="nofollow">微博 weibo.com</a>	《电脑使用说明书》在当当计算机类新书热卖榜升至第10位。爬的好慢>_<。			2013001972	00	0	1397721869234
1447536-	0		0	Thu Sep 15 11:14:35 +0800 2011			3357846586722963	3357846586722963				3357846586722963	0			0	<a href=" rel="nofollow">微博 weibo.com</a>	近二十年前看过一点《莎士比亚》，读的是家里的老版本（不知是啥年代和译者的），字体印得难以阅读，没看多少就读不下去了。此后再没读。最近有些时间，开始重读，对比了朱生豪、梁实秋、卞之琳三个译本，综合体会，朱生豪的翻译最对我的口味。由于梁老过于追求“信”，读之有点金山词霸的感觉。			2013001972	00	0	1397721869235
1447537-	0		2	Tue Apr 16 13:36:25 +0800 2013			3567704856260075	3567704856260075				3567704856260075	0		#	3	<a href=" rel="nofollow">微博 weibo.com</a>	当然你也不能对一个程序员说：你的代码有bug。他的第一反应是：1，你的环境有问题吧；2，傻逼你会用吗。如果你委婉地说：你这个程序和预期的有点不一致，你看看是不是我的使用方法有问题。他本能地会想：操，是不是出bug了！（via 姜里羊）			2013001972	00	0	1397721869236
1447538-	0		1	Tue Apr 10 07:12:19 +0800 2012			3433162296674436	3433162296674436				3433162296674436	0			1	<a href=" rel="nofollow">Android客户端</a>	欣赏这样的奇迹。这才是互联网。			2013001972	00	3433084713771127	1397721869236
1447539-	0		0	Fri Mar 08 20:51:07 +0800 2013			3553681120870506	3553681120870506				3553681120870506	0			0	<a href=" rel="nofollow">微博 weibo.com</a>	有点意思。买了iPad mini后试用下。			2013001972	00	3553634576678984	1397721869237
1447540-	0		1	Tue Sep 25 22:34:22 +0800 2012			3494275494614105	3494275494614105				3494275494614105	0			1	<a href=" rel="nofollow">微博 weibo.com</a>	书名没版权，被炒是不可避免的。被山寨说明你有被山寨的价值，正版能一眼从众多山寨中被识别出来，才能说真正具有了不可被山寨的价值。苹果就是一个例子。不断超越自己才是无惧一切山寨的解决方案。			2013001972	00	3494171647844328	1397721869238
1447541-	1		0	Thu Mar 21 21:03:08 +0800 2013			3558395203893027	3558395203893027				3558395203893027	0			0	<a href=" rel="nofollow">微博 weibo.com</a>	不知道是我以前太沉迷于自我，忽视了周遭呢，还是的确是新浪微博今天才刚刚新增了显示每条微博的“阅读数”的功能？反正我不记得以前有看到过，不过我这人的记忆力很差，一向靠不住。[黑线]			2013001972	00	0	1397721869238
1447542-	0		0	Wed Jun 08 11:29:13 +0800 2011			11947710788	11947710788				5615685859389651466	0			0	<a href=" rel="nofollow">微博 weibo.com</a>	//@东木DM：哈哈，标题党。斗争来的这个书名就能增加一倍的销量码洋。//@编辑段洁：快刀威武啊[哈哈]			2013001972	00	11944981939	1397721869239
1447543-	0		1	Thu Jul 18 00:00:19 +0800 2013			3601201549081903	3601201549081903				3601201549081903	0			0	<a href=" rel="nofollow">微博 weibo.com</a>	不过就是22层楼么，轻松。			2013001972	00	3601185182955793	1397721869240
1447544-	0		2	Fri May 11 16:48:02 +0800 2012			3444541199266332	3444541199266332				3444541199266332	0			0	<a href=" rel="nofollow">微博 weibo.com</a>	#说额句哇心里话# 《老年人学电脑》这本书难道只能我亲自出马来写了？[挖鼻屎]			2013001972	00	0	1397721869240
1447545-	0		0	Sat Sep 29 10:33:55 +0800 2012			3495543739567025	3495543739567025				3495543739567025	0		#	0	<a href=" rel="nofollow">微博 weibo.com</a>	晒一张《C程序设计伴侣》的海报，节后发。学习谭浩强老师的《C程序设计》，必配《C程序设计伴侣》！			2013001972	00	0	1397721869241
1447546-	0		0	Sun Mar 03 20:56:24 +0800 2013			3551870515496665	3551870515496665				3551870515496665	0			3	<a href=" rel="nofollow">微博 weibo.com</a>	平安无事。			2013001972	00	3551760784522298	1397721869242
1447547-	0		0	Sat Apr 28 17:30:32 +0800 2012			3439840857652007	3439840857652007				3439840857652007	0			0	<a href=" rel="nofollow">Android客户端</a>	朋友不是玻璃做的，有许多人总是把朋友当做玻璃，小心翼翼的怕碰坏了。有时候，明明对朋友很不满，却不敢表达出来，害怕一旦表达不满，就会发生冲突；一旦发生冲突，就会伤害感情；一旦伤害感情，就失去这个朋友。真正的朋友不是玻璃做的，如果朋友真的像玻璃一样不许你碰，这样的朋友破了就破了吧。			2013001972	00	0	1397721869242
1447548-	0		0	Tue May 08 06:54:16 +0800 2012			3443304614294598	3443304614294598				3443304614294598	0			1	<a href=" rel="nofollow">Android客户端</a>	“我不一定总是喜欢你做的事，但是你记住，我永远爱你。”分享王若文的：《小青蛙》[爱你]			2013001972	00	3443170262603263	1397721869243
1447549-	0		0	Mon Apr 30 07:30:04 +0800 2012			3440414520815831	3440414520815831				3440414520815831	0			0	<a href=" rel="nofollow">Android客户端</a>	用安卓的人伤不起呀[嘻嘻]			2013001972	00	3440410741492181	1397721869244
1447550-	0		1	Sun Oct 16 13:32:43 +0800 2011			3369115373095179	3369115373095179				3369115373095179	0			0	<a href=" rel="nofollow">微博 weibo.com</a>	回复@数字出版老A:嘿嘿。我说我怎么总觉得哪儿好像缺点什么呢。现在终于明白了，原来缺点不是别的，就是很丑。精辟。[哈哈] //@数字出版老A:回复@陈禹成_图书出版人:我这个运营的，看着这样的产品，我实在没有欲望去运营了，哈哈哈哈			2013001972	00	3369110541089844	1397721869245
1447551-	0		0	Fri Nov 11 08:57:13 +0800 2011			3378468131675221	3378468131675221				3378468131675221	0			0	<a href=" rel="nofollow">微博 weibo.com</a>	首先，要把自己看作傻瓜， 然后，你才能有勇气在见到美丽的事物时说它美丽， 在面对奇迹时说自己看到的是奇迹。			2013001972	00	0	1397721869245
1447552-	4		14	Fri Feb 21 21:56:42 +0800 2014			3680533382499440	3680533382499440				3680533382499440	0			15	<a href=" rel="nofollow">微博 weibo.com</a>	难道只有我一个人认为霍尊的卷珠帘被刘欢给改残了么。其他歌改的不错，但卷珠帘的升级版确实比原版差很远，有几处很好听的旋律给生生掰断了。非要把每首歌都给改成北京人在纽约的范儿才能舒心么。如果已经很好了，原封不动才是高明。			2013001972	00	0	1397721869246
1447553-	0		0	Tue Mar 13 12:12:11 +0800 2012			3423090904099013	3423090904099013				3423090904099013	0			1	<a href=" rel="nofollow">微博 weibo.com</a>	我知道你会来。			2013001972	00	3418068040480176	1397721869246
1447554-	0		0	Tue Apr 17 08:42:47 +0800 2012			3435721782339090	3435721782339090				3435721782339090	0			0	<a href=" rel="nofollow">Android客户端</a>	这片热土又诞生了一个奇迹,药厂能通过搞破鞋来降低生产成本。绿色环保产业,我们来咧！			2013001972	00	0	1397721869247
1447555-	0		3	Thu Jun 28 20:55:10 +0800 2012			3461998023427521	3461998023427521				3461998023427521	0			0	<a href=" rel="nofollow">Android客户端</a>	 @罗永浩可爱多 的第一部电影《小马》拍得很不错，标准的罗式风格。			2013001972	00	0	1397721869248
1447556-	0		0	Sat Mar 10 16:04:47 +0800 2012			3422062280456506	3422062280456506				3422062280456506	0			0	<a href=" rel="nofollow">Android客户端</a>	攻城狮------这个词太传神了。			2013001972	00	0	1397721869248
1447557-	0		0	Wed Nov 09 08:15:54 +0800 2011			3377732954198394	3377732954198394				3377732954198394	0			0	<a href=" rel="nofollow">微博 weibo.com</a>	转发微博			2013001972	00	3377728978057656	1397721869249
1447558-	0		1	Fri Feb 10 18:22:55 +0800 2012			3411587790410492	3411587790410492				3411587790410492	0			0	<a href=" rel="nofollow">微博 weibo.com</a>	丑女人撒娇，老女人卖萌。此二件事属于可以理解，但难以忍受。			2013001972	00	0	1397721869249
1447559-	0		1	Sun May 27 14:43:56 +0800 2012			3450308179319999	3450308179319999				3450308179319999	0			1	<a href=" rel="nofollow">Android客户端</a>	下了班去买菜，很正常，不这样……很异常。			2013001972	00	3450024396589955	1397721869250
1447560-	0		1	Fri Jun 15 12:34:21 +0800 2012			3457160937248758	3457160937248758				3457160937248758	0			3	<a href=" rel="nofollow">微博 weibo.com</a>	知名婚恋网站世纪佳缘出了道测试题：如果一个穷小子冒充有钱人和你恋爱，被你发现后你会如何反应？ 90%的人选：坚决断绝关系，诚实是最重要的品质之一。一个月后该网站又出一道题：如果一个有钱人冒充穷人和你恋爱，被你发现后你会如何反应？ 90%的人选：继续交往，我爱的是他的人，又不是他的钱。			2013001972	00	0	1397721869250
1447561-	0		3	Wed Mar 19 17:04:28 +0800 2014			3689881924101779	3689881924101779				3689881924101779	0			2	<a href=" rel="nofollow">微博 weibo.com</a>	为毛未关注人发来的私信得不到提醒，还要自己想着去看。导致一些几个月前的私信我今天才看到。就是因为未关注才更需要提醒呢，解题思路难道不该是这样的么。我家明明住这儿，给我的私信却扔在两个街区以外的我从来走不到的某个邮箱里，这合适么？嗯，小编，你说呢 @微博小秘书			2013001972	00	0	1397721869251
1447562-	0		1	Wed Aug 28 16:51:36 +0800 2013			3616313953610996	3616313953610996				3616313953610996	0			1	<a href=" rel="nofollow">微博 weibo.com</a>	杨老师，别眼馋了，也一鼓作气，写本书吧。ps：当时写这个头衔时，的确觉得很贴切[哈哈]			2013001972	00	3616305100081099	1397721869251
1447563-	0		4	Sun Aug 11 20:33:45 +0800 2013			3610209257511990	3610209257511990				3610209257511990	0			3	<a href=" rel="nofollow">微博 weibo.com</a>	以我早年游学西安的经历看，此乃打入岐山臊子面内部的biangbiang面。 //@陶然万柳世界:@世图张跃明 @马褂木读书 你们老家人说的对不？[嘻嘻] //@安然的蓝: [哈哈]			2013001972	00	3610098557914563	1397721869251
1447564-	0		0	Sat Feb 25 18:59:52 +0800 2012			3417032911104859	3417032911104859				3417032911104859	0			0	<a href=" rel="nofollow">微博 weibo.com</a>	[怒]			2013001972	00	3416670788268466	1397721869252
1447565-	0		0	Mon Jun 27 23:23:52 +0800 2011			13141141674	13141141674				5622920641610712777	0			0	<a href=" rel="nofollow">微博 weibo.com</a>	非常好书，非常推荐。			2013001972	00	13140876824	1397721869252
1447566-	0		2	Thu Jun 07 18:57:24 +0800 2012			3454358232658743	3454358232658743				3454358232658743	0			1	<a href=" rel="nofollow">Android客户端</a>	偶也来凑个热闹：尝过才知大中华；此中尽回味，欲辩已忘言。			2013001972	00	3454347058969775	1397721869253
1447567-	0		0	Tue May 14 22:56:53 +0800 2013			3577992774843899	3577992774843899				3577992774843899	0			0	<a href=" rel="nofollow">微博 weibo.com</a>	//@出版人诗飞: [给力]@陈冰_图书出版人 @艾优书品 @暗地黑羊 @安青报汪小雅 求好书[呵呵]//@安宁--安宁:转发获安宁签名赠书时间：2013.4.17-----2013.5.17（1月期限）。《无理想生活》――――致我们追求的理想生活，及暗夜中始终不肯熄灭的那盏叫做“理想”的灯火。			2013001972	00	3568147296326305	1397721869253
1447568-	0		0	Tue Oct 29 11:27:05 +0800 2013			3638700330163845	3638700330163845				3638700330163845	0			5	<a href=" rel="nofollow">微博 weibo.com</a>	这才是真正的柔性屏幕啊，太惨无人道了！ 			2013001972	00	0	1397721869254
1447569-	0		0	Sat Mar 09 13:28:16 +0800 2013			3553932065933731	3553932065933731				3553932065933731	0			0	<a href=" rel="nofollow">微博 weibo.com</a>	现实总是很残酷。[哈哈]			2013001972	00	3553931282485554	1397721869254
1447570-	0		0	Tue May 29 08:59:26 +0800 2012			3450946258483887	3450946258483887				3450946258483887	0			1	<a href=" rel="nofollow">Android客户端</a>	帮转			2013001972	00	3450836597910601	1397721869254
1447571-	0		1	Wed May 09 07:39:35 +0800 2012			3443678410869503	3443678410869503				3443678410869503	0			2	<a href=" rel="nofollow">Android客户端</a>	最欣赏清华的,其次是哈佛的。不仅是校训,也是人生的座右铭。			2013001972	00	3443671447758047	1397721869255
1447572-	0		5	Mon Feb 04 08:50:52 +0800 2013			3541903461539455	3541903461539455				3541903461539455	0			2	<a href=" rel="nofollow">Android客户端</a>	近期读到的最好的一本书《重来：更为简单有效的商业思维》，感觉就像原本只是一些模模糊糊的念头，然后现在有人跳出来斩钉截铁地说“没错，它们是正确的”。购自 @多看			2013001972	00	0	1397721869255
1447573-	0		0	Mon Mar 12 17:05:35 +0800 2012			3422802348540334	3422802348540334				3422802348540334	0			0	<a href=" rel="nofollow">微博 weibo.com</a>	这本书我买了，很棒，推荐！			2013001972	00	3422798489560132	1397721869256
1447574-	0		1	Sun Aug 28 16:20:14 +0800 2011			3351400524553502	3351400524553502				3351400524553502	0			0	<a href=" rel="nofollow">微博 weibo.com</a>	作者会拿文章来请我提意见。做策划的过程中我也经常指导作者写书。我想说，要想写好文章唯有一个办法，就四个字――直抒胸臆。心里怎么想的就怎么写，脑子里怎么想的就怎么写。所有最伟大的作家和所有伟大的作品都是如此。因为只有直抒胸臆的文字才能打动人。			2013001972	00	0	1397721869256
1447575-	0		2	Sun May 27 14:15:47 +0800 2012			3450301103235028	3450301103235028				3450301103235028	0			2	<a href=" rel="nofollow">Android客户端</a>	毅力，我想应该是毅力。[嘻嘻][嘻嘻][嘻嘻]			2013001972	00	3450297206798926	1397721869257
1447576-	0		3	Mon May 13 09:01:02 +0800 2013			3577420025782973	3577420025782973				3577420025782973	0			1	<a href=" rel="nofollow">Android客户端</a>	永远不要低估大傻瓜的创造力，同理，永远不要低估初学者的聪明才智和对提升自身技术水准的精益求精。给初学者写书特别要注意这一点。			2013001972	00	0	1397721869257
1447577-	0		0	Wed Sep 28 09:38:26 +0800 2011			3362533432297754	3362533432297754				3362533432297754	0			0	<a href=" rel="nofollow">微博 weibo.com</a>	[嘻嘻]			2013001972	00	3361796452779625	1397721869258
1447578-	0		0	Wed Nov 16 20:42:45 +0800 2011			3380457624516646	3380457624516646				3380457624516646	0			0	<a href=" rel="nofollow">微博 weibo.com</a>	大气磅礴//@出版人孟�: 音乐无敌的棒，拍摄手法真是绝了，男人那种野性和自由的气息扑面而来，太绝了。			2013001972	00	3378228096177318	1397721869258
1447579-	0		1	Thu Aug 15 14:23:55 +0800 2013			3611565741487775	3611565741487775				3611565741487775	0			1	<a href=" rel="nofollow">微博 weibo.com</a>	#晾书评# 《程序员，你伤不起》 我拿到这本书，翻看几页之后，觉得写的很好，很真实，我看完觉得有种共鸣的感觉，尽管作者很强大，而我就是一个编程的工人，是一个疲于奔命的工人，但是，这本书给我力量，让我在偷懒的时候，在一遍一遍调试程序觉得很厌烦时，我就想起这本书……			2013001972	00	0	1397721869259
1447580-	0		0	Thu Mar 27 08:09:08 +0800 2014			3692646306503755	3692646306503755				3692646306503755	0			0	<a href=" rel="nofollow">Android客户端</a>	新技术get			2013001972	00	3692644075408516	1397721869259
1447581-	0		2	Tue Apr 24 07:35:47 +0800 2012			3438241632100527	3438241632100527				3438241632100527	0			4	<a href=" rel="nofollow">Android客户端</a>	年轻的心的特点就是,每一次都以为是真的,这一次,我准备的更好,再一次,我开足马力！			2013001972	00	0	1397721869260
1447582-	0		1	Fri Nov 01 10:34:38 +0800 2013			3639774294049383	3639774294049383				3639774294049383	0			2	<a href=" rel="nofollow">微博 weibo.com</a>	初学者一点也不想让自己的代码糊里糊涂地运行起来，初学者希望把代码清清楚楚理所当然地运行起来，这两者有很大的差别。这是IT技术书作者们非常容易忽视的一个问题。			2013001972	00	0	1397721869260
1447583-	0		0	Sat Jun 18 15:49:25 +0800 2011			12574897610	12574897610				5619463764167137164	0			0	<a href=" rel="nofollow">微博 weibo.com</a>	向baby学习^^			2013001972	00	11678649518	1397721869261
1447584-	0		2	Wed Oct 23 12:43:00 +0800 2013			3636545107757202	3636545107757202				3636545107757202	0			1	<a href=" rel="nofollow">微博 weibo.com</a>	没有指纹识别无所，Retina屏才是关键。咕�			2013001972	00	0	1397721869261
1447585-	0		0	Fri Sep 07 15:21:25 +0800 2012			3487643561653634	3487643561653634				3487643561653634	0			0	<a href=" rel="nofollow">微博 weibo.com</a>	是我非常喜欢的风格。典雅&现代。			2013001972	00	3487642894979752	1397721869262
1447586-	0		1	Sat Jun 18 14:03:01 +0800 2011			12569601506	12569601506				5619436345094453925	0			1	<a href=" rel="nofollow">微博 weibo.com</a>	这狗狗好可爱。			2013001972	00	12569471227	1397721869262
1447587-	0		0	Wed Jun 15 10:28:01 +0800 2011			12356121354	12356121354				5618267684498900278	0			0	<a href=" rel="nofollow">微博 weibo.com</a>	推荐《亲爱的提奥》的理由（一句话）：当我画一个太阳，我希望人们感觉它在以惊人的速度旋转，正在发出骇人的光热巨浪。当我画一片麦田，我希望人们感觉到原子正朝着它们最后的成熟和绽放努力。当我画一个男人，我就要画出他滔滔的一生。			2013001972	00	0	1397721869262
1447588-	0		0	Tue Mar 13 12:17:24 +0800 2012			3423092212740774	3423092212740774				3423092212740774	0			1	<a href=" rel="nofollow">微博 weibo.com</a>	听说这就是菊花狮//@陈禹成_图书出版人: 转发微博			2013001972	00	3402755618600734	1397721869263
1447589-	0		0	Sun Jun 24 10:43:46 +0800 2012			3460394599301973	3460394599301973				3460394599301973	0		#	0	<a href=" rel="nofollow">微博 weibo.com</a>	分享图片			2013001972	00	0	1397721869263
1447590-	0		0	Sat Jun 25 21:14:41 +0800 2011			12995403780	12995403780				5622145180973541373	0			0	<a href=" rel="nofollow">微博 weibo.com</a>	银才//@兔牙板砖//@亦_�雅�身：1、在华科七年最浪漫的事就是带女朋友到武大去看海。2、今天是6月20号，6月里武汉只下了两场雨，一场10天，另一场也是10天。3、在武汉不会开公交车的司机不是好船长。4、华科和武大正式更名为华中海洋科技大学、国立武汉水族馆。冬季到台北去看雨，夏天到武汉来看海！			2013001972	00	12680460016	1397721869264
1447591-	0		3	Fri Mar 15 09:21:42 +0800 2013			3556044342766209	3556044342766209				3556044342766209	0			2	<a href=" rel="nofollow">微博 weibo.com</a>	赞同。的确如此。同样一本书交给不同的策编不同的出版方，结果可能截然不同。			2013001972	00	3527066987551170	1397721869264
1447592-	0		0	Wed Mar 27 17:31:24 +0800 2013			3560516238358802	3560516238358802				3560516238358802	0			0	<a href=" rel="nofollow">微公益</a>	看到这样的公益项目，我忍不住要支持一把了，一起帮助“让自带筷子成为时尚，抵制一次性筷子人人有责；（  ）”，决不放弃努力。			2013001972	00	0	1397721869264
1447593-	0		1	Tue May 15 06:41:09 +0800 2012			3445838028327577	3445838028327577				3445838028327577	0			1	<a href=" rel="nofollow">Android客户端</a>	《俄罗斯方块》告诉我们：犯下的错误会积累，获得的成功会消失。			2013001972	00	0	1397721869265
1447594-	0		1	Thu Jul 07 17:29:35 +0800 2011			13855148598	13855148598				5626540195228395644	0			0	<a href=" rel="nofollow">微博 weibo.com</a>	@高顿金爵 @江南扣 @公子雪乡 你们三位的奖品今天下午已经快递寄出。请注意查收。			2013001972	00	0	1397721869265
1447595-	0		0	Wed Apr 17 20:56:46 +0800 2013			3568178057222960	3568178057222960				3568178057222960	0			0	<a href=" rel="nofollow">微博 weibo.com</a>	回复@图灵谢工:嗯，这封面很带感。 //@图灵谢工:封面不错。@陈冰_图书出版人			2013001972	00	3568140778672320	1397721869266
1447596-	0		0	Sat Jun 11 15:56:17 +0800 2011			12122862734	12122862734				5616867937477488796	0			0	<a href=" rel="nofollow">微博 weibo.com</a>	MD，三颗牙一块痛，混蛋。			2013001972	00	0	1397721869266
1447597-	0		6	Wed Jun 15 19:15:22 +0800 2011			12386795934	12386795934				5618403581565487834	0			1	<a href=" rel="nofollow">微博 weibo.com</a>	有人能告诉我，怎么才能让粉丝多起来了，我希望能多一点粉丝，因为我的粉丝还很少。			2013001972	00	0	1397721869266
1447598-	0		0	Mon Jun 06 12:30:30 +0800 2011			11830108044	11830108044				5614959481478688857	0			0	<a href=" rel="nofollow">优酷网连接分享</a>	流川枫与苍井空  MV   （分享自 @优酷网） 2011年夏天最感动人心的民谣，最伤感催泪的爱情故事。送给所有即将毕业，和已经毕业在社会中迷失自己的人，还有那一年的自己、那一年的我们。。。《流川枫与苍井空》----------黑撒乐队			2013001972	00	0	1397721869267
1447599-	0		0	Fri Aug 09 10:44:12 +0800 2013			3609336120941103	3609336120941103				3609336120941103	0			0	<a href=" rel="nofollow">加网分享按钮</a>	这时候，我妈妈也提醒我，已经烧进去不少了，需要注意点儿，别烧得最后啥也没有了。但是他们相信我有翻盘的机会，我在他们眼里，一直是他们的骄傲，一直是能给他们创造奇迹的那种。#程序员正能量书《程序员，你伤不起》。真实得令人发指！幽默中透着傻气，现实中抱紧希望。#  			2013001972	00	0	1397721869267
1447600-	0		0	Mon Jun 27 20:12:05 +0800 2011			13127165612	13127165612				5622871219419141336	0		#	0	<a href=" rel="nofollow">微博 weibo.com</a>	《电脑使用说明书》今日登上当当网计算机类Banner位！			2013001972	00	0	1397721869268
1447601-	0		0	Mon Mar 12 12:08:37 +0800 2012			3422727614033751	3422727614033751				3422727614033751	0			0	<a href=" rel="nofollow">微博 weibo.com</a>	当一个人无知到一定程度时，他会认为他什么书都不需要看。			2013001972	00	0	1397721869268
1447602-	0		0	Mon Sep 10 21:07:54 +0800 2012			3488817920653595	3488817920653595				3488817920653595	0			0	<a href=" rel="nofollow">专业版微博</a>	抽掉纸的瞬间……			2013001972	00	3474635603060071	1397721869269
1447603-	0		0	Thu May 09 15:02:04 +0800 2013			3576061335703755	3576061335703755				3576061335703755	0			1	<a href=" rel="nofollow">专业版微博</a>	宇宙之书，牛X。			2013001972	00	3575968243256516	1397721869269
1447604-	0		0	Wed Nov 16 00:54:33 +0800 2011			3380158595182255	3380158595182255				3380158595182255	0			0	<a href=" rel="nofollow">微博 weibo.com</a>	转发微博			2013001972	00	3380083291539074	1397721869269
1447605-	0		0	Fri Jun 10 16:17:06 +0800 2011			12076833630	12076833630				5616502216720619624	0			0	<a href=" rel="nofollow">微博 weibo.com</a>	转发微博。			2013001972	00	11637944784	1397721869270
1447606-	0		0	Wed Jan 23 14:12:42 +0800 2013			3537635794460103	3537635794460103				3537635794460103	0			0	<a href=" rel="nofollow">微博 weibo.com</a>	顶一个			2013001972	00	3537625480399281	1397721869270
1447607-	0		6	Thu Mar 20 10:27:26 +0800 2014			3690144395613199	3690144395613199				3690144395613199	0			4	<a href=" rel="nofollow">微博 weibo.com</a>	呃，问一个技术问题。请问澡堂子和洗浴中心有什么区别？			2013001972	00	0	1397721869270
1447608-	0		0	Mon Jun 20 13:16:33 +0800 2011			12670271684	12670271684				5620166541084284142	0			0	<a href=" rel="nofollow">微博 weibo.com</a>	很黄很暴力，很冷很精彩。			2013001972	00	12481730473	1397721869271
1447609-	0		0	Wed Jun 22 01:32:09 +0800 2011			12751617154	12751617154				5620727188753268980	0			0	<a href=" rel="nofollow">投票</a>	我参与了投票【新版勋章PK旧版勋章】　　投给“旧版勋章像集邮票，比新版好玩，支持旧版！”这1个选项			2013001972	00	0	1397721869271
1447610-	0		0	Tue May 29 07:27:35 +0800 2012			3450923148332699	3450923148332699				3450923148332699	0			1	<a href=" rel="nofollow">Android客户端</a>	还好西瓜没长成这样，要不然真不敢吃。			2013001972	00	3450056068055257	1397721869272
1447611-	1		1523	Wed Oct 17 15:37:00 +0800 2012			3502142998313839	3502142998313839				3502142998313839	0		#	1611	<a href=" rel="nofollow">微活动</a>	史上销量第一的IT图书谭浩强《C程序设计》第一次有了伴侣书！销量超过1100万册，带领莘莘学子步入编程世界！但这本书也存在一些不足，《C程序设计伴侣》应运而生！《伴侣》解答原书困惑开拓读者眼界，让C的学习变得更容易！当当预订： 			2013001972	00	0	1397721869273
1447612-	0		1	Mon Feb 25 23:07:31 +0800 2013			3549729197507936	3549729197507936				3549729197507936	0			2	<a href=" rel="nofollow">微博 weibo.com</a>	铺垫做的很好，气氛逐步升温，最后达到高潮。[哈哈]			2013001972	00	3549334782302360	1397721869273
1447613-	0		1	Sun May 06 16:38:08 +0800 2012			3442726773248924	3442726773248924				3442726773248924	0			0	<a href=" rel="nofollow">Android客户端</a>	我们光脚在大地上行走，地面上遍布荆棘、砂石，愚笨的人为了防止自己的脚受伤，就试图用牛皮来覆盖整个大地，但是聪明的人知道，只需要在自己的脚上穿上一双鞋，就已经足够解决所有的问题――那么，我们为什么不尝试着，仅仅控制好自己的心呢？			2013001972	00	0	1397721869274
1447614-	0		0	Sun Jul 03 11:23:24 +0800 2011			13519339984	13519339984				5624961489804359539	0			0	<a href=" rel="nofollow">微博 weibo.com</a>	但这样的表面和谐下或许正在孕育着什么。 //@严彬拉夫:要期待一个和谐稳定不折腾的国家能有什么文明，实在是太为难它了。老祖宗的东西倒可用来申遗。			2013001972	00	13516968200	1397721869274
1447615-	0		0	Sat Aug 10 21:21:42 +0800 2013			3609858940722531	3609858940722531				3609858940722531	0			3	<a href=" rel="nofollow">微博 weibo.com</a>	每年300、400亿码洋打纸浆，库存900亿码洋就是这么可着劲儿造出来的。			2013001972	00	3608605997176132	1397721869275
1447616-	0		1	Fri Aug 24 07:12:57 +0800 2012			3482447205734970	3482447205734970				3482447205734970	0			1	<a href=" rel="nofollow">Android客户端</a>	纽约时报都看不下去了。[奥特曼]			2013001972	00	3482335879799063	1397721869275
1447617-	0		0	Fri Mar 02 18:37:31 +0800 2012			3419201606176328	3419201606176328				3419201606176328	0			0	<a href=" rel="nofollow">微博 weibo.com</a>	[太开心]			2013001972	00	3419199747730296	1397721869276
1447618-	0		1	Sun Jul 03 11:21:40 +0800 2011			13519224892	13519224892				5624961043127738433	0			0	<a href=" rel="nofollow">微博 weibo.com</a>	同意。 //@严彬拉夫:要期待一个和谐稳定不折腾的国家能有什么文明，实在是太为难它了。老祖宗的东西倒可用来申遗。			2013001972	00	13516968200	1397721869277
1447619-	0		0	Sun Jun 19 21:30:53 +0800 2011			12641950646	12641950646				5619922844632277640	0			0	<a href=" rel="nofollow">微博 weibo.com</a>	（2）面团发好后，在面板上撒上少许干面粉（防止面团粘到面板上），然后从盆里取出面团，放在面板上，然后再次使用揉面团，最终让面团形成比较光滑的一个面团，然后把面团揉成直径大约5厘米的粗条，然后用刀切成5厘米一段的面块，然后把面块捏扁，形成一个凹陷，在凹进去的窝窝里放入一大勺红糖。			2013001972	00	0	1397721869277
1447620-	0		3	Fri Feb 01 09:28:33 +0800 2013			3540825776348901	3540825776348901				3540825776348901	0			4	<a href=" rel="nofollow">微博 weibo.com</a>	@马丁路德钢 @周金桥 @蒋金楠 好书赠好作者[蛇年快乐] 预祝各位在新的一年里都有大发展，也有好著作问世哈[嘻嘻]			2013001972	00	0	1397721869277
1447621-	3		0	Tue Jan 14 17:14:02 +0800 2014			3666691508222334	3666691508222334				3666691508222334	0			0	<a href=" rel="nofollow">微博 weibo.com</a>	本人巨作《电脑使用说明书》在当当的读者评论终于达到1000条了，算是一个小里程碑，标记一下。 			2013001972	00	0	1397721869278
1447622-	0		0	Tue Feb 05 18:13:31 +0800 2013			3542407435826246	3542407435826246				3542407435826246	0			0	<a href=" rel="nofollow">Android客户端</a>	现在你面前大约摆着七八本书，然后，关键的部分来了，你要马不停蹄一本接一本的速读，不求甚解，不做书中例子，需要的话在脑子里想一下就可以了，容易的地方直接跳过，只重点读读你速读下无法理解的部分，但也不要求完全理解，读了两遍理解不了就放过，继续读后面的，首先保证速度。#最快学编程方法二#			2013001972	00	0	1397721869278
1447623-	0		0	Wed Jun 22 09:41:30 +0800 2011			12758752107	12758752107				5620853293460927524	0		#	0	<a href=" rel="nofollow">微博 weibo.com</a>	当当、互动出版、卓越，《电脑使用说明书》均已到货，即将在当当上的网上海报的页头是这个样子地：			2013001972	00	0	1397721869279
1447624-	0		0	Sat Mar 16 09:57:11 +0800 2013			3556415656781306	3556415656781306				3556415656781306	0			0	<a href=" rel="nofollow">Android客户端</a>	法定节假日免费坐火车，这条好像没什么破绽啊。这是法定节假日免费上高速的升级版啊。			2013001972	00	3556054090769447	1397721869279
1447625-	0		2	Sun Jul 21 20:02:24 +0800 2013			3602591227199043	3602591227199043				3602591227199043	0			0	<a href=" rel="nofollow">微博 weibo.com</a>	回复@璐柯艾特蜜:[笑哈哈]遇到喜欢自己书的读者是最开心的啦，希望这本书能带给你惊奇美味的阅读体验。[太开心]说句不害臊的，这本书我自己也很喜欢看呢，哇咔咔			2013001972	00	3594839096509779	1397721869279
1447626-	0		0	Sat May 19 23:08:19 +0800 2012			3447536021136594	3447536021136594				3447536021136594	0		#	0	<a href=" rel="nofollow">微博 weibo.com</a>	1・如果错过太阳时你流了泪，那么你也要错过群星了。 2・当你把所有的错误都关在门外，真理也就被拒绝了。 3・错误经不起失败，但是真理却不怕失败。 4・瀑布歌道：“虽然渴者只要少许的(详见长微博) ...    （分享自 @长微博工具）			2013001972	00	0	1397721869280
1447627-	0		0	Wed Dec 19 20:29:17 +0800 2012			3525046989182379	3525046989182379				3525046989182379	0			0	<a href=" rel="nofollow">微博 weibo.com</a>	高级黑[害羞]			2013001972	00	3524697427306810	1397721869280
1447628-	0		2	Mon Jul 15 13:30:27 +0800 2013			3600318262458350	3600318262458350				3600318262458350	0			0	<a href=" rel="nofollow">微博 weibo.com</a>	研表究明，汉字的序顺倒颠并不定一能影阅响读，比如你当看完句这话后，才发这现里的字全是都乱的。这是就贝斯叶论理。#你们感受一下编辑的工作#			2013001972	00	0	1397721869281
1447629-	0		0	Wed May 23 07:23:19 +0800 2012			3448747742726477	3448747742726477				3448747742726477	0			5	<a href=" rel="nofollow">Android客户端</a>	如果你真的要做什么事，那你一定能找到实现它的方法，而不是看到它不能实现的困难。			2013001972	00	0	1397721869281
1447630-	1		4	Tue Aug 13 13:33:42 +0800 2013			3610828328649806	3610828328649806				3610828328649806	0			3	<a href=" rel="nofollow">微博 weibo.com</a>	#晾书评# 《宇宙的背面》 看的过程中就想到一部电影＜盗梦空间＞ 那些我们未知又 无法碰触的空间是我们可望而不可及的 书中对一维 二维 三维 四维解释的条理清楚又生动 如果能配上图读起来会更轻松一些 不过给读者宽阔的想象空间让每个人心中有自己独一无二的想象画面 或许是这本书最吸引人的地方吧?			2013001972	00	0	1397721869281
1447631-	0		0	Sun Nov 06 12:02:31 +0800 2011			3376702820685546	3376702820685546				3376702820685546	0			0	<a href=" rel="nofollow">微博 weibo.com</a>	哦哦，从拓扑结构上看，是三个并联。公式完全忘记了。			2013001972	00	3376694654394363	1397721869282
1447632-	0		1	Fri Nov 11 08:54:41 +0800 2011			3378467489527681	3378467489527681				3378467489527681	0			0	<a href=" rel="nofollow">微博 weibo.com</a>	他曾努力过，从未停止的努力，用尽全力的努力，所有的那么的努力不会白费，努力被埋入地下变成石油，只待后来的人们去发现这些能量――曾经的努力。			2013001972	00	0	1397721869282
1447633-	0		0	Tue Jun 21 13:17:48 +0800 2011			12719039092	12719039092				5620537948377920832	0			1	<a href=" rel="nofollow">微博 weibo.com</a>	偶不说话，偶就看看。			2013001972	00	12672692536	1397721869283
1447634-	0		0	Thu Jun 23 01:24:05 +0800 2011			12803817215	12803817215				5621096195331898439	0			0	<a href=" rel="nofollow">微博 weibo.com</a>	我们在下午动身。我看到荷兰的最后一样东西，是一个小小的，灰色的教堂的尖塔。――《亲爱的提奥：凡高自传》。			2013001972	00	0	1397721869283
1447635-	0		4	Thu May 03 06:56:29 +0800 2012			3441493233056212	3441493233056212				3441493233056212	0			6	<a href=" rel="nofollow">Android客户端</a>	现在书店里不支持张贴和悬挂海报和易拉宝了,但大书店都已经和正在装液晶电视,特别重点的书,制作一段给力的视频,最重要的要配上一段悦耳悦心的音乐,在屏幕上播放,实际效果非常能引起读者的注意。@图灵谢工			2013001972	00	0	1397721869284
1447636-	0		0	Fri Nov 11 08:52:53 +0800 2011			3378467032343391	3378467032343391				3378467032343391	0			0	<a href=" rel="nofollow">微博 weibo.com</a>	上帝，可能是公平的，也可能是不公平的。但说到底，上帝是公平的。			2013001972	00	0	1397721869284
1447637-	0		0	Sat Mar 23 07:59:14 +0800 2013			3558922692114321	3558922692114321				3558922692114321	0			0	<a href=" rel="nofollow">微博 weibo.com</a>	转发微博			2013001972	00	3558906036856921	1397721869285
1447638-	0		12	Thu Jun 07 08:13:46 +0800 2012			3454196257184170	3454196257184170				3454196257184170	0			40	<a href=" rel="nofollow">Android客户端</a>	儿子5岁，看了《鹿鼎记》便大声嚷：“妈，我大了也要娶七个老婆，一个替我烧饭，一个替我洗澡，一个替我…” 妈笑说：“那晚上睡觉一定不需要我陪了！” 儿子愣了一下说：“那不行，还得和妈睡！”“那你的七个老婆怎么睡？”“让她们和我爸睡吧！”爸听了激动得热泪盈眶：“好孩子,真孝顺！"			2013001972	00	0	1397721869285
1447639-	0		0	Fri Feb 22 21:39:02 +0800 2013			3548619758062085	3548619758062085				3548619758062085	0			1	<a href=" rel="nofollow">微博 weibo.com</a>	转发微博			2013001972	00	3548398563345558	1397721869286
1447640-	0		0	Mon Jan 23 14:50:50 +0800 2012			3405011436205385	3405011436205385				3405011436205385	0		#	0	<a href=" rel="nofollow">微博 weibo.com</a>	父亲近期几幅山水作品。			2013001972	00	0	1397721869286
1447641-	0		0	Sat Aug 17 08:19:18 +0800 2013			3612198758349672	3612198758349672				3612198758349672	0			0	<a href=" rel="nofollow">微博 weibo.com</a>	感觉这封面应出自女设计师之手。没看内容，估计封面如此设计是为配合内容，换行在视觉上如同添加了一个逗号，可以让语句产生诗性。			2013001972	00	3612054012988392	1397721869287
1447642-	0		0	Sun Feb 05 14:03:08 +0800 2012			3409710465736948	3409710465736948				3409710465736948	0			0	<a href=" rel="nofollow">微博 weibo.com</a>	相当赞同。			2013001972	00	3409709984111599	1397721869288
1447643-	0		0	Tue Jul 12 22:50:33 +0800 2011			14277539868	14277539868				5628478333581175275	0			1	<a href=" rel="nofollow">微博 weibo.com</a>	广阔的天地从东方到西方共二万八千里，从南方到北方共二万六千里，有江河发源之山是八千里，江河流经之地是八千里，出产铜的山有四百六十七座，出产铁的山有三千六百九十座。			2013001972	00	0	1397721869288
1447644-	0		0	Wed May 02 08:27:31 +0800 2012			3441153754328204	3441153754328204				3441153754328204	0			0	<a href=" rel="nofollow">Android客户端</a>	不得不说这个翻译很传神[哈哈]			2013001972	00	3439496333012848	1397721869288
1447645-	0		0	Mon Sep 26 19:51:19 +0800 2011			3361962893647836	3361962893647836				3361962893647836	0		#	0	<a href=" rel="nofollow">微博 weibo.com</a>	（10）屏幕本身有5根线缆和底座连着，都拆下来后，屏幕就获得了短暂的自由了。可以开始拆屏幕了。			2013001972	00	0	1397721869289
1447646-	0		0	Sun Aug 11 09:08:11 +0800 2013			3610036733256903	3610036733256903				3610036733256903	0			0	<a href=" rel="nofollow">微博 weibo.com</a>	[哈哈]			2013001972	00	3610036134125782	1397721869289
1447647-	0		9	Mon Dec 09 11:10:39 +0800 2013			3653554096978660	3653554096978660				3653554096978660	0		#	45	<a href=" rel="nofollow">微博 weibo.com</a>	为什么有的人学编程一年半载水平就突飞猛进，而有的人学了7、8年还是原地踏步；为什么有的人似乎天生就是吃程序员这碗饭的，而有些人的这碗饭却吃得特别辛苦。差距究竟在哪里？是智商的硬伤还是软件的问题？第一步都没问题，问题出在第二步。《程序员第二步》剖析了这问题的源代码			2013001972	00	0	1397721869290
1447648-	0		0	Sun May 20 07:46:56 +0800 2012			3447666522191586	3447666522191586				3447666522191586	0			0	<a href=" rel="nofollow">微博 weibo.com</a>	问得好 //@徐小平:违的什么法？			2013001972	00	3447498607642955	1397721869290
1447649-	0		0	Sun May 13 18:19:56 +0800 2012			3445289115835524	3445289115835524				3445289115835524	0			1	<a href=" rel="nofollow">Android客户端</a>	成功的时候，谁都是朋友。但只有母亲-----她是失败时的伴侣（郑振铎）；世界上的一切光荣和骄傲，都来自母亲（高尔基）[威武]			2013001972	00	0	1397721869290
1447650-	0		0	Mon Sep 26 20:04:50 +0800 2011			3361966295312801	3361966295312801				3361966295312801	0		#	0	<a href=" rel="nofollow">微博 weibo.com</a>	最后，按照拆机时相反的顺序把笔记本装起来就OK了。有磁螺丝刀用来把螺丝放入不好放的位置，然后用无磁螺丝刀来上螺丝。或是用无磁螺丝刀先把螺丝完全拧开后，用有磁螺丝刀把螺丝吸出来。总之，尽量减少有磁螺丝刀在笔记本内各部件中停留的时间，以减少磁力对电子元件的影响。			2013001972	00	0	1397721869291
1447651-	0		0	Tue Jul 19 17:23:32 +0800 2011			14792911204	14792911204				3336920939701099	0			0	<a href=" rel="nofollow">微博 weibo.com</a>	11岁啦！大孩子咯^^ 要乖噢！呼呼^^ 陪我也好久咯			2013001972	00	14788119804	1397721869292
1447652-	0		0	Wed Jul 10 14:38:40 +0800 2013			3598523490323882	3598523490323882				3598523490323882	0			0	<a href=" rel="nofollow">微博 weibo.com</a>	同感啊。当年超火的，结果……泯然众人矣了。			2013001972	00	3598522849331913	1397721869292
1447653-	0		0	Tue Oct 29 11:27:05 +0800 2013			3638700330163845	3638700330163845				3638700330163845	0			5	<a href=" rel="nofollow">微博 weibo.com</a>	这才是真正的柔性屏幕啊，太惨无人道了！ 			2013001972	00	0	1397721869293
1447654-	0		1	Sun Jun 19 20:17:54 +0800 2011			12638390288	12638390288				5619904036969515363	0			0	<a href=" rel="nofollow">微博 weibo.com</a>	犀牛图书商标的设计思想：一，采用人所共知的动物名，简单好记，朗朗上口，便于口碑相传。二，大气，有力。读起来有气势，听起来蕴含着力量。三，犀牛读起来与矽牛同音，矽是元素硅的旧称（美国的硅谷也经常被称为矽谷），而硅是IT界的代名词，因此，犀牛图书的潜在含义可以理解为“IT界很牛的书”。			2013001972	00	0	1397721869294
1447655-	0		1	Fri May 11 06:53:35 +0800 2012			3444391601870310	3444391601870310				3444391601870310	0			1	<a href=" rel="nofollow">Android客户端</a>	回复@经典之生活:这下彻底 “不跟随” 了，都被甩得看不见了[挖鼻屎] //@经典之生活:短短五年的时间，曾经的巨无霸诺基亚的利润完全被苹果吞噬。还叫喊＂不跟随＂? 何时能放下架子识时务?			2013001972	00	3441955629569955	1397721869294
1447656-	0		0	Thu May 03 12:16:55 +0800 2012			3441573872205906	3441573872205906				3441573872205906	0			0	<a href=" rel="nofollow">微博 weibo.com</a>	哈哈哈哈[嘻嘻] //@Excel技巧网_官方微博:被逼迫的完美主义者			2013001972	00	3441374688622744	1397721869295
1447657-	0		0	Fri Jun 01 08:25:32 +0800 2012			3452024891018026	3452024891018026				3452024891018026	0			0	<a href=" rel="nofollow">Android客户端</a>	是哇，那时候各种数理化各种精通			2013001972	00	3452023544714768	1397721869295
1447658-	0		0	Tue Feb 19 22:50:02 +0800 2013			3547550453418925	3547550453418925				3547550453418925	0			0	<a href=" rel="nofollow">微博 weibo.com</a>	[哼] //@李开复:[衰]			2013001972	00	3546289993900392	1397721869296
1447659-	0		0	Tue Mar 26 13:27:21 +0800 2013			3560092429308984	3560092429308984				3560092429308984	0			0	<a href=" rel="nofollow">微博 weibo.com</a>	嗯，我也期待。[兔子]			2013001972	00	3560051438131797	1397721869296
1447660-	0		0	Fri Jun 17 18:03:51 +0800 2011			12522526824	12522526824				5619127322203837305	0			0	<a href=" rel="nofollow">微博 weibo.com</a>	偶喜欢介个^^ //@小凡_fanfan：//@糗事微博：我终于知道我的笔记本怎么丢的了，生产厂商你太阴险了.....			2013001972	00	12446021275	1397721869297
1447661-	0		0	Thu Feb 14 11:33:26 +0800 2013			3545568246721215	3545568246721215				3545568246721215	0			0	<a href=" rel="nofollow">微博 weibo.com</a>	ZEWYQTBYGR，RGNNKDQMDH，SMNTLJWL。			2013001972	00	0	1397721869297
1447662-	0		0	Thu Jul 11 17:47:35 +0800 2013			3598933420516399	3598933420516399				3598933420516399	0			0	<a href=" rel="nofollow">微博 weibo.com</a>	可以开始预订啦[哈哈]			2013001972	00	3598899619453403	1397721869297
1447663-	0		0	Tue Mar 05 16:10:13 +0800 2013			3552523270519097	3552523270519097				3552523270519097	0			0	<a href=" rel="nofollow">微博 weibo.com</a>	转发微博			2013001972	00	3552063172163048	1397721869298
1447664-	0		1	Fri Jan 17 08:52:20 +0800 2014			3667652414996296	3667652414996296				3667652414996296	0			2	<a href=" rel="nofollow">微博 weibo.com</a>	大话重构之四：系统重构到这一步，我们来看看用户关于时间问候语部分的变更需求：问候需要更加精细，如中午问候“Good noon! ”、傍晚问候“Good evening! ”、午夜问候“Good midnight! ”。除此之外，用户希望在一些特殊的节日……			2013001972	00	0	1397721869298
1447665-	0		0	Wed Jun 08 18:42:16 +0800 2011			11974115254	11974115254				5615797455530032943	0			0	<a href=" rel="nofollow">微博 weibo.com</a>	//@校对网-站长：必须的[太开心] //@林波cmp：很先进			2013001972	00	11967119347	1397721869299
1447666-	0		0	Mon Jun 06 23:37:24 +0800 2011			11867551608	11867551608				5615131340457226783	0			0	<a href=" rel="nofollow">微博 weibo.com</a>	转发微博。			2013001972	00	11860505722	1397721869299
1447667-	0		0	Fri Aug 05 11:32:31 +0800 2011			3342993197161950	3342993197161950				3342993197161950	0			0	<a href=" rel="nofollow">微博 weibo.com</a>	[偷笑] [哈哈]			2013001972	00	3342992583018842	1397721869299
1447668-	0		0	Thu Apr 19 10:48:07 +0800 2012			3436478099581596	3436478099581596				3436478099581596	0		#	0	<a href=" rel="nofollow">Android客户端</a>	分享图片			2013001972	00	0	1397721869300
1447669-	0		0	Sat Mar 16 19:02:53 +0800 2013			3556552990449455	3556552990449455				3556552990449455	0		#	1	<a href=" rel="nofollow">围脖关键词</a>	我的微博关键词。你也来试试吧~ 			2013001972	00	0	1397721869300
1447670-	0		0	Thu Jun 23 01:25:14 +0800 2011			12803843050	12803843050				5621096491684648239	0			0	<a href=" rel="nofollow">微博 weibo.com</a>	在周末的晚上，我要帮助六个小孩子洗澡。我也试着教他们阅读。我有一些非常适合儿童阅读的书，例如《广阔无垠的世界》。――《亲爱的提奥：凡高自传》。			2013001972	00	0	1397721869301
1447671-	0		0	Sat Mar 09 10:48:02 +0800 2013			3553891741867362	3553891741867362				3553891741867362	0			1	<a href=" rel="nofollow">微博 weibo.com</a>	一直听说，从未见过。			2013001972	00	3553712896795463	1397721869301
1447672-	0		0	Sat Jun 23 10:46:09 +0800 2012			3460032819695563	3460032819695563				3460032819695563	0			0	<a href=" rel="nofollow">Android客户端</a>	配图表情太到位了[哈哈]			2013001972	00	3460028923229565	1397721869302
1447673-	0		7	Sun Jan 27 19:42:48 +0800 2013			3539168413916668	3539168413916668				3539168413916668	0			2	<a href=" rel="nofollow">微博 weibo.com</a>	我比较中意的是7寸的。[呵呵]			2013001972	00	3539162412255906	1397721869302
1447674-	0		2	Wed Oct 26 22:27:06 +0800 2011			3372873733474436	3372873733474436				3372873733474436	0			0	<a href=" rel="nofollow">微博 weibo.com</a>	昨天傍晚感觉身上发冷，量体温发热了。今天继续发烧，量体温比昨天还高了点。明天继续发烧就目前看也是十拿九稳。			2013001972	00	0	1397721869303
1447675-	0		0	Tue Jul 23 13:23:45 +0800 2013			3603215674894667	3603215674894667				3603215674894667	0			0	<a href=" rel="nofollow">微博 weibo.com</a>	回复@李鲆:确实很有趣，充满了智慧的大实话啊。 //@李鲆:有意思的书			2013001972	00	3603178572349706	1397721869303
1447676-	0		1	Tue Jul 03 14:49:12 +0800 2012			3463717855523017	3463717855523017				3463717855523017	0		#	1	<a href=" rel="nofollow">分享按钮</a>	留学芬兰，感慨芬兰人的“傻”（转）我在芬兰留学期间，结识了好友Raimo。他在首都赫尔辛基行政机关供职。他曾约我到他乡下老家去喝他父亲酿制的葡萄酒，到了那天，他却抱歉地说：“今天是(详见长微博) ...    （分享自 @长微博原文）			2013001972	00	0	1397721869304
1447677-	0		0	Mon Mar 12 19:18:20 +0800 2012			3422835751747023	3422835751747023				3422835751747023	0			0	<a href=" rel="nofollow">微博 weibo.com</a>	支持。这本《大话》是我策划的代表作。但我即将运作的另一本计算机书不管在意义还是销量上都将超越这本《大话》。			2013001972	00	3421421714197105	1397721869304
1447678-	0		0	Tue Jun 05 18:48:58 +0800 2012			3453631338672476	3453631338672476				3453631338672476	0			0	<a href=" rel="nofollow">Android客户端</a>	原创，尤其是具里程碑意义的原创，其最显著的特征就是对以往的突破和创新，就是要超越以往。既要原创，又要哪儿哪儿都符合以往的条条框框，这本身就是矛盾的，这样的 “创新”，自古以来没有发生过。			2013001972	00	0	1397721869305
1447679-	0		0	Mon Sep 26 19:59:22 +0800 2011			3361964919302236	3361964919302236				3361964919302236	0		#	0	<a href=" rel="nofollow">微博 weibo.com</a>	（12）把屏幕外壳撬开之后，把固定左屏轴的几个螺丝拆掉就可以更换屏轴了。这是换好后的屏轴。			2013001972	00	0	1397721869305
1447680-	0		2	Thu May 10 06:39:48 +0800 2012			3444025749639023	3444025749639023				3444025749639023	0			3	<a href=" rel="nofollow">Android客户端</a>	这句点评亮了[哈哈] //@武卫东:盖了帽儿了。			2013001972	00	3444022800923474	1397721869306
1447681-	0		0	Tue Jun 28 22:29:13 +0800 2011			13206907874	13206907874				5623277643584239437	0			0	<a href=" rel="nofollow">微博 weibo.com</a>	感谢绿色电子书（www.lvsetxt.com）站长联合多家网站为《电脑使用说明书》发布书讯。			2013001972	00	0	1397721869306
1447682-	0		26	Thu Jan 17 09:34:10 +0800 2013			3535391371695273	3535391371695273				3535391371695273	0			27	<a href=" rel="nofollow">微博 weibo.com</a>	纸的时代结束了 出版业即将发生巨变，这是革命性的变革――纸的时代结束了。在5到8年内，纸质书将实质性消亡……  @中国图书商报 @广西师大出版社理想国 @北京出版人沙龙 @出版人杂志 @老张-北京出版人沙龙 @三石出版痴语 @李开复			2013001972	00	0	1397721869307
1447683-	0		2	Fri Dec 07 13:01:04 +0800 2012			3520585537159852	3520585537159852				3520585537159852	0			0	<a href=" rel="nofollow">微博 weibo.com</a>	介太可乐了[嘻嘻]			2013001972	00	3520301088002473	1397721869307
1447684-	0		0	Thu Apr 10 10:38:30 +0800 2014			3697757325620039	3697757325620039				3697757325620039	0			0	<a href=" rel="nofollow">微博 weibo.com</a>	//@互动出版网china-pub: 转发微博			2013001972	00	3697050224792276	1397721869307
1447685-	0		0	Fri Feb 24 12:33:20 +0800 2012			3416573240853526	3416573240853526				3416573240853526	0		#	0	<a href=" rel="nofollow">微博 weibo.com</a>	通往真理的路是狭窄的，你常常只能独行。			2013001972	00	0	1397721869308
1447686-	0		0	Tue Jul 12 11:32:05 +0800 2011			14227324922	14227324922				5628303494059323806	0			0	<a href=" rel="nofollow">微博 weibo.com</a>	潜在的信息――我的书是精品，因此它不需要通过更密的排版来降低成本从而降低那么几元钱来赢得你的认可，就如此出色的内容而言，我更注重的是阅读时的舒畅感，如果这意味着要多占用一些纸张，那就占用吧，这本书的读者群不会因为贵出这么几元钱就失去对这本书的兴趣。			2013001972	00	0	1397721869308
1447687-	0		0	Thu Jun 23 12:49:34 +0800 2011			12821772559	12821772559				5621272843046627164	0			0	<a href=" rel="nofollow">微博 weibo.com</a>	介万恶的资本主义//@立夫酱的围脖：美国人民真的生活在水深火热之中，什么时候我才能赴汤蹈火啊！			2013001972	00	12769654790	1397721869309
1447688-	0		0	Wed Jun 08 11:48:37 +0800 2011			11948798216	11948798216				5615690858731807844	0			0	<a href=" rel="nofollow">微博 weibo.com</a>	转发微博。			2013001972	00	11947609140	1397721869309
1447689-	0		4	Thu Jun 23 17:31:48 +0800 2011			12835794964	12835794964				5621345574026593925	0			3	<a href=" rel="nofollow">微博 weibo.com</a>	坚持就是胜利。说起来很轻巧。但如果你想到胜利是来之不易的，你就会明白所谓坚持到底意味着什么。			2013001972	00	0	1397721869310
1447690-	0		1	Fri May 04 17:29:07 +0800 2012			3442014824167739	3442014824167739				3442014824167739	0			3	<a href=" rel="nofollow">Android客户端</a>	听天由命？			2013001972	00	3442014555670586	1397721869310
1447691-	0		0	Sun Oct 16 01:07:02 +0800 2011			3368927715811741	3368927715811741				3368927715811741	0			0	<a href=" rel="nofollow">微博 weibo.com</a>	看到了200个国家的200年的生命。			2013001972	00	3345244645986917	1397721869311
1447692-	0		0	Wed Feb 29 09:20:23 +0800 2012			3418336622749501	3418336622749501				3418336622749501	0			0	<a href=" rel="nofollow">微博 weibo.com</a>	“你能给我推荐个良医吗？” “那我就推荐陈医生吧！他救过我的命。” “他是怎么救的？” “是这样的。我得了重病，就去找秦医生看病，吃了他的药，我的病情反而更重了。于是，我又去找张医生看，吃了他的药，我觉得自己离死不远了。最后，我去找陈医生――他幸好不在。”			2013001972	00	0	1397721869311
1447693-	0		1	Sat Jul 27 09:52:17 +0800 2013			3604612013525462	3604612013525462				3604612013525462	0			0	<a href=" rel="nofollow">微博 weibo.com</a>	书上的设计已经变成实物开售了，这感觉很奇妙。不锈钢小伞，很萌很细节。			2013001972	00	3595636035062814	1397721869312
1447694-	0		1	Mon Jan 13 10:04:01 +0800 2014			3666220903143039	3666220903143039				3666220903143039	0			3	<a href=" rel="nofollow">微博 weibo.com</a>	大话重构之二：我们应当改变我们的设计习惯。以往我们在设计一个系统时，总是喜欢大布局。全面地整理系统需求，全面地分析系统功能，再将系统整体地划分成数个模块，分别去设计、开发、测试。这样一个过程往往会持续数月，花费大量的工作量。			2013001972	00	0	1397721869312
1447695-	0		0	Tue May 14 22:42:35 +0800 2013			3577989159667839	3577989159667839				3577989159667839	0			0	<a href=" rel="nofollow">专业版微博</a>	靠，万一中了呢。[嘻嘻]			2013001972	00	3577812520886608	1397721869313
1447696-	0		1	Wed May 09 21:09:51 +0800 2012			3443882316269628	3443882316269628				3443882316269628	0			0	<a href=" rel="nofollow">微博 weibo.com</a>	这这这，这到底是条大狗还是条大墩布？			2013001972	00	3443815581275088	1397721869313
1447697-	0		0	Thu Nov 17 19:56:20 +0800 2011			3380808326554789	3380808326554789				3380808326554789	0			0	<a href=" rel="nofollow">微博 weibo.com</a>	@印张 谢谢反馈。同感。			2013001972	00	3380807475097888	1397721869313
1447698-	0		0	Sat Aug 11 18:34:09 +0800 2012			3477907601502312	3477907601502312				3477907601502312	0			1	<a href=" rel="nofollow">Android客户端</a>	说的就是我[可爱]			2013001972	00	3477906468712347	1397721869314
1447699-	0		204	Fri Apr 13 00:09:57 +0800 2012			3434143180826428	3434143180826428				3434143180826428	0		#	229	<a href=" rel="nofollow">微活动</a>	于丹的书，华美而温情。易中天的书，激昂而辛辣。而你手中的这本书，给你光芒的力量！《2300年的光――成就你一生的先秦国学经典》。先秦12部经典首次凝聚！重回自由奔放，英雄浪漫的年代。我的灵魂将得到更新。当当： 关注转发并@俩好友 			2013001972	00	0	1397721869314
1447700-	0		0	Tue May 21 12:56:35 +0800 2013			3580378407094274	3580378407094274				3580378407094274	0			1	<a href=" rel="nofollow">微博 weibo.com</a>	转发微博			2013001972	00	3565583830514006	1397721869315
1447701-	0		1	Wed Jan 18 10:55:56 +0800 2012			3403140377916053	3403140377916053				3403140377916053	0			1	<a href=" rel="nofollow">微博 weibo.com</a>	观察力弱的人，往往直觉力会强。如果你的观察力不行，千万别扬短避长，一个劲儿观察。按照直觉行事，反而更靠谱。譬如有些人，第一眼是什么货色，那就是什么货色。[好得意]			2013001972	00	0	1397721869315
1447702-	0		1	Fri May 10 21:22:54 +0800 2013			3576519555279953	3576519555279953				3576519555279953	0			0	<a href=" rel="nofollow">微博 weibo.com</a>	看起来像是百度和谷歌对掌之后，百度就医时拍下来的。 //@朱君-Jason:好像骨折了的样子…[哈哈] //@Iconfans:咩哈哈哈哈！这才是真正的X光，这是谁家的掌啊？			2013001972	00	3576517159967718	1397721869316
1447703-	0		0	Tue Jun 21 00:13:05 +0800 2011			12699933604	12699933604				5620335728427388829	0			0	<a href=" rel="nofollow">微博 weibo.com</a>	哈哈，介货是个人才。[抱抱]			2013001972	00	12184599978	1397721869316
1447704-	0		0	Mon Nov 07 19:21:57 +0800 2011			3377175795410307	3377175795410307				3377175795410307	0			0	<a href=" rel="nofollow">微博 weibo.com</a>	没错			2013001972	00	3377160230484569	1397721869317
1447705-	0		0	Tue Jul 12 17:05:29 +0800 2011			14252636414	14252636414				5628389410589850859	0			0	<a href=" rel="nofollow">微博 weibo.com</a>	子贡问怎样治理国家。孔子说，“粮食充足，军备充足，老百姓信任统治者。”子贡说：“如果不得不去掉一项，那么在三项中先去掉哪一项呢？”孔子说：“去掉军备。”			2013001972	00	0	1397721869317
1447706-	0		0	Thu Sep 27 14:05:06 +0800 2012			3494872113281199	3494872113281199				3494872113281199	0			0	<a href=" rel="nofollow">微博 weibo.com</a>	深刻			2013001972	00	3494441664909771	1397721869318
1447707-	0		2	Mon Mar 26 20:39:22 +0800 2012			3427929578914449	3427929578914449				3427929578914449	0			0	<a href=" rel="nofollow">微博 weibo.com</a>	不要以为写出谁也看不懂诗歌就算诗人了。那顶多只能算哗众取宠。真正好的诗歌是每个人都能读懂的诗歌。			2013001972	00	0	1397721869318
1447708-	0		1	Thu Nov 03 00:41:46 +0800 2011			3375444338438099	3375444338438099				3375444338438099	0			0	<a href=" rel="nofollow">微博 weibo.com</a>	回复@Ensidia:我又想起了鲁迅说过的那句话。 //@Ensidia:预感终于被不幸验证，看到第一期的时候我曾说，这是一群充满热枕的人在做一件单纯却不会有结果的事，这秀丽的封面将和《独唱团》一样被一捆捆丢进火中烧毁，对于这样的无疾而终我想不明白的是，为什么一切敢于直面美好与真实，最接近本质的东西			2013001972	00	3375347850864629	1397721869319
1447709-	0		0	Thu Jul 25 12:04:20 +0800 2013			3603920469093209	3603920469093209				3603920469093209	0			0	<a href=" rel="nofollow">微博搜索</a>	快倒闭的推三轮车卖早点的可从此政策中受益。			2013001972	00	3603707394390361	1397721869319
1447710-	0		0	Fri Oct 28 16:44:35 +0800 2011			3373512312294266	3373512312294266				3373512312294266	0			0	<a href=" rel="nofollow">微博 weibo.com</a>	[呲牙]			2013001972	00	3370836109043250	1397721869320
1447711-	0		0	Tue Mar 05 09:25:54 +0800 2013			3552421525829783	3552421525829783				3552421525829783	0			0	<a href=" rel="nofollow">微博搜索</a>	@互动出版网china-pub 好人呐			2013001972	00	3550998620361652	1397721869320
1447712-	0		0	Thu Aug 08 22:45:21 +0800 2013			3609155216396614	3609155216396614				3609155216396614	0			0	<a href=" rel="nofollow">微博 weibo.com</a>	无论你说过什么做过什么都不重要，你所有的一切最终就被压缩成这一句话。 //@陈冰_图书出版人:当人们提到一个人时，当口碑相传时，人们都是也只会是用一句话来描述这个人，这句话就是这个人留下的本质。 //@2gua:就像那只被饿成皮包骨后死去的北极熊吗？太可怕了……			2013001972	00	3609152892949803	1397721869320
1447713-	0		0	Tue May 07 20:29:09 +0800 2013			3575418877227220	3575418877227220				3575418877227220	0			2	<a href=" rel="nofollow">微博 weibo.com</a>	心绪不能平静了 //@图灵谢工:看完，我真的Hold不住了。 //@贺志明_ICT:看来又要出血了。 //@苏�:牛！！！今天的热点 //@吴亚洲-乐视:奢侈科技，超低价位。#超级电视#，值得拥有			2013001972	00	3575353475367269	1397721869321
1447714-	0		0	Wed Oct 26 08:58:11 +0800 2011			3372670163314350	3372670163314350				3372670163314350	0			0	<a href=" rel="nofollow">微博 weibo.com</a>	挖哦 //@冷笑话精选:色彩缤纷，＂色＂诱也，好吃的巧克力豆！[花心]			2013001972	00	3372414479743909	1397721869321
1447715-	0		0	Fri Dec 23 09:53:08 +0800 2011			3393702489731477	3393702489731477				3393702489731477	0		#	0	<a href=" rel="nofollow">微博 weibo.com</a>	懂得从每一种心情中得到好处。			2013001972	00	0	1397721869322
1447716-	0		2	Tue Jul 16 10:57:49 +0800 2013			3600642238699802	3600642238699802				3600642238699802	0			3	<a href=" rel="nofollow">微博 weibo.com</a>	是，他经常被骂。被骂到现在拿到了风险投资，开上了奥迪A4。 //@飞林沙:呵呵，遥想三四年前在博客园被骂成翔的吉日都可以出书了.... //@图灵教育: “像我这么满脑子都是经商意识的程序员……”，如纪录片一般真实，多么痛的领悟，然不失幽默。			2013001972	00	3600370200360805	1397721869323
1447717-	0		0	Wed Sep 05 13:02:54 +0800 2012			3486883923213488	3486883923213488				3486883923213488	0			0	<a href=" rel="nofollow">微博 weibo.com</a>	一部不管是内容还是制作上都非常用心的记录片《七天》（推荐观看）：			2013001972	00	0	1397721869323
1447718-	0		0	Sat Jun 30 00:08:39 +0800 2012			3462409089953543	3462409089953543				3462409089953543	0			0	<a href=" rel="nofollow">微博 weibo.com</a>	晚上去地质礼堂看了好多人推荐的开心麻花的乌龙山伯爵，果然是我爱看的类型，超级搞笑，非常有创意。			2013001972	00	0	1397721869323
1447719-	0		2	Tue Feb 19 13:59:43 +0800 2013			3547416999036779	3547416999036779				3547416999036779	0			1	<a href=" rel="nofollow">微博 weibo.com</a>	我的朋友 @巫俊武ALEX 是我最欣赏的插画师之一。在前行的路上，祝愿望成真。			2013001972	00	3547415581810335	1397721869324
1447720-	0		0	Thu Jun 28 17:09:53 +0800 2012			3461941320165805	3461941320165805				3461941320165805	0			0	<a href=" rel="nofollow">微博 weibo.com</a>	回复@不会唱歌的麦克:他断章取义，诬蔑他人，难道我反而要对他客气？ //@不会唱歌的麦克:回复@陈冰_图书出版人:我觉得您这就有点儿过了，作为出版人，您连人家的书的内容都没看，只是检索了目录就断定人家的书不好，还这样AT其他出版社，是不是不太符合您的身份啊？！			2013001972	00	3461915441468900	1397721869324
1447721-	0		0	Sun Oct 23 23:53:42 +0800 2011			3371808363567120	3371808363567120				3371808363567120	0			0	<a href=" rel="nofollow">微博 weibo.com</a>	一直以为叶公好龙只是个成语，今天见到了真正的叶公好龙的现代演义版。			2013001972	00	0	1397721869324
1447722-	0		0	Mon Aug 19 15:19:43 +0800 2013			3613029344194859	3613029344194859				3613029344194859	0			0	<a href=" rel="nofollow">微博 weibo.com</a>	最近在写篇文章，略统计了一下，如果抛开文学类书的话，中国目前最火的两类书是公务员考试和饭局类的书。只要这两类书火，其他书都得死。			2013001972	00	0	1397721869325
1447723-	0		0	Fri Nov 11 09:05:55 +0800 2011			3378470312478261	3378470312478261				3378470312478261	0			0	<a href=" rel="nofollow">微博 weibo.com</a>	没有世俗的消息，没有高级的表情，只有行囊、我，还有风吹过。			2013001972	00	0	1397721869325
1447724-	0		1	Sat Aug 24 14:36:04 +0800 2013			3614830290220890	3614830290220890				3614830290220890	0		#	1	<a href=" rel="nofollow">微博 weibo.com</a>	百里峡，一半时间在如履平地潮湿阴凉的峡谷中惬意步行，一半时间在故作镇定地对付2800多级台阶。有对比、有特色，值得一去。			2013001972	00	0	1397721869326
1447725-	0		0	Sat Jan 26 18:31:29 +0800 2013			3538788090911305	3538788090911305				3538788090911305	0			0	<a href=" rel="nofollow">专业版微博</a>	[偷笑] //@暴走漫画:来来来，又到期末了！送上我真挚的祝福！			2013001972	00	3493376076913048	1397721869326
1447726-	0		0	Mon Mar 18 19:14:52 +0800 2013			3557280781684218	3557280781684218				3557280781684218	0			0	<a href=" rel="nofollow">微博 weibo.com</a>	祝贺兄弟[给力]			2013001972	00	3557272351151021	1397721869327
1447727-	0		0	Mon Jun 13 18:53:51 +0800 2011			12258596533	12258596533				5617655866403353584	0			0	<a href=" rel="nofollow">微博 weibo.com</a>	关系，这门技术，博大精深的确是博大精深，但永远创造不出一丁点以前不存在过的东西。			2013001972	00	0	1397721869327
1447728-	0		0	Fri Feb 24 14:06:14 +0800 2012			3416596623967215	3416596623967215				3416596623967215	0			0	<a href=" rel="nofollow">微博 weibo.com</a>	呼吸，学会呼吸。任何时候，不要忘记呼吸的方法。			2013001972	00	0	1397721869327
1447729-	0		0	Sat Mar 22 11:44:35 +0800 2014			3690888586643284	3690888586643284				3690888586643284	0			0	<a href=" rel="nofollow">微博 weibo.com</a>				2013001972	00	0	1397721869328
1447730-	0		3	Thu Jan 24 18:06:46 +0800 2013			3538057095499658	3538057095499658				3538057095499658	0			2	<a href=" rel="nofollow">微博 weibo.com</a>	谢谢分享。这印证了我的一个观点，单纯的电子书阅读器的市场会越来越萎缩，单纯的电子书阅读器就是用已经不是纸书的设备去努力模仿纸书的阅读体验，很愚蠢，吃力不讨好，大屏手机和平板肯定会把单纯的电子数阅读器淘汰的。 //@文创小斌:收了~			2013001972	00	3537988275068143	1397721869328
1447731-	0		0	Sun Oct 16 00:36:52 +0800 2011			3368920123936267	3368920123936267				3368920123936267	0			0	<a href=" rel="nofollow">微博 weibo.com</a>	好文。欣赏。[亲亲]			2013001972	00	3368918354633961	1397721869329
1447732-	0		2	Thu Nov 07 11:18:17 +0800 2013			3641959606184070	3641959606184070				3641959606184070	0		#	3	<a href=" rel="nofollow">微博 weibo.com</a>	《程序员第二步――从程序员到项目经理》正在51CTO举办有奖问答赠书活动（总共5本）地址：			2013001972	00	0	1397721869329
1447733-	0		0	Tue Oct 04 03:19:46 +0800 2011			3364612464925810	3364612464925810				3364612464925810	0			0	<a href=" rel="nofollow">微博 weibo.com</a>	事实上，公平的讲，每个演员都演的很认真，很不错，之所以其它演员感觉不好，不能给人留下印象，是因为剧本太差，没有对人物的深刻刻画，没有激烈的矛盾冲突，以致演员演的再好也难以给观众留下深刻印象。			2013001972	00	0	1397721869330
1447734-	0		0	Fri Dec 23 12:42:55 +0800 2011			3393745215280458	3393745215280458				3393745215280458	0		#	0	<a href=" rel="nofollow">Android客户端</a>	原来可以这样往微博上发照片,的确很方便。[呵呵]			2013001972	00	0	1397721869330
1447735-	0		0	Sat Jun 02 14:41:00 +0800 2012			3452481772093647	3452481772093647				3452481772093647	0			0	<a href=" rel="nofollow">微博 weibo.com</a>	从目的看，有的时候很难区别欲望和理想，因为这二者追求的是同一样东西。如果欲望不仅仅是为了自己更好，而是为了更大多数人更好，那就是理想，理想是不自私的，而欲望是自私的。			2013001972	00	0	1397721869331
1447736-	0		0	Fri Nov 08 10:16:35 +0800 2013			3642306466721671	3642306466721671				3642306466721671	0			0	<a href=" rel="nofollow">微博 weibo.com</a>	你和我的感觉一样，我也是因为“黑客”两个字导致很久之后才阅读此书。这次换成这种风格的封面并且把“黑”字设成白色，也是为了弱化“黑”和“黑客”的视觉沉重感和惊悚感。 //@2gua:哟！精装本！[耶]			2013001972	00	3642142524181872	1397721869331
1447737-	0		0	Tue May 01 10:38:24 +0800 2012			3440824304116513	3440824304116513				3440824304116513	0			1	<a href=" rel="nofollow">Android客户端</a>	[可爱]			2013001972	00	3440823968882921	1397721869331
1447738-	0		1	Wed Oct 31 16:33:16 +0800 2012			3507230596635521	3507230596635521				3507230596635521	0			0	<a href=" rel="nofollow">微博 weibo.com</a>	祝贺新作热销！ //@卢金珠:俺的新书《微博问政》出版了，发个广告哈，请大家多支持！围观改变中国，转发就是力量，哦也~~~ [嘻嘻]			2013001972	00	3506508182298141	1397721869332
1447739-	0		0	Fri Mar 15 18:21:41 +0800 2013			3556180234108455	3556180234108455				3556180234108455	0			0	<a href=" rel="nofollow">微博 weibo.com</a>	Flash远去了，纪念一下我和Flash的缘分。今天无意中看到我过去写的一篇博文，突然想纪念一下Flash，毕竟我给它写过书。不想写长文，小短文纪念一下。 @Adobe中国官方微博 @Adobe中国技术社区 @Flash开发者大会 @FLASH路上			2013001972	00	0	1397721869332
1447740-	0		0	Fri May 11 13:55:28 +0800 2012			3444497775863784	3444497775863784				3444497775863784	0			0	<a href=" rel="nofollow">微博 weibo.com</a>	我还真碰上过不少这样的。			2013001972	00	3444497042212626	1397721869332
1447741-	0		0	Fri Jun 17 12:22:52 +0800 2011			12500974438	12500974438				5619039451463504736	0			0	<a href=" rel="nofollow">微博 weibo.com</a>	李开复老师很坏，在饭点来馋我们。			2013001972	00	12500161608	1397721869333
1447742-	0		0	Mon Jul 01 07:58:51 +0800 2013			3595161386876383	3595161386876383				3595161386876383	0			1	<a href=" rel="nofollow">微博 weibo.com</a>	加油耶稣			2013001972	00	0	1397721869333
1447743-	0		0	Wed Dec 28 07:43:59 +0800 2011			3395481925369973	3395481925369973				3395481925369973	0			0	<a href=" rel="nofollow">微博 weibo.com</a>	记上一笔，hold住我的快乐！ 			2013001972	00	0	1397721869334
1447744-	0		1	Fri Jun 24 17:46:28 +0800 2011			12906775682	12906775682				5621720438771663751	0		#	1	<a href=" rel="nofollow">微博 weibo.com</a>	史上最强的手机周边产品――美味的安卓棒棒糖^^			2013001972	00	0	1397721869334
1447745-	0		0	Tue Aug 20 10:34:40 +0800 2013			3613319988238413	3613319988238413				3613319988238413	0			0	<a href=" rel="nofollow">微博 weibo.com</a>	回复@图灵谢工:书名起的很好。 //@图灵谢工:哈哈，转图灵的领导和同事们看看。@陈冰_图书出版人			2013001972	00	3613314670064101	1397721869335
1447746-	0		3	Thu Mar 21 23:06:34 +0800 2013			3558426254561300	3558426254561300				3558426254561300	0			1	<a href=" rel="nofollow">微博 weibo.com</a>	没看这条消息之前我就对此有怀疑。 //@星河-作家:我记得了。假的！			2013001972	00	3558424879396219	1397721869335
1447747-	1		0	Mon Mar 18 11:28:13 +0800 2013			3557163345395582	3557163345395582				3557163345395582	0			1	<a href=" rel="nofollow">微博 weibo.com</a>	[呵呵] //@图灵de董苗苗:好书自然大卖[笑哈哈] //@安卓巴士开发者: [偷乐]非常感谢非虫养病接受我们的专访，祝他的书大卖！@陈冰_图书出版人 @图灵de董苗苗			2013001972	00	3557157733430367	1397721869335
1447748-	0		2	Mon Mar 18 20:29:45 +0800 2013			3557299626681226	3557299626681226				3557299626681226	0			1	<a href=" rel="nofollow">微博 weibo.com</a>	电脑中的战斗脑，计算机中的火箭机。			2013001972	00	3557292903793062	1397721869336
1447749-	0		0	Sun Apr 28 13:34:24 +0800 2013			3572053006998022	3572053006998022				3572053006998022	0			0	<a href=" rel="nofollow">百道网</a>	这种精神令人钦佩。希望下一步能找到方案有效降低成本和制作时间。 (评论给 王川：用心做一件“积德”的事-百道网    )			2013001972	00	0	1397721869336
1447750-	0		0	Tue Apr 23 18:47:16 +0800 2013			3570319808020658	3570319808020658				3570319808020658	0			0	<a href=" rel="nofollow">Android客户端</a>	《活着》果然是大师级作品噢，开篇第一句话就是大师级的，越看越棒。佩服佩服。[哈哈]			2013001972	00	0	1397721869336
1447751-	0		0	Mon Jun 27 20:14:28 +0800 2011			13127314456	13127314456				5622871833599496687	0			0	<a href=" rel="nofollow">微博 weibo.com</a>	注意：当当、卓越的网上试读里因为无法粘贴图片，所以看不到手绘漫画。实际的书中是带有手绘漫画的。漫画具体是啥样的你可以下载样章看到^^。样章可到这里下载：			2013001972	00	0	1397721869337
1447752-	0		0	Sat Jul 20 10:35:10 +0800 2013			3602086090123587	3602086090123587				3602086090123587	0			0	<a href=" rel="nofollow">微博搜索</a>	有医生说是感染，说恒温箱检查没问题。但如果婴儿体表被涂抹了不利于排汗散热的脂类物质，则即使恒温箱只有37度，只要持续足够的时间（几个小时），婴儿也会被严重灼伤！监控视频为什么丢失了，这点就很值得怀疑。			2013001972	00	3601730262175771	1397721869337
1447753-	0		0	Tue Jun 07 17:36:18 +0800 2011			11905688598	11905688598				5615409370878046115	0			0	<a href=" rel="nofollow">微博 weibo.com</a>	转发微博。			2013001972	00	11809237128	1397721869337
1447754-	0		4	Thu Jul 04 17:40:56 +0800 2013			3596395040471130	3596395040471130				3596395040471130	0		#	18	<a href=" rel="nofollow">分享按钮</a>	如何写出畅销计算机书 			2013001972	00	0	1397721869338
1447755-	0		0	Tue Jun 28 19:35:52 +0800 2011			13194633430	13194633430				5623232971626863850	0			0	<a href=" rel="nofollow">微博 weibo.com</a>	看着超爽，行云流水//@创意铺子：[good]			2013001972	00	13163543316	1397721869338
1447756-	0		0	Fri Apr 13 07:41:25 +0800 2012			3434256783612164	3434256783612164				3434256783612164	0			0	<a href=" rel="nofollow">Android客户端</a>	有些东西,就像夜空里最暗的星星,只有当你把目光从上面移开时,你才能发现它。[月亮]			2013001972	00	0	1397721869338
1447757-	0		0	Thu Nov 03 23:53:27 +0800 2011			3375794569474017	3375794569474017				3375794569474017	0			0	<a href=" rel="nofollow">微博 weibo.com</a>	世上只有妈妈好，有妈的孩子是个宝。嗯。			2013001972	00	3375770683015289	1397721869339
1447758-	0		0	Sat Apr 06 08:14:50 +0800 2013			3564000048452911	3564000048452911				3564000048452911	0			0	<a href=" rel="nofollow">微博 weibo.com</a>	碉堡！微软新研制的智能眼镜。 			2013001972	00	0	1397721869339
1447759-	0		0	Tue Sep 27 11:04:57 +0800 2011			3362192817117645	3362192817117645				3362192817117645	0			0	<a href=" rel="nofollow">微博 weibo.com</a>	如果你是决心在图书出版业做一番事业的人，有创业的激情，那么，你现在有一个机会作为创业者加入新成立的图书策划公司――北京犀水文化传播有限公司。犀水文化于今年3月成立，目标是以大众喜欢接受的方式向大众传播有正确价值观的文化和知识。			2013001972	00	0	1397721869340
1447760-	0		0	Tue Jul 12 17:54:29 +0800 2011			14256020084	14256020084				5628402037794374633	0			0	<a href=" rel="nofollow">微博 weibo.com</a>	刚才又想了想，大概其意义在于：如果你没有学过这些，你就不能从中挑选出你真正喜欢的东西。只有在你看过所有东西之后，你才知道你真正喜欢的是什么。没有比较，就没有选择。 //@陈禹成_图书出版人:同感。早知如此，干嘛还要每个人都要学这些东西呢。			2013001972	00	14255705521	1397721869340
1447761-	0		0	Wed Sep 05 12:03:44 +0800 2012			3486869037924464	3486869037924464				3486869037924464	0			0	<a href=" rel="nofollow">微博 weibo.com</a>	是的。人就该是这样的。 //@陈良乔:人，从来都是活在自己的理想中，而不是活在他人的口水中			2013001972	00	3484064957072804	1397721869340
1447762-	0		0	Wed Nov 16 20:20:38 +0800 2011			3380452058247878	3380452058247878				3380452058247878	0			0	<a href=" rel="nofollow">微博 weibo.com</a>	转发微博			2013001972	00	3380440612530194	1397721869341
1447763-	0		0	Mon Jul 09 11:16:23 +0800 2012			3465838621261888	3465838621261888				3465838621261888	0			1	<a href=" rel="nofollow">微博 weibo.com</a>	看到这样的夜空，能激发人思考一些更有意义的东西。			2013001972	00	3465665778329875	1397721869341
1447764-	0		0	Tue Mar 13 19:11:08 +0800 2012			3423196340482710	3423196340482710				3423196340482710	0			0	<a href=" rel="nofollow">微博 weibo.com</a>	萌翻了[哈哈]			2013001972	00	3422757671224611	1397721869341
1447765-	0		2	Sun May 26 12:17:42 +0800 2013			3582180564933131	3582180564933131				3582180564933131	0			0	<a href=" rel="nofollow">微博 weibo.com</a>	李开复老师玩微博高段位，只是不知道他的创新工场到底创出了啥新[疑问]			2013001972	00	0	1397721869342
1447766-	0		0	Sun Jun 24 10:48:46 +0800 2012			3460395857383110	3460395857383110				3460395857383110	0		#	0	<a href=" rel="nofollow">微博 weibo.com</a>	分享图片			2013001972	00	0	1397721869342
1447767-	0		0	Wed Apr 18 06:59:16 +0800 2012			3436058119390550	3436058119390550				3436058119390550	0			0	<a href=" rel="nofollow">Android客户端</a>	药粉应该不是用破鞋做的,应该是采用了其他更环保更绿色的生产工艺,比如臭袜子。 //@图书商报李鲆:有没有想过，胶囊如此，内容如何？ //@薛蛮子: //@Chinaventure张美梅: 其实昨天我也想做出老太太这样的决定，看见胶囊无法下咽！只能说一个没有民族责任感的企业及企业家永远不会成功！			2013001972	00	3435930319045056	1397721869342
1447768-	0		4	Thu Sep 29 18:42:18 +0800 2011			3363032688664094	3363032688664094				3363032688664094	0		#	1	<a href=" rel="nofollow">微博 weibo.com</a>	今天去西单图书大厦调查幼儿书的市场，发现三本我很喜欢的书。这三本书不仅幼儿会喜欢，大人也会喜欢。各自会有各自的体会。			2013001972	00	0	1397721869343
1447769-	0		0	Fri Apr 26 20:18:49 +0800 2013			3571430006785926	3571430006785926				3571430006785926	0		#	0	<a href=" rel="nofollow">JingMusic</a>	Jing.FM 重新创造了音乐搜索功能，体验一下第四代音乐产品的奇妙。我正在使用 @JingFm Web App，快来体验吧。 下载Jing iPhone应用 			2013001972	00	0	1397721869343
1447770-	0		1	Fri Jul 19 10:09:15 +0800 2013			3601717180212863	3601717180212863				3601717180212863	0			5	<a href=" rel="nofollow">微博 weibo.com</a>	一本字里行间充满了不屈不挠的码农正能量的程序员之书！爸爸妈妈没能力购买几百万的房子给我，但我时常会安慰自己，父母把我生的健康、聪明，还供我到大学毕业，已经足够了。比起有些人来，我还是幸运很多。			2013001972	00	3600370200360805	1397721869344
1447771-	0		0	Wed Jul 20 16:47:02 +0800 2011			14871380605	14871380605				3337274142114701	0			2	<a href=" rel="nofollow">微博 weibo.com</a>	识货的毕竟是少数，能识名著的则更少，世界上充满了不识货的编辑。 //@兔牙板砖:拒绝人也找好点理由			2013001972	00	14870962385	1397721869344
1447772-	0		0	Thu Jun 14 18:53:03 +0800 2012			3456893853354916	3456893853354916				3456893853354916	0		#	0	<a href=" rel="nofollow">Android客户端</a>	不知为么，今天地晚霞中好像有一些很丰富的东噻			2013001972	00	0	1397721869344
1447773-	0		0	Tue Mar 13 17:51:43 +0800 2012			3423176341707410	3423176341707410				3423176341707410	0			3	<a href=" rel="nofollow">微博 weibo.com</a>	@罗永浩 有句话给我留下很深刻的印象“……你还是改变了世界，你把世界变好了一点点。”作为一个编辑，多出一本好书，你就把世界变好了一点点。			2013001972	00	0	1397721869345
1447774-	0		0	Mon Jun 18 22:34:51 +0800 2012			3458399221991739	3458399221991739				3458399221991739	0			0	<a href=" rel="nofollow">微博 weibo.com</a>	大师真开悟之人。受教。@图灵谢工 @武卫东			2013001972	00	3454250720116170	1397721869345
1447775-	0		9	Sat Aug 24 13:46:39 +0800 2013			3614817853950887	3614817853950887				3614817853950887	0			1	<a href=" rel="nofollow">微博 weibo.com</a>	第二次购买了，非常棒的土蜂蜜，纯天然，无公害农产品，很浓稠（比我在超市买的都稠），推荐给吃货。 @冰雅冷轩 @璐柯艾特蜜 @马丁路德钢			2013001972	00	0	1397721869346
1447776-	0		0	Tue Sep 27 19:25:06 +0800 2011			3362318683673345	3362318683673345				3362318683673345	0			0	<a href=" rel="nofollow">微博 weibo.com</a>	很欣赏。			2013001972	00	3362316448055043	1397721869346
1447777-	0		0	Mon Jun 20 19:36:23 +0800 2011			12685927596	12685927596				5620264423376499370	0			1	<a href=" rel="nofollow">微博 weibo.com</a>	超人。鉴定完毕。			2013001972	00	11839835852	1397721869346
1447778-	1		1	Tue Sep 17 09:57:23 +0800 2013			3623457465746355	3623457465746355				3623457465746355	0			4	<a href=" rel="nofollow">微博 weibo.com</a>	转发微博			2013001972	00	3623454626878380	1397721869347
1447779-	0		0	Thu Mar 15 09:33:28 +0800 2012			3423775733724679	3423775733724679				3423775733724679	0			0	<a href=" rel="nofollow">Android客户端</a>	好嘞			2013001972	00	3423752253951292	1397721869347
1447780-	0		0	Thu May 02 20:46:35 +0800 2013			3573611316987665	3573611316987665				3573611316987665	0			1	<a href=" rel="nofollow">微博 weibo.com</a>	转发微博			2013001972	00	3557918009915921	1397721869348
1447781-	0		0	Tue Feb 05 20:37:24 +0800 2013			3542443649578553	3542443649578553				3542443649578553	0		#	2	<a href=" rel="nofollow">分享按钮</a>	最快学编程方法  陈冰  对于编程新手来说，如何在相对更短的时间内看完更多的技术书，我建议尝试一种新方法，以学一门新语言为例，先把该语言最经典一两本书买来，然后把与该语言密切相关(详见长微博) ...    （分享自 @长微博工具）			2013001972	00	0	1397721869348
1447782-	0		0	Tue Jul 02 16:11:26 +0800 2013			3595647737289240	3595647737289240				3595647737289240	0			0	<a href=" rel="nofollow">微博 weibo.com</a>	真理。 //@雷军:天使投资者最大的幸福就是 找到可以闭着眼睛投资的人，剩下的事情就是始终支持他，一直到成功！			2013001972	00	3594815063536226	1397721869348
1447783-	3		13	Thu Jun 27 13:33:58 +0800 2013			3593796165729024	3593796165729024				3593796165729024	0		#	31	<a href=" rel="nofollow">微博 weibo.com</a>	我曾经也泄气过，但是我经常能死灰复燃，顽强得很！虽然很累很累，但是内心还是很充实，一定要杀出条血路来，一定要成功，苦点儿累点儿也认了。――《程序员，你伤不起》 @马丁路德钢 @图灵教育 @周金桥 @安正超 @图灵谢工			2013001972	00	0	1397721869349
1447784-	0		0	Fri May 04 17:33:57 +0800 2012			3442016040263407	3442016040263407				3442016040263407	0			0	<a href=" rel="nofollow">Android客户端</a>	[爱你]			2013001972	00	3442015188656939	1397721869349
1447785-	0		0	Sun Mar 10 10:10:49 +0800 2013			3554244759737470	3554244759737470				3554244759737470	0			2	<a href=" rel="nofollow">微博 weibo.com</a>	[给力]			2013001972	00	3554240666013968	1397721869349
1447786-	0		1	Fri Apr 13 11:24:50 +0800 2012			3434313007983198	3434313007983198				3434313007983198	0			1	<a href=" rel="nofollow">Android客户端</a>	[嘻嘻]			2013001972	00	3434143180826428	1397721869350
1447787-	0		0	Thu Jun 23 01:15:00 +0800 2011			12803613284	12803613284				5621093854574670979	0			0	<a href=" rel="nofollow">微博 weibo.com</a>	我的好兄弟，要是你能到这里来看一看我的新住所，我会很高兴的。我现在已经有一个盼望已久的房间，它不再有倾斜的天花板，也没有带绿色边的蓝纸。我与一个十分有趣的家庭住在一起。――《亲爱的提奥：凡高自传》。			2013001972	00	0	1397721869350
1447788-	0		0	Mon Jun 13 09:23:27 +0800 2011			12227450842	12227450842				5617508875452724153	0			0	<a href=" rel="nofollow">微博 weibo.com</a>	当你把一个人身上的职务头衔去掉后，你看看他还剩下什么，这可以让你对一个人有更本质的判断。			2013001972	00	0	1397721869350
1447789-	0		0	Tue Aug 27 12:22:20 +0800 2013			3615883794258188	3615883794258188				3615883794258188	0		#	0	<a href=" rel="nofollow">微博 weibo.com</a>	#晾书评# 《程序员，你伤不起》 很真实，很实在。把书看了一遍了，真的学到了好多东西，真得很感谢你写的这本书，让我的目标有了新的方向。			2013001972	00	0	1397721869351
1447790-	0		0	Wed Sep 26 16:19:10 +0800 2012			3494543465181034	3494543465181034				3494543465181034	0			0	<a href=" rel="nofollow">微博搜索</a>	谢谢推荐[挤眼]			2013001972	00	3494182917983952	1397721869351
1447791-	3		21	Tue Jul 16 22:17:12 +0800 2013			3600813207316471	3600813207316471				3600813207316471	0			15	<a href=" rel="nofollow">微博 weibo.com</a>	感谢购买了这本书的读者朋友们，如果你们阅读后喜欢这本书，请在多看阅读上给本书发个评论哈，谢谢啦[太开心]。这本书还没能出版纸书（这年头识货的少啊），所以你们的评论很重要，评论攒多了，也许就有机会啦[抱抱]			2013001972	00	3594839096509779	1397721869352
1447792-	0		0	Thu Apr 12 07:39:51 +0800 2012			3433894001162537	3433894001162537				3433894001162537	0			1	<a href=" rel="nofollow">Android客户端</a>	[泪]			2013001972	00	3433888754333836	1397721869352
1447793-	0		0	Thu Feb 16 11:17:09 +0800 2012			3413654974203578	3413654974203578				3413654974203578	0			0	<a href=" rel="nofollow">微博 weibo.com</a>	这世界需要这种认真的态度。原版体操帝。 			2013001972	00	0	1397721869352
1447794-	0		5	Wed May 30 07:34:28 +0800 2012			3451287263788772	3451287263788772				3451287263788772	0			0	<a href=" rel="nofollow">Android客户端</a>	昨天认真的看了《你早该这么玩Excel》，的确是用心之作，不管从内容安排还是表现形式，很多细节都能看出是下了功夫的，再次赞一个！			2013001972	00	0	1397721869353
1447795-	0		4	Thu Dec 22 09:53:49 +0800 2011			3393340273546649	3393340273546649				3393340273546649	0		#	2	<a href=" rel="nofollow">微博 weibo.com</a>	注意啦，过年有团购意向的公司，欢迎团购《电脑使用说明书》（又名《电脑的幽默》）和《哥当年》这两本书。这是两本非常有趣和搞笑的书，正适合休闲阅读。请看看当当的读者评价： 			2013001972	00	0	1397721869353
1447796-	0		0	Thu Sep 29 18:44:13 +0800 2011			3363033170766713	3363033170766713				3363033170766713	0		#	0	<a href=" rel="nofollow">微博 weibo.com</a>	再一本。这本和《好朋友》小孩子会更喜欢。不过我也很喜欢。			2013001972	00	0	1397721869354
1447797-	0		0	Thu Apr 25 12:50:43 +0800 2013			3570954846620339	3570954846620339				3570954846620339	0		#	1	<a href=" rel="nofollow">Android客户端</a>	链接  @360网站卫士			2013001972	00	0	1397721869354
1447798-	0		0	Tue Jan 03 09:43:33 +0800 2012			3397686340263928	3397686340263928				3397686340263928	0		#	0	<a href=" rel="nofollow">微博 weibo.com</a>	德国红点设计大奖获得者刘松的第一本书――《我是设计师》将要出版了。五个入选封面中，各位更喜欢哪个。封面四：			2013001972	00	0	1397721869354
1447799-	0		0	Mon Sep 26 19:36:14 +0800 2011			3361959097464513	3361959097464513				3361959097464513	0		#	0	<a href=" rel="nofollow">微博 weibo.com</a>	（6）还有的卡扣做的像个小活门（图中中部偏左下的那个黑白插座），你必须先把卡扣向下扳动打开卡扣，然后才能拉出线缆，如果没有打开卡扣就直接往外拉线缆，你会把线缆拉坏，那将立马把你的维修推向难以收拾的地步。			2013001972	00	0	1397721869355
1447800-	0		0	Sat Jul 21 18:28:17 +0800 2012			3470295971092429	3470295971092429				3470295971092429	0			0	<a href=" rel="nofollow">微博 weibo.com</a>	“告诉你什么叫真的勇敢。和他比，我们就像把勇敢坚强挂嘴边的小丑。”			2013001972	00	0	1397721869355
1447801-	0		2	Sun Jul 24 10:31:32 +0800 2011			15162945262	15162945262				3338629195835516	0			3	<a href=" rel="nofollow">微博 weibo.com</a>	高铁的意义中有很大一部分是用来得瑟的。			2013001972	00	15152804138	1397721869355
1447802-	0		0	Sun May 20 21:44:03 +0800 2012			3447877189455577	3447877189455577				3447877189455577	0			1	<a href=" rel="nofollow">微博 weibo.com</a>	起好书名的确难，既要独立创新，不跟随，又要给力有感，直抒胸臆，难度可想而知。 //@图灵谢工:伤不起啊，伤不起。@陈冰_图书出版人 起书名比起人名还难了。 //@老赵:回复@堂主:凡人们都退散吧，有谁能比的过“WPF葵花宝典”么？			2013001972	00	3447791261527719	1397721869356
1447803-	0		0	Thu Oct 20 20:42:59 +0800 2011			3370673205171301	3370673205171301				3370673205171301	0			0	<a href=" rel="nofollow">微博手机版</a>	回复@出版人王彦亮:听大家的意见:-D //@出版人王彦亮:哈哈。我就说还是NONO好听嘛			2013001972	00	3370603872918796	1397721869356
1447804-	0		0	Tue Jun 07 17:36:47 +0800 2011			11905716466	11905716466				5615409495432103605	0			0	<a href=" rel="nofollow">微博 weibo.com</a>	转发微博。			2013001972	00	11809118804	1397721869356
1447805-	0		9	Sun Jun 19 20:01:37 +0800 2011			12637650946	12637650946				5619899840786266280	0		#	6	<a href=" rel="nofollow">微博 weibo.com</a>	我最爱的事业是图书策划，但业余也喜欢设计。在此展示一下我以前设计的两个商标。 守夜神商标：这是一个设计用于IT产品的商标。“守夜神”商标设计的灵感来源于《山海经》。《山海经》中有这样一段记载“有神人二八，连臂，为帝司夜于此野”。			2013001972	00	0	1397721869357
1447806-	0		0	Fri Sep 13 09:36:44 +0800 2013			3622002717692710	3622002717692710				3622002717692710	0			0	<a href=" rel="nofollow">专业版微博</a>	转发微博			2013001972	00	3621395647166733	1397721869357
1447807-	0		4	Tue Apr 03 08:56:56 +0800 2012			3430651904487793	3430651904487793				3430651904487793	0		#	5	<a href=" rel="nofollow">微博 weibo.com</a>	某大学生买了条棉被，从此没失眠过，但是寝室里其他人都失眠了。			2013001972	00	0	1397721869357
1447808-	0		0	Mon Jul 08 14:02:00 +0800 2013			3597789487169231	3597789487169231				3597789487169231	0			0	<a href=" rel="nofollow">微博 weibo.com</a>	难道我们用的浏览器不同？我用的IE8，就是发评论时一旦超字没有任何提示自动全部清空。			2013001972	00	3597782075830977	1397721869358
1447809-	0		0	Tue Jun 28 09:21:54 +0800 2011			13155755884	13155755884				5623074753630410465	0			1	<a href=" rel="nofollow">微博 weibo.com</a>	震撼！奥斯卡最佳短片。值得品味的作品。讲的是一只无翼鸟实现梦想的故事。让人印象深刻的是无翼鸟坚毅的表情，以及宁愿付出生命代价也要实现梦想的心。 			2013001972	00	0	1397721869358
1447810-	0		0	Wed May 01 16:27:56 +0800 2013			3573183845789568	3573183845789568				3573183845789568	0			1	<a href=" rel="nofollow">微博 weibo.com</a>	直到永远 			2013001972	00	0	1397721869359
1447811-	0		0	Fri Mar 22 11:14:38 +0800 2013			3558609478464283	3558609478464283				3558609478464283	0			0	<a href=" rel="nofollow">百道网</a>	回复@倪新玉:大师真性情[哈哈] (评论给 陈冰：你要做好一个编辑，必须忘记你是一个编辑-百道网    )			2013001972	00	0	1397721869359
1447812-	0		2	Tue May 15 08:13:46 +0800 2012			3445861340206065	3445861340206065				3445861340206065	0			9	<a href=" rel="nofollow">Android客户端</a>	【德国谚语管理学】1、一人努力是加法，团队努力是乘法。2、脑袋之所以是圆的，是要用来不断转换思路。3、找解决方案比纠结原因更优先。4、自己脚上没磨出老茧，不要驱使别人。5、会太多是糟糕组织的标志。6、想看清，其实只要换个视角。7、总有这种爱斯基摩人，拼命教非洲人如何生活。			2013001972	00	0	1397721869359
1447813-	0		0	Wed Jul 24 19:28:58 +0800 2013			3603669972471495	3603669972471495				3603669972471495	0			0	<a href=" rel="nofollow">微博 weibo.com</a>	没注意啊，居然是你翻译的，支持，请上坐。[xkl转圈]			2013001972	00	3603618126917639	1397721869360
1447814-	0		0	Sat Jun 16 21:56:34 +0800 2012			3457664811907918	3457664811907918				3457664811907918	0			1	<a href=" rel="nofollow">微博 weibo.com</a>	第一次见到这么美的海，这是星月夜下的海，梵高的海。			2013001972	00	0	1397721869360
1447815-	0		2	Sat Jul 07 10:15:57 +0800 2012			3465098641188605	3465098641188605				3465098641188605	0			0	<a href=" rel="nofollow">微博搜索</a>	看到保安中了两刀，但后来看保安爬起来了还走上去挥了两拳，以为不会有生命危险，没想到最后还是牺牲了……致敬！尤其致敬飞腿哥，扭转整个战局的一踹，没有他，还会有更多人中刀。			2013001972	00	3464927358204728	1397721869360
1447816-	0		1	Sun May 06 09:49:39 +0800 2012			3442623979285342	3442623979285342				3442623979285342	0			0	<a href=" rel="nofollow">Android客户端</a>	那些既不是我粉丝,又不是我关注的人,的人,拜托你们不要@我好吗？我跟你很熟么？[右哼哼]			2013001972	00	0	1397721869361
1447817-	0		0	Thu Jul 07 00:15:33 +0800 2011			13802678094	13802678094				5626273726874432508	0			0	<a href=" rel="nofollow">微博 weibo.com</a>	感谢大家积极参与了《电脑使用说明书》的有奖转发活动。说实话，我最初没想到会有这么多人参与转发^^。现在，转发活动已经结束。由有奖转发的抽奖功能随机抽取的三名中奖者已经产生，他们是：@阳光的fengxing @舒穆尔 @高顿金爵 恭喜这三位中奖者！			2013001972	00	0	1397721869361
1447818-	0		1	Fri Jul 27 14:22:50 +0800 2012			3472408524409640	3472408524409640				3472408524409640	0		#	0	<a href=" rel="nofollow">微活动</a>	我在“《设计X创业》中国交互设计体验日主题沙龙走入创新工场”活动中报名了 地址：			2013001972	00	0	1397721869361
1447819-	0		3	Thu Nov 17 14:26:58 +0800 2011			3380725438861439	3380725438861439				3380725438861439	0			0	<a href=" rel="nofollow">微博 weibo.com</a>	不赞同。没有人是平白无故幸运的。偶然中存在着必然。			2013001972	00	3380721550682635	1397721869362
1447820-	0		0	Wed Nov 16 21:08:54 +0800 2011			3380464196776793	3380464196776793				3380464196776793	0			0	<a href=" rel="nofollow">微博 weibo.com</a>	转发微博			2013001972	00	3375600083644162	1397721869362
1447821-	0		1	Wed Jun 08 22:35:30 +0800 2011			11989359898	11989359898				5615857559305365859	0			1	<a href=" rel="nofollow">微博 weibo.com</a>	晚上看了一部电影《太空牛仔》，很棒很有意义，伊斯特伍德自编自导自演的。推荐大家观看：			2013001972	00	0	1397721869363
1447822-	0		0	Sat Mar 08 14:58:59 +0800 2014			3685864078676400	3685864078676400				3685864078676400	0			0	<a href=" rel="nofollow">微博 weibo.com</a>				2013001972	00	0	1397721869363
1447823-	1		3	Mon Jan 06 11:08:52 +0800 2014			3663700508366066	3663700508366066				3663700508366066	0			2	<a href=" rel="nofollow">微博 weibo.com</a>	祝贺吉日的《程序员，你伤不起》荣获CSDN 2013年最具技术影响力原创图书TOP10：  本书位居新华书店计算机语言与程序类畅销榜第八名： 			2013001972	00	0	1397721869363
1447824-	0		0	Mon Jun 13 09:31:23 +0800 2011			12227852494	12227852494				5617510919857236322	0			0	<a href=" rel="nofollow">微博 weibo.com</a>	世界上最先进的国家是世界上最具危机意识的国家。看看美国给年轻人看的励志短片《DID YOU KNOW》，看看你正处于一个怎样的时刻：			2013001972	00	0	1397721869364
1447825-	1		8	Sun Jun 30 10:38:12 +0800 2013			3594839096509779	3594839096509779				3594839096509779	0		#	21	<a href=" rel="nofollow">微博 weibo.com</a>	《宇宙的背面》多看阅读试读与购买地址：  #本书带你触摸宇宙和生命的极致设计与磅礴气势#			2013001972	00	0	1397721869364
1447826-	0		0	Thu Jun 30 01:05:04 +0800 2011			13287189954	13287189954				5623688890839698591	0		#	0	<a href=" rel="nofollow">勋章馆</a>	三寸之舌，强于百万粉丝。昔日帝王一言九鼎，如今同学我才气逼人一言众人顶，并获得微博特发【一言九“顶”】勋章。			2013001972	00	0	1397721869364
1447827-	0		0	Sun Jan 06 15:16:47 +0800 2013			3531491336119066	3531491336119066				3531491336119066	0			2	<a href=" rel="nofollow">微博 weibo.com</a>	说的太对了。深以为是。			2013001972	00	3531459752812541	1397721869365
1447828-	0		0	Fri Aug 24 12:31:44 +0800 2012			3482527434512670	3482527434512670				3482527434512670	0		#	0	<a href=" rel="nofollow">分享按钮</a>	《为什么有些语言会生存下来，而另一些会消亡？》@图灵社区 			2013001972	00	0	1397721869365
1447829-	0		0	Sat Apr 28 07:19:29 +0800 2012			3439687081494327	3439687081494327				3439687081494327	0			0	<a href=" rel="nofollow">Android客户端</a>	#君临天下的感觉你有木有#早晨起来看微博，很容易让人产生一种皇帝批阅奏章，君临天下的幻觉。国家大事潮水般涌来，需要迅速作出各种判断，提出各种建议，各种转发，各种忧国忧民，各种踌躇满志，万物皆备于我！每个人心中都藏着一个披星戴月上朝堂的皇帝。早安，朋友！			2013001972	00	0	1397721869365
1447830-	0		0	Fri May 04 18:07:59 +0800 2012			3442024617404755	3442024617404755				3442024617404755	0			0	<a href=" rel="nofollow">Android客户端</a>	//@图灵谢工:转。 //@Rex_xu:转发微博			2013001972	00	3439590486663336	1397721869366
1447831-	0		2	Sun Jun 19 21:39:45 +0800 2011			12642394219	12642394219				5619925129555004060	0			0	<a href=" rel="nofollow">微博 weibo.com</a>	（3）放入红糖后，把口捏死，确保糖不会在蒸的过程中流出来。一个个包好糖后，就把待蒸的馒头放到盖垫上，让馒头继续发着，待馒头发了10分钟后，此时，就架上锅，在锅里倒入水（大约4公分高就可以），待水烧开后，就在笼屉里铺上笼布，然后把待蒸的馒头一个个摆上即可，然后大火蒸30分钟就可以吃了。			2013001972	00	0	1397721869366
1447832-	0		0	Tue Aug 13 13:30:34 +0800 2013			3610827539976261	3610827539976261				3610827539976261	0			0	<a href=" rel="nofollow">微博 weibo.com</a>	#晾书评# 《程序员，你伤不起》 作者写的很直白，反映了程序员这些的心理特征。我建议一直从事开发的人都来看一看。少走一些弯路。			2013001972	00	0	1397721869366
1447833-	0		1	Tue Jun 26 13:50:30 +0800 2012			3461166371754525	3461166371754525				3461166371754525	0			1	<a href=" rel="nofollow">微博 weibo.com</a>	总结到位。图灵图书，一直以来就是IT技术的传播者和程序员们的朋友。			2013001972	00	3461161518971156	1397721869367
1447834-	0		0	Mon May 21 15:20:20 +0800 2012			3448143011955097	3448143011955097				3448143011955097	0			0	<a href=" rel="nofollow">微博搜索</a>	转发微博			2013001972	00	3448139899936930	1397721869367
1447835-	0		0	Sat Aug 06 12:03:46 +0800 2011			3343363449645860	3343363449645860				3343363449645860	0			2	<a href=" rel="nofollow">微博 weibo.com</a>	你就让人家抱一会儿嘛。真是地。[抱抱]			2013001972	00	3343333668145944	1397721869367
1447836-	0		0	Tue Sep 25 15:25:47 +0800 2012			3494167638155498	3494167638155498				3494167638155498	0		#	1	<a href=" rel="nofollow">微博 weibo.com</a>	史上销量第一的IT图书谭浩强老师的《C程序设计》第一次有了伴侣书！销量超过1100万册，带领莘莘学子步入编程世界！但这本书存在的一些不足也给读者带来一定困惑和难度。因此，《C程序设计伴侣》应运而生！《伴侣》解答原书困惑开拓读者眼界，让C的学习变得更容易！ 当当预订：			2013001972	00	0	1397721869368
1447837-	0		0	Sat Feb 23 08:53:02 +0800 2013			3548789371338348	3548789371338348				3548789371338348	0			0	<a href=" rel="nofollow">微博 weibo.com</a>	[哈哈] //@周金桥:一定不要买杂粮的！			2013001972	00	3548771743398849	1397721869368
1447838-	0		0	Mon Jun 06 17:17:33 +0800 2011			11844448448	11844448448				5615033453869497092	0			0	<a href=" rel="nofollow">微博 weibo.com</a>	转发微博。			2013001972	00	11404829932	1397721869368
1447839-	0		0	Mon Jun 06 08:38:11 +0800 2011			11819128286	11819128286				5614899614093173824	0			0	<a href=" rel="nofollow">微博 weibo.com</a>	转发微博。			2013001972	00	11716802901	1397721869369
1447840-	0		0	Wed May 16 07:23:05 +0800 2012			3446210973475127	3446210973475127				3446210973475127	0			1	<a href=" rel="nofollow">Android客户端</a>	这绕口令不错[嘻嘻]。开复老师的回复有思想。 //@李开复:Making a difference to one person is making a difference to the world.			2013001972	00	3446094967083708	1397721869369
1447841-	0		5	Sun Aug 28 16:25:01 +0800 2011			3351401728191763	3351401728191763				3351401728191763	0			2	<a href=" rel="nofollow">微博 weibo.com</a>	很多作品不是文字不优美，而是感到这些文字在作者的胸腔和脑腔中反反复复犹犹豫豫琢琢磨磨了太久后才写出来，这些文字已经变成了工艺品，没有了灵魂和温度，总之，让人感到使文字活着的部分已经死去了。这样写文章是不行的，是不能打动人的。			2013001972	00	0	1397721869370
1447842-	0		0	Mon Apr 16 17:53:10 +0800 2012			3435497898776707	3435497898776707				3435497898776707	0			0	<a href=" rel="nofollow">Android客户端</a>	大概不止有一点点的认真。			2013001972	00	3435497156564268	1397721869370
1447843-	0		0	Fri Dec 30 19:15:27 +0800 2011			3396380724703361	3396380724703361				3396380724703361	0			0	<a href=" rel="nofollow">微博 weibo.com</a>	[哈哈]			2013001972	00	3396378581814006	1397721869370
1447844-	0		1	Wed Feb 01 22:52:21 +0800 2012			3408394096972647	3408394096972647				3408394096972647	0			0	<a href=" rel="nofollow">微博 weibo.com</a>	希望平安回家。			2013001972	00	3407896690164449	1397721869371
1447845-	0		2	Tue Mar 05 12:49:34 +0800 2013			3552472779717095	3552472779717095				3552472779717095	0			3	<a href=" rel="nofollow">微博 weibo.com</a>	这些委员们绝大多数都非富即贵，根本和稿费这种事无关，零星那么几个吃稿费的，都是稿费多的花不了的，谁还在乎普通作者的权益呢。 //@星河-作家:已经呼吁了N年了，继续呼。 //@王勇英:已经呼吁了N年了，继续呼。 //@商晓娜: 转发并关注。 //@余雷的微博:转发微博			2013001972	00	3552417603588587	1397721869371
1447846-	0		0	Fri Nov 11 09:06:09 +0800 2011			3378470375243782	3378470375243782				3378470375243782	0			0	<a href=" rel="nofollow">微博 weibo.com</a>	脸上布满灰尘，脚步却很轻松，大自然在和我谈心，用树木的语言，用小草的语言，还有鱼的语言，我没有听懂，但却知道说的都是好事情，我们用彼此都听不懂的语言交谈着，很容易就明白了对方，语言派不上用场的时候，心就开始交流了。			2013001972	00	0	1397721869372
1447847-	0		0	Mon Sep 10 20:53:55 +0800 2012			3488814401643741	3488814401643741				3488814401643741	0			0	<a href=" rel="nofollow">专业版微博</a>	转发微博			2013001972	00	3474969801958354	1397721869372
1447848-	0		0	Mon Jul 08 13:48:32 +0800 2013			3597786097956089	3597786097956089				3597786097956089	0			0	<a href=" rel="nofollow">微博 weibo.com</a>	回复@图灵刘美英:但至少不该自动全部清空吧，那用户之前输入的所有字不就白输入了。而且在超字前没有任何警告和提示。新浪微博这个地方的技术处理愚蠢到难以置信。 @微博小秘书 //@图灵刘美英:呵呵，任何情况下都不得超过140字，转发也一样。否则@加评论就能变得无限长，那可能就乱套了。			2013001972	00	3597782075830977	1397721869372
1447849-	0		0	Sat Sep 22 09:20:46 +0800 2012			3492988619470837	3492988619470837				3492988619470837	0			1	<a href=" rel="nofollow">微博 weibo.com</a>	转发微博			2013001972	00	3485177592810012	1397721869373
1447850-	0		1	Fri Jul 22 11:05:04 +0800 2011			15014763393	15014763393				3337912859390019	0			0	<a href=" rel="nofollow">微博 weibo.com</a>	个人不喜欢奈美良智的画，感觉不要儿童的天真，只感到邪恶和诡异。 //@文治图书:[抓狂] 显摆贴！			2013001972	00	15006006651	1397721869373
1447851-	0		0	Thu Jun 07 18:39:23 +0800 2012			3454353698976067	3454353698976067				3454353698976067	0			0	<a href=" rel="nofollow">Android客户端</a>	[爱你]			2013001972	00	3454348837551548	1397721869374
1447852-	0		1	Fri Jun 08 08:04:58 +0800 2012			3454556430371620	3454556430371620				3454556430371620	0			2	<a href=" rel="nofollow">Android客户端</a>	这个梦幻了			2013001972	00	3454555327548079	1397721869374
1447853-	0		5	Wed Oct 30 14:19:06 +0800 2013			3639106007119039	3639106007119039				3639106007119039	0		#	9	<a href=" rel="nofollow">微博 weibo.com</a>	看IT食物链底层来的人，如何迈出最大的一小步！回答深井冰级极富挑战性问题，赠书《程序员第二步――从程序员到项目经理》与《黑客与画家――来自计算机时代的高见》精装本。@图灵教育 活动地址：			2013001972	00	0	1397721869375
1447854-	0		0	Fri May 04 17:42:24 +0800 2012			3442018183752378	3442018183752378				3442018183752378	0			1	<a href=" rel="nofollow">Android客户端</a>	不妨也用四个字来形容一下此刻新娘的心情？ //@陈冰_图书出版人:听天由命？			2013001972	00	3442014555670586	1397721869375
1447855-	0		0	Mon May 14 18:31:16 +0800 2012			3445654347393677	3445654347393677				3445654347393677	0			0	<a href=" rel="nofollow">Android客户端</a>	[嘻嘻]			2013001972	00	3445654091486415	1397721869376
1447856-	0		0	Thu Jun 20 11:51:51 +0800 2013			3591233752260914	3591233752260914				3591233752260914	0			0	<a href=" rel="nofollow">投票</a>	我参与了@杭州微博城事 发起的投票【新手出事 你觉得驾校该负责吗？】，我投给了"应该，驾驶员技术培训不过关驾校难咎其责"这个选项。你也快来表态吧： 			2013001972	00	0	1397721869376
1447857-	0		0	Tue Jun 28 22:41:39 +0800 2011			13207875963	13207875963				2111106286442589	0			0	<a href=" rel="nofollow">微活动</a>	本书当当、互动出版、卓越、北京地区新华书店均已到货。全国其他地区新华书店也将很快到货。			2013001972	00	0	1397721869377
1447858-	0		0	Mon Jan 13 10:01:20 +0800 2014			3666220227985591	3666220227985591				3666220227985591	0			2	<a href=" rel="nofollow">微博 weibo.com</a>	大话重构之一：系统重构是个什么玩意儿 			2013001972	00	0	1397721869377
1447859-	0		0	Sun Sep 02 09:31:12 +0800 2012			3485743488107353	3485743488107353				3485743488107353	0			1	<a href=" rel="nofollow">Android客户端</a>	敬佩！			2013001972	00	3484686275907275	1397721869377
1447860-	2		6	Fri Jul 26 13:10:57 +0800 2013			3604299621755439	3604299621755439				3604299621755439	0			9	<a href=" rel="nofollow">微博 weibo.com</a>	专家建议退休年龄延至64岁，一年后，退休定为65。专家又齐心协力进一步研究，发现之前的计算是错的，最佳退休年龄应是73岁，一年后，定为73岁。后来发现退休金还是出现神秘缺口，专家们再次肩负起重任，经过连续仨月科技公关，终于发现84岁才是正宗的最佳退休年龄。儿子啊，明天扶爷爷奶奶上班去 好嘞			2013001972	00	0	1397721869378
1447861-	0		0	Wed May 30 07:15:42 +0800 2012			3451282545538944	3451282545538944				3451282545538944	0		#	0	<a href=" rel="nofollow">Android客户端</a>	分享图片			2013001972	00	0	1397721869378
1447862-	0		1	Tue May 29 11:46:29 +0800 2012			3450988298028283	3450988298028283				3450988298028283	0			1	<a href=" rel="nofollow">专业版微博</a>	这是两本适合任何人阅读的书，总有你需要的收获。			2013001972	00	3448549721032643	1397721869379
1447863-	0		0	Mon Jun 04 07:30:16 +0800 2012			3453098146403064	3453098146403064				3453098146403064	0			2	<a href=" rel="nofollow">Android客户端</a>	这样的新闻必转			2013001972	00	3452526835482467	1397721869379
1447864-	0		1	Thu Jun 28 16:31:56 +0800 2012			3461931769566568	3461931769566568				3461931769566568	0			0	<a href=" rel="nofollow">微博 weibo.com</a>	回复@ibuick:你这种书要是出了，只会让读者遭殃。			2013001972	00	3461915441468900	1397721869380
1447865-	0		0	Sat Mar 10 19:04:31 +0800 2012			3422107499173821	3422107499173821				3422107499173821	0			0	<a href=" rel="nofollow">微博 weibo.com</a>	外在的呱噪和抖机灵，正是内在寂寞和空虚的反射。			2013001972	00	0	1397721869380
1447866-	0		0	Thu Jun 14 18:07:55 +0800 2012			3456882494947158	3456882494947158				3456882494947158	0			0	<a href=" rel="nofollow">Android客户端</a>	每次看到这个图我都很不厚道的笑了[嘻嘻]			2013001972	00	3456881806937161	1397721869380
1447867-	0		1	Wed May 23 06:48:32 +0800 2012			3448738993844480	3448738993844480				3448738993844480	0			0	<a href=" rel="nofollow">Android客户端</a>	此话同意。不过真正要做到有难度。			2013001972	00	3429401947686691	1397721869381
1447868-	0		0	Thu Nov 07 19:08:29 +0800 2013			3642077944421052	3642077944421052				3642077944421052	0			1	<a href=" rel="nofollow">专业版微博</a>	转发微博			2013001972	00	3641755696521129	1397721869381
1447869-	0		0	Sat Apr 28 17:59:51 +0800 2012			3439848231253335	3439848231253335				3439848231253335	0			0	<a href=" rel="nofollow">Android客户端</a>	//@图灵谢工:好文，大实话。老实认真作出版的反而受到各方面的挤压。 //@武卫东:@图灵谢工 @图灵傅志红 @hi_jeanne //@孙月沐: //@朱亮亮Leon: 清醒的人其实很多。。 //@数字出版任翔: 回复@刘杲1931:值此产业转型和全球化的背景下，头脑清醒非常重要呀！			2013001972	00	3439050306042120	1397721869382
1447870-	0		0	Tue Jun 14 21:29:40 +0800 2011			12330026322	12330026322				5618067105225786543	0			0	<a href=" rel="nofollow">微博 weibo.com</a>	转发微博。			2013001972	00	12318880681	1397721869382
1447871-	0		0	Sat Mar 24 15:14:10 +0800 2012			3427122972300397	3427122972300397				3427122972300397	0			0	<a href=" rel="nofollow">微博 weibo.com</a>	有时，亲眼看到一个人的变化，所带给你的触动，不亚于山崩地裂。 #纵山崩地裂，也面不改色#			2013001972	00	0	1397721869383
1447872-	0		0	Mon Jun 24 16:12:18 +0800 2013			3592748848016967	3592748848016967				3592748848016967	0			0	<a href=" rel="nofollow">微博 weibo.com</a>	形象			2013001972	00	3592744972694721	1397721869383
1447873-	0		0	Tue Nov 01 11:54:20 +0800 2011			3374888820557971	3374888820557971				3374888820557971	0			0	<a href=" rel="nofollow">专业版微博</a>	这种介绍形式不错。但介绍的实在太差，看完后更不想买这些书了。感觉编辑对自己编辑的书根本就没感觉。			2013001972	00	3374601019598453	1397721869383
1447874-	0		1	Mon Sep 16 21:50:10 +0800 2013			3623274455954820	3623274455954820				3623274455954820	0			2	<a href=" rel="nofollow">微博 weibo.com</a>	好萌好可爱，快快回到妈妈碗里。			2013001972	00	3515635029518774	1397721869384
1447875-	0		2	Fri Apr 13 07:11:02 +0800 2012			3434249137345628	3434249137345628				3434249137345628	0			0	<a href=" rel="nofollow">Android客户端</a>	每次发有奖转发的时候才是偶粉丝增加迅速的时候,好给力的杯具啊[挖鼻屎]			2013001972	00	0	1397721869384
1447876-	0		0	Tue Jun 07 18:30:14 +0800 2011			11908665642	11908665642				5615423269392841641	0			1	<a href=" rel="nofollow">微博 weibo.com</a>	转发微博。			2013001972	00	11525898164	1397721869384
1447877-	1		2	Sat Mar 29 12:55:26 +0800 2014			3693443131456465	3693443131456465				3693443131456465	0			17	<a href=" rel="nofollow">微博 weibo.com</a>	为这本有趣的书，我不得不写篇“编辑的话”[阴险]			2013001972	00	3693027217371183	1397721869385
1447878-	0		1	Thu May 10 08:01:24 +0800 2012			3444046288653543	3444046288653543				3444046288653543	0			0	<a href=" rel="nofollow">Android客户端</a>	喜欢这句话，因为这句话说的是真理。知识真正被消化后，你是不会再见到完整的块状的知识的，因为它们已经被吸收转化为智慧。如果你还能拉出块状的知识,说明这些知识完全没有被你吸收。 //@李开复:我更喜欢”"Education is what is left after all that has been learnt is forgotten."			2013001972	00	3444010972933400	1397721869385
1447879-	0		0	Sat Jun 02 20:32:23 +0800 2012			3452570196720199	3452570196720199				3452570196720199	0			0	<a href=" rel="nofollow">Android客户端</a>	好傻的宝宝[哈哈]			2013001972	00	3452109234218764	1397721869386
1447880-	1		2	Tue Jul 23 10:56:18 +0800 2013			3603178572349706	3603178572349706				3603178572349706	0			2	<a href=" rel="nofollow">微博 weibo.com</a>	程序员是一个非常需要及时表扬的群体，他们一般很感性，而且工作也比较单调，生活比较封闭，一次真诚的赞美，对他们起到的激励作用胜过千百句语重心长的教导。《从程序员到项目经理》―――我正在读这本书，我得说，这本书写得很棒。			2013001972	00	0	1397721869386
1447881-	0		0	Sun May 13 10:53:03 +0800 2012			3445176641253201	3445176641253201				3445176641253201	0			2	<a href=" rel="nofollow">Android客户端</a>	能不能以后别再叨叨这种事了，养着如此庞大的政府机构，说这些有用吗。先把公务员队伍砍去百分之九十，把企业的税负砍去百分之五十，把加在企业和百姓头上的那些莫名其妙的限制砍去百分之九十，让企业和屁民靴微的能喘那么口气，不用你叨叨，企业自己就会给员工加薪的，屁民自己就能安居乐业的[哼]			2013001972	00	3445165463313683	1397721869386
1447882-	0		0	Fri Nov 01 13:33:51 +0800 2013			3639819395177697	3639819395177697				3639819395177697	0			0	<a href=" rel="nofollow">微博 weibo.com</a>	右上角的那位从穿着打扮和气质上看是自食其力有坚定毅力的，能不为浮躁所动。程序员的本质应是这样。 //@图灵刘紫凤:@陈冰_图书出版人			2013001972	00	3639810885436776	1397721869387
1447883-	0		0	Mon Jun 06 08:34:25 +0800 2011			11819019300	11819019300				5614898643430539954	0			0	<a href=" rel="nofollow">微博 weibo.com</a>	转发微博。			2013001972	00	11780476079	1397721869387
1447884-	0		0	Fri Mar 08 17:13:36 +0800 2013			3553626385025347	3553626385025347				3553626385025347	0		#	0	<a href=" rel="nofollow">微博 weibo.com</a>	国内第一本云计算网络书。云计算与大数据时代，网络技术人员必看！“弯曲评论”网站“拨云见日”系列热文加量10倍的强烈之书首次完整呈现。云计算时代，网络面临怎样的挑战？大数据之下，网络设计应着眼何处？虚拟化的最后1000米你该如何冲刺？OpenFlow、FCoE、FabricPath……是时候，重新设计互联网！			2013001972	00	0	1397721869387
1447885-	0		0	Thu Jun 21 17:08:16 +0800 2012			3459404207150792	3459404207150792				3459404207150792	0			1	<a href=" rel="nofollow">Android客户端</a>	这么强大的创造力，被教育之后都丧失了，想想就遗憾。			2013001972	00	3459100258401221	1397721869388
1447886-	0		0	Fri Jul 19 20:53:42 +0800 2013			3601879361295164	3601879361295164				3601879361295164	0			0	<a href=" rel="nofollow">微博 weibo.com</a>	前者是有信心创造出新的财富，所以无需省钱；后者是自知创造不出啥新价值了，所以必须省钱。 //@蒋涛CSDN:斯人已逝 ， 情何以堪？			2013001972	00	3601746485852439	1397721869388
1447887-	0		0	Tue May 01 12:34:02 +0800 2012			3440853408399229	3440853408399229				3440853408399229	0			1	<a href=" rel="nofollow">Android客户端</a>	通过设计完全可以做到在屏幕6寸甚至更大的情况下依然可以完全单手操作,至少可以单手操作打电话和发短信。 //@网络上的一个点:感觉屏幕在3.7-4.0就好。			2013001972	00	3440456790945843	1397721869388
1447888-	0		1	Sat Jun 25 15:47:42 +0800 2011			12973741790	12973741790				5622060918005564892	0			0	<a href=" rel="nofollow">微博 weibo.com</a>	IT书排行榜第1名的销量还不如有些类别第50名的销量。			2013001972	00	12972747720	1397721869389
1447889-	0		2	Sun Aug 19 21:29:51 +0800 2012			3480850915971931	3480850915971931				3480850915971931	0			0	<a href=" rel="nofollow">微博 weibo.com</a>	致个别“提勘误”走火入魔的人。我所指明确，你可对号入座！ @图灵谢工 @图灵教育 @图灵-袁野 @图灵郭志敏 @图灵刘紫凤 @图灵段宏宇 @图灵编辑小花 @图灵赵慧明 @陈良乔 @周金根 @马丁路德钢 @武卫东 @周金桥 @刘江总编 @图灵社区 @图灵乐馨 @图灵傅志红 @薛非_品悟C			2013001972	00	0	1397721869389
1447890-	0		1	Thu Jul 18 19:04:17 +0800 2013			3601489438097760	3601489438097760				3601489438097760	0			0	<a href=" rel="nofollow">微博 weibo.com</a>	回复@图灵刘美英:可读性不亚于黑客与画家。 //@图灵刘美英:看了@陈冰_图书出版人 的微博有两点赶脚：必须转发，有意思；必须看书，视角独特。嗨这周末赶紧下单，要不然都脚得错过了夏天又得错过秋天[转发]。			2013001972	00	3594839096509779	1397721869390
1447891-	0		9	Tue May 21 13:37:30 +0800 2013			3580388708330836	3580388708330836				3580388708330836	0		#	12	<a href=" rel="nofollow">微博 weibo.com</a>	《一个程序员的奋斗史》，极品公司中的极品人性和极品产品，一次次被自己帅醒。在现实与杯具中生存，在逆境与梦想中成长。无论在怎样的极品公司中，我都要前行，我都要取得进步！和大多数的应届毕业生一样，段伏枥也在简历中写下了浓重的一笔：精通C/C++。当当预订： @图灵教育			2013001972	00	0	1397721869390
1447892-	0		0	Thu Jun 16 16:39:39 +0800 2011			12448180722	12448180722				5618734538856328446	0			0	<a href=" rel="nofollow">微博 weibo.com</a>	深刻。//@畅销IT图书作者王达：看看各位高怎么学了//@图灵谢工：是不是营销的最高境界也如此啊。 //@王海鹏Seal:最后境界是客户无怨无悔吧？ //@宁高：案例教学法深得人心。 //@刘志强riliu：Google 和 Apple 做到了。 //@SYNNEX梁雁:高。			2013001972	00	12261621159	1397721869391
1447893-	0		1	Fri Aug 30 14:22:23 +0800 2013		type:Pointcoordinates:#40.069695#116.549484	3617001178169798	3617001178169798				3617001178169798	0			0	<a href=" rel="nofollow">Android客户端</a>	在书展发现有些日本和欧洲出版社出版的书的纸张中含有大量蚕丝，不知是为何？为了防静电还是为了那个味道？不过那个味道确实挺好闻。 我在:			2013001972	00	0	1397721869391
1447894-	1		0	Sat Jun 15 16:24:06 +0800 2013			3589490318294992	3589490318294992				3589490318294992	0			1	<a href=" rel="nofollow">微博 weibo.com</a>	神没有抛弃人类的证明。瞬间，光芒。			2013001972	00	3582147929433535	1397721869392
1447895-	0		1	Mon Mar 12 12:14:57 +0800 2012			3422729207890267	3422729207890267				3422729207890267	0			0	<a href=" rel="nofollow">微博 weibo.com</a>	现在所谓的教老年人学电脑的书，只是字印大了的普通电脑入门书。早在05年时我就曾想过写一本教老年人学电脑的书，但阴差阳错一直没有动笔，也一直没有找到其他适合写这本书的作者。现在市场上几十种教老年人学电脑的书，但没有一本老年人能看懂的。真遗憾。			2013001972	00	0	1397721869392
1447896-	0		2	Mon Jul 30 08:49:55 +0800 2012			3473411911062545	3473411911062545				3473411911062545	0			2	<a href=" rel="nofollow">微博 weibo.com</a>	现在铁道部花1850万拍天价宣传片的事被报道被揪出来了。但我想知道2010年国家汉办花费高达3520万元建孔子学院网站的事最后是咋回事了？			2013001972	00	3449865256393988	1397721869392
1447897-	0		0	Sat Oct 29 12:09:50 +0800 2011			3373805557125355	3373805557125355				3373805557125355	0			0	<a href=" rel="nofollow">微博 weibo.com</a>	每次看到您的大脑门，就觉得特亲切。这几句教诲，说的太棒了。			2013001972	00	3373795898153961	1397721869393
1447898-	0		4	Wed May 02 22:14:12 +0800 2012			3441361795382905	3441361795382905				3441361795382905	0		#	3	<a href=" rel="nofollow">微博 weibo.com</a>	拆掉思维里的墙，很不错的书			2013001972	00	0	1397721869393
1447899-	0		0	Thu Jun 16 09:51:53 +0800 2011			12422258032	12422258032				5618629458181144320	0			0	<a href=" rel="nofollow">微博 weibo.com</a>	说的太好了。			2013001972	00	12420371158	1397721869393
1447900-	0		0	Sun Jan 27 20:07:23 +0800 2013			3539174612877070	3539174612877070				3539174612877070	0			0	<a href=" rel="nofollow">微博 weibo.com</a>	回复@李宁_Lining: @不识跳蚤: 就是觉得带手机再加平板太麻烦，所以二合一。 //@李宁_Lining:7寸太小了，10寸适合看电影，5寸一下适合做手机， //@陈冰_图书出版人:我比较中意的是7寸的。[呵呵]			2013001972	00	3539162412255906	1397721869394
1447901-	0		2	Thu Jul 26 11:51:09 +0800 2012			3472007963912058	3472007963912058				3472007963912058	0			0	<a href=" rel="nofollow">微博 weibo.com</a>	昨天订的一批书到了，全是好书。《西藏生死书》、《罗生门》（很久以前看过，忘了，重读。一定要找林少华的译本）、《雪国》（看过，忘了，重读）、《九型人格》、《找寻真实的蒋介石：蒋介石日记解读》、《人类的群星闪耀时》、《平凡的世界》（看过，忘了，重读）。			2013001972	00	0	1397721869394
1447902-	0		5	Thu Jul 07 00:30:33 +0800 2011			13803553890	13803553890				5626277592345171767	0			0	<a href=" rel="nofollow">微博 weibo.com</a>	另外，@生活的美太美 @公子雪乡 @江南扣 这三位虽然没有在随机抽奖环节中被抽中，但由于其评论有打动人心之处，因此我临时决定增加三名特别幸运奖，上述三位特别幸运奖获得者每人将获赠本书一本。恭喜你们：）			2013001972	00	0	1397721869394
1447903-	0		1	Thu Nov 17 14:20:43 +0800 2011			3380723865683695	3380723865683695				3380723865683695	0		#	0	<a href=" rel="nofollow">微博 weibo.com</a>	《电脑使用说明书》自6月底上市以来，始终坚定地在当当计算机入门类图书中位居销量榜第一名。			2013001972	00	0	1397721869395
1447904-	1		3	Mon Jan 06 11:08:52 +0800 2014			3663700508366066	3663700508366066				3663700508366066	0			2	<a href=" rel="nofollow">微博 weibo.com</a>	祝贺吉日的《程序员，你伤不起》荣获CSDN 2013年最具技术影响力原创图书TOP10：  本书位居新华书店计算机语言与程序类畅销榜第八名： 			2013001972	00	0	1397721869395
1447905-	0		0	Thu Jul 11 11:46:31 +0800 2013			3598842555302064	3598842555302064				3598842555302064	0			0	<a href=" rel="nofollow">微博 weibo.com</a>	海报和海报宣传语做得很好。但直接放到封面上会更好。 //@图灵洁:转发微博			2013001972	00	3598840567386887	1397721869396
1447906-	0		0	Thu Jul 04 09:57:24 +0800 2013			3596278380230629	3596278380230629				3596278380230629	0			0	<a href=" rel="nofollow">微博 weibo.com</a>	为毛我觉得鼠标的原型看起来更酷呢。			2013001972	00	3596259472950728	1397721869396
1447907-	0		0	Fri Oct 21 00:21:29 +0800 2011			3370728192165386	3370728192165386				3370728192165386	0			0	<a href=" rel="nofollow">微博 weibo.com</a>	神奇//@菜小涓涓：//@微博搞笑排行榜：天下的母亲辛苦了！[心]			2013001972	00	3365513604549281	1397721869397
1447908-	0		0	Thu May 24 21:45:07 +0800 2012			3449327005229385	3449327005229385				3449327005229385	0			0	<a href=" rel="nofollow">微博 weibo.com</a>	因小失大的人，说到底，是没有大志向的人。			2013001972	00	0	1397721869397
1447909-	1		0	Thu Apr 10 10:58:12 +0800 2014			3697762283133770	3697762283133770				3697762283133770	0			0	<a href=" rel="nofollow">微博 weibo.com</a>	平静，平静			2013001972	00	0	1397721869397
1447910-	0		1	Fri Dec 30 08:56:43 +0800 2011			3396225007375463	3396225007375463				3396225007375463	0			0	<a href=" rel="nofollow">微博 weibo.com</a>	稀饭[嘻嘻]			2013001972	00	3396016289990418	1397721869398
1447911-	0		0	Tue Jul 12 22:34:15 +0800 2011			14276133306	14276133306				5628474133102869874	0			1	<a href=" rel="nofollow">微博 weibo.com</a>	严重同意！！！造福大众啊！！！ //@三石出版痴语:赞成，大同． //@蔡文胜上海:@华侨大学报 @歌手柏文 @凯恩斯 @王永利 @xixibaby @�婷婷MIKO @庄婧 @UP_Girls婷婷 @同志亦凡人 @三石出版痴语			2013001972	00	14248234926	1397721869398
1447912-	0		3	Thu Jul 25 10:27:38 +0800 2013			3603896133543014	3603896133543014				3603896133543014	0			3	<a href=" rel="nofollow">微博 weibo.com</a>	这本书老到看起来像是在Java诞生前出版的。牛X //@nikang:应该不是TIJ //@华章计算机科学:还是英文版《Java编程思想》呢 [可怜]			2013001972	00	3599157547939010	1397721869399
1447913-	0		0	Thu Apr 12 12:30:22 +0800 2012			3433967115762860	3433967115762860				3433967115762860	0		#	0	<a href=" rel="nofollow">微博 weibo.com</a>	这个粉丝数，值得抓图留念一哈。			2013001972	00	0	1397721869400
1447914-	0		1	Thu May 10 06:45:08 +0800 2012			3444027095694760	3444027095694760				3444027095694760	0			1	<a href=" rel="nofollow">Android客户端</a>	马克思的思想和理论已经被切成一段一段挑着来理解和贯彻了。[哼] //@西丰客人:很靓！那时候的政府貌似没有对私营报纸、出版社赶尽杀绝。			2013001972	00	3443883742135914	1397721869400
1447915-	0		0	Mon Aug 20 23:50:55 +0800 2012			3481248800169924	3481248800169924				3481248800169924	0			0	<a href=" rel="nofollow">微博 weibo.com</a>	什么叫牛人，不是把某个技术钻研透了就叫牛人了，真正的牛人应该是有远见卓识的，能在看不到还有东西可发明的地方创作出有大量用户群的需求点。发明语言也是一样，找不到需求点，发明语言也是重复发明轮子，没有意义。国人教育最大的失败在于已经把好奇的眼睛和不受束缚的脑仁给拿掉了。			2013001972	00	3473614554358100	1397721869401
1447916-	0		0	Mon May 28 21:23:34 +0800 2012			3450771137977089	3450771137977089				3450771137977089	0			0	<a href=" rel="nofollow">Android客户端</a>	记得看过一个美国的视频,校车停下时,前后左右各个路口的所有车辆都自觉的停下了,直到校车重新开走后,其他车才陆续开走。 //@徐昕:小沁沁小悦悦....			2013001972	00	3450756822560757	1397721869401
1447917-	0		1	Thu May 03 07:52:50 +0800 2012			3441507418202529	3441507418202529				3441507418202529	0			0	<a href=" rel="nofollow">Android客户端</a>	一直以来,星期四里就隐藏着一个巨大的秘密,那就是----------第二天就是星期五,哇卡卡[哈哈]			2013001972	00	0	1397721869402
1447918-	0		0	Mon Mar 12 12:38:27 +0800 2012			3422735122078295	3422735122078295				3422735122078295	0			0	<a href=" rel="nofollow">微博 weibo.com</a>	写计算机书，是要围绕着人来写，而不是围绕着软件和技术来写。			2013001972	00	0	1397721869402
1447919-	0		0	Mon Jul 04 12:55:04 +0800 2011			13598494964	13598494964				5625356197133591167	0			0	<a href=" rel="nofollow">投票</a>	我参与了投票【你认为哪位男明星最有男人味？】　 　投给&quot;周润发&quot; 这1个选项			2013001972	00	0	1397721869403
1447920-	0		0	Mon Apr 09 20:01:23 +0800 2012			3432993450495215	3432993450495215				3432993450495215	0			0	<a href=" rel="nofollow">Android客户端</a>	如果这本书是绘本,应该选上面的做封面。			2013001972	00	3432952375871351	1397721869403
1447921-	0		0	Wed Jun 06 09:32:06 +0800 2012			3453853586559308	3453853586559308				3453853586559308	0			0	<a href=" rel="nofollow">Android客户端</a>	是否适用，与行业有关。对于创新在企业生存发展中占重要地位的IT行业来说，工作环境的自由和人性化是十分重要的，当身体被束缚住的时候，脑袋也灵活不到哪儿去。			2013001972	00	3453680231152593	1397721869403
1447922-	0		0	Sun Apr 07 16:18:48 +0800 2013			3564484226242941	3564484226242941				3564484226242941	0			1	<a href=" rel="nofollow">微博 weibo.com</a>	我来赞助几本书吧[哈哈] //@朱君-Jason:iconfans五周年庆，正式开始报名！有赞助礼品的可以和我联系哟！[嘻嘻]			2013001972	00	3564391469524340	1397721869404
1447923-	0		0	Thu Dec 29 15:36:51 +0800 2011			3395963312060744	3395963312060744				3395963312060744	0			0	<a href=" rel="nofollow">微博 weibo.com</a>	靠。我一天到晚都是退下背。			2013001972	00	3395961617582005	1397721869404
1447924-	0		5	Mon Jul 08 13:32:33 +0800 2013			3597782075830977	3597782075830977				3597782075830977	0			3	<a href=" rel="nofollow">微博 weibo.com</a>	新浪微博发评论，一旦超过字数就自动清空，这难道正常吗？竟然一直没有人对此提出异议。 @微博小秘书			2013001972	00	0	1397721869404
1447925-	0		0	Tue Oct 09 17:47:47 +0800 2012			3499276808370966	3499276808370966				3499276808370966	0			0	<a href=" rel="nofollow">Android客户端</a>	有人给他制造种种困难，但他知道如何光荣的战胜它们。------《人类的群星闪耀时》			2013001972	00	0	1397721869405
1447926-	0		1	Thu Jun 28 16:16:35 +0800 2012			3461927906567455	3461927906567455				3461927906567455	0			0	<a href=" rel="nofollow">微博 weibo.com</a>	看你说的话，更进一步验证了我的判断，你，还根本不知道书该怎么写。			2013001972	00	3461915441468900	1397721869405
1447927-	0		0	Sat Aug 25 11:10:35 +0800 2012			3482869395591106	3482869395591106				3482869395591106	0			0	<a href=" rel="nofollow">微博 weibo.com</a>	这个辩护太给力了。[嘻嘻]			2013001972	00	3482868078632712	1397721869405
1447928-	0		6	Mon Mar 25 15:34:37 +0800 2013			3559762065041290	3559762065041290				3559762065041290	0			7	<a href=" rel="nofollow">微博 weibo.com</a>	我的科普著作《上帝笑了》在豆瓣阅读上架了[嘻嘻] @徐立冰2011 @星河-作家 @周金桥 @蒋金楠 @刘松soso @冰雅冷轩 @电子书人老老老牛 @马丁路德钢 @FullisNull @互动出版网china-pub @豆瓣阅读 @CCTV读书			2013001972	00	3559736941156357	1397721869406
1447929-	0		0	Wed Nov 09 19:33:35 +0800 2011			3377903499188622	3377903499188622				3377903499188622	0			0	<a href=" rel="nofollow">微博 weibo.com</a>	喜欢			2013001972	00	3377888034690302	1397721869406
1447930-	0		0	Mon Jul 22 12:14:36 +0800 2013			3602835893552219	3602835893552219				3602835893552219	0			0	<a href=" rel="nofollow">微博 weibo.com</a>	转发微博			2013001972	00	3602225853627586	1397721869406
1447931-	0		0	Fri Jul 26 17:31:31 +0800 2013			3604365191093409	3604365191093409				3604365191093409	0			1	<a href=" rel="nofollow">微博 weibo.com</a>	回复@周金桥:没事，73，84，这策略能省下一大笔钱了。 //@周金桥:只要8000万头不交还从别人交的那里拿，永远有缺口，永远是拆东墙补西墙！			2013001972	00	3604299621755439	1397721869407
1447932-	1		2	Fri Feb 14 11:42:58 +0800 2014			3677842216544067	3677842216544067				3677842216544067	0			2	<a href=" rel="nofollow">微博 weibo.com</a>	基础上不能与人并驾齐驱，永远不要谈超越别人。――读《自己设计制作CPU，自己设计制作计算机》有感，摘录部分于此：			2013001972	00	0	1397721869407
1447933-	0		0	Wed Jan 18 14:30:23 +0800 2012			3403194346052967	3403194346052967				3403194346052967	0			0	<a href=" rel="nofollow">微博 weibo.com</a>	卖磁带和懂音乐是截然不同的两回事。[xyj红包]			2013001972	00	0	1397721869408
1447934-	0		1	Fri Nov 11 12:41:19 +0800 2011			3378524528078931	3378524528078931				3378524528078931	0			0	<a href=" rel="nofollow">微博 weibo.com</a>	画面、音乐、配乐都堪称国际一流。唯独男主角的配音又把片子一棒子打回到国产片的水准。			2013001972	00	14569643666	1397721869408
1447935-	0		0	Thu Nov 07 19:45:14 +0800 2013			3642087179999639	3642087179999639				3642087179999639	0			0	<a href=" rel="nofollow">微博 weibo.com</a>	转发微博			2013001972	00	3642086676777161	1397721869409
1447936-	0		0	Tue Aug 20 10:34:40 +0800 2013			3613319988238413	3613319988238413				3613319988238413	0			0	<a href=" rel="nofollow">微博 weibo.com</a>	回复@图灵谢工:书名起的很好。 //@图灵谢工:哈哈，转图灵的领导和同事们看看。@陈冰_图书出版人			2013001972	00	3613314670064101	1397721869409
1447937-	0		0	Wed Mar 20 12:10:50 +0800 2013			3557898845779186	3557898845779186				3557898845779186	0			0	<a href=" rel="nofollow">微博 weibo.com</a>	这家伙的降落霸气得堪比坠毁！ 			2013001972	00	0	1397721869409
1447938-	0		0	Sun May 13 10:18:23 +0800 2012			3445167925629763	3445167925629763				3445167925629763	0			0	<a href=" rel="nofollow">Android客户端</a>	妈妈，节日快乐[爱你]，妈妈，健康长寿			2013001972	00	3445138380274384	1397721869410
1447939-	0		0	Wed Jun 27 07:19:31 +0800 2012			3461430362090451	3461430362090451				3461430362090451	0			2	<a href=" rel="nofollow">Android客户端</a>	谢谢科普			2013001972	00	3404298375524907	1397721869410
1447940-	0		0	Sun Jun 05 22:54:54 +0800 2011			11805678236	11805678236				5614749303119940206	0			0	<a href=" rel="nofollow">微博 weibo.com</a>	转发微博。			2013001972	00	11481366071	1397721869410
1447941-	0		0	Fri Nov 01 11:04:32 +0800 2013			3639781814380812	3639781814380812				3639781814380812	0			0	<a href=" rel="nofollow">微博 weibo.com</a>	下周就会预售，敬请关注。 //@施晓伟V5:上市了没？准备入手 //@图灵教育:如果转不动一个项目，何以转动一个公司！――这是真理。			2013001972	00	3639457452356327	1397721869411
1447942-	0		1	Thu Aug 29 16:07:27 +0800 2013			3616665226670161	3616665226670161				3616665226670161	0			1	<a href=" rel="nofollow">微博 weibo.com</a>	这个必须转[哈哈]			2013001972	00	3616662635254060	1397721869411
1447943-	0		0	Tue Jul 12 22:50:19 +0800 2011			14277519308	14277519308				5628478273451629232	0			0	<a href=" rel="nofollow">微博 weibo.com</a>	大禹说：遍访天下名山，总共五千三百七十座，行程六万四千零五十六里，这些名山分布在大地东西南北中各方。把以上这些名山记录在《五臧山经》中，原因是除此以外的小山太多，不值得一一记述。			2013001972	00	0	1397721869412
1447944-	0		0	Wed Jan 18 11:35:01 +0800 2012			3403150214189597	3403150214189597				3403150214189597	0			0	<a href=" rel="nofollow">投票</a>	我参与了@刘松soso 发起的投票【《我是设计师》封面设计方案，请大家帮忙选择你喜欢的】，我投给了"方案3"这1个选项。你也快来表态吧： 			2013001972	00	0	1397721869412
1447945-	0		0	Wed Jun 22 12:22:41 +0800 2011			12766323071	12766323071				5620894830091730152	0			0	<a href=" rel="nofollow">微博 weibo.com</a>	这年头还能记得和关注窦唯的人已经很少了。窦唯是我很喜欢的音乐人，虽然自从山河水之后就基本听不懂了，但还是喜欢，我想我喜欢的是他对音乐所持的执着态度。我买的他最后的一个专辑是《暮良文王》。 //@魏__力:我靠我靠我靠，窦唯终于又出声了。			2013001972	00	12733320494	1397721869412
1447946-	0		0	Sun Mar 31 20:14:43 +0800 2013			3562006885472600	3562006885472600				3562006885472600	0			2	<a href=" rel="nofollow">微博 weibo.com</a>	转发微博			2013001972	00	3521327128792334	1397721869413
1447947-	0		6	Tue Mar 11 09:49:41 +0800 2014			3686873404296437	3686873404296437				3686873404296437	0		#	0	<a href=" rel="nofollow">微博 weibo.com</a>	这两个封面哪个好：			2013001972	00	0	1397721869413
1447948-	0		0	Fri May 04 07:05:01 +0800 2012			3441857772470975	3441857772470975				3441857772470975	0			1	<a href=" rel="nofollow">Android客户端</a>	欣赏,共勉			2013001972	00	3441856535073595	1397721869414
1447949-	0		0	Fri Apr 20 06:50:25 +0800 2012			3436780663628992	3436780663628992				3436780663628992	0			0	<a href=" rel="nofollow">Android客户端</a>	家乡青岛还是比很多地方都要好！			2013001972	00	3436513658384686	1397721869414
1447950-	0		0	Mon Jun 27 00:47:42 +0800 2011			13077952286	13077952286				5622571160125431460	0			1	<a href=" rel="nofollow">微博 weibo.com</a>	太厉害了，一点破腚都没有！//@宋金：毫无ps痕迹！ //@葛旭峰: 毫无PS痕迹 //@雄辉的熊窝:毫无PS痕迹 //@黄次南：毫无PS痕迹 //@其中一个朱江: 毫无ps痕迹 //@互联网土人:毫无PS痕迹 //@龚民 ：毫无PS痕迹 //@阿图地图 :毫无PS痕迹 //@我是熊总 ：毫无PS痕迹 //@nirenda			2013001972	00	13066318475	1397721869415
1447951-	0		0	Mon Sep 26 19:20:34 +0800 2011			3361955155229471	3361955155229471				3361955155229471	0			0	<a href=" rel="nofollow">微博 weibo.com</a>	（3）卸螺丝时注意，有些螺丝是暗螺丝，你需要用针拨掉覆盖在螺丝上的塑料片后才能看到下面的螺丝。把底部螺丝全部卸掉后，把硬盘拆下来（硬盘上有个塑料片，可以让你揪着它把硬盘拽出来），然后把光驱拆下来，风扇盖板也要拆下来，硬盘、光驱、风扇盖板下面还有几个螺丝，也把它们拆下来。			2013001972	00	0	1397721869415
1447952-	0		0	Thu Sep 15 11:27:34 +0800 2011			3357849853898226	3357849853898226				3357849853898226	0			0	<a href=" rel="nofollow">微博 weibo.com</a>	朱生豪翻译的《莎士比亚》，古意文雅而不做作，很多句子的翻译十分经典。很多出版社都出了朱的翻译，但推荐译林出版社的《莎士比亚喜剧悲剧集》，整体装帧和印刷质量都不错，价格也很便宜。但译林出版社曾经出过《魔戒》三部曲的译本，则完全糟蹋了原著。			2013001972	00	0	1397721869415
1447953-	0		0	Fri Jun 14 16:21:52 +0800 2013			3589127381311148	3589127381311148				3589127381311148	0			0	<a href=" rel="nofollow">微博 weibo.com</a>	典型的头疼医头，脚疼医脚，翔疼医翔。			2013001972	00	3589089334442535	1397721869416
1447954-	0		0	Sat Mar 22 11:44:35 +0800 2014			3690888586643284	3690888586643284				3690888586643284	0			0	<a href=" rel="nofollow">微博 weibo.com</a>				2013001972	00	0	1397721869416
1447955-	0		0	Mon Aug 08 13:54:52 +0800 2011			3344116184262615	3344116184262615				3344116184262615	0			0	<a href=" rel="nofollow">微博 weibo.com</a>	回复@畅销IT图书作者王达:谢谢王达老师的支持[害羞] //@畅销IT图书作者王达:恭喜陈老师，又有新书要上市了。这个书名很吸引人			2013001972	00	3343802035337239	1397721869417
1447956-	0		0	Mon Jul 04 10:20:56 +0800 2011			13587110160	13587110160				5625316477455330089	0		#	0	<a href=" rel="nofollow">微博 weibo.com</a>	发现现在用的Banner没有很好的说明《电脑使用说明书》这本书的作用。昨天重新制作了Banner和海报页头。今天替换下当当和互动出版现在使用的。这是新Banner。			2013001972	00	0	1397721869417
1447957-	0		2	Wed Sep 05 15:48:09 +0800 2012			3486925513785160	3486925513785160				3486925513785160	0		#	1	<a href=" rel="nofollow">微博 weibo.com</a>	图灵三本新书（30天自制操作系统、HTTP权威指南、我是设计师），一上市，就都上了当当计算机新书热卖榜。PS：这三本书我都很喜欢。@图灵教育 @图灵社区 @图灵谢工			2013001972	00	0	1397721869418
1447958-	0		0	Tue Jan 17 17:11:32 +0800 2012			3402872521492917	3402872521492917				3402872521492917	0			0	<a href=" rel="nofollow">微博 weibo.com</a>	抱歉啊，之前转发的38位同学，因为我之前发活动时错把开始时间和结束时间设成一样了，虽然新浪后来给改过来了，但自动生成的活动图片上的活动截止时间仍然是错的，这个连新浪也没法改，所以最后我只能删除活动后，重新发了。给大家造成不便，还请见谅。[害羞]			2013001972	00	0	1397721869418
1447959-	0		0	Fri Nov 11 08:55:12 +0800 2011			3378467619964207	3378467619964207				3378467619964207	0			0	<a href=" rel="nofollow">微博 weibo.com</a>	要出类拔萃，就要努力，要超越出类拔萃，就要像心里想着美事的孩子一样一路疯跑下去。如果没有那么狂放的激情，试试在屁股上点把火。			2013001972	00	0	1397721869419
1447960-	0		0	Fri Jun 17 20:57:39 +0800 2011			12533053366	12533053366				5619172110124973796	0			0	<a href=" rel="nofollow">微博 weibo.com</a>	今天才知道一件事情，原来QQ的好友印象真的是好友们写的-_____-!!，以前一直以为是系统自动生成的-______-!!，觉得自己好傻。			2013001972	00	0	1397721869419
1447961-	0		0	Wed Aug 01 20:15:29 +0800 2012			3474309215181223	3474309215181223				3474309215181223	0		#	0	<a href=" rel="nofollow">微博 weibo.com</a>	晚上在车上看到彩虹，很完整。			2013001972	00	0	1397721869419
1447962-	0		0	Wed Jun 15 10:29:28 +0800 2011			12356203562	12356203562				5618268058161072093	0			0	<a href=" rel="nofollow">微博 weibo.com</a>	推荐《渴望生活》的理由（一句话）：作者欧文・斯通认为，最能打动读者的不是名人深厚的成就和辉煌，而是他们追求和探索的过程。七十余年来，梵高悲惨而成就辉煌的人生震撼无数读者。这部作品也成为欧文・斯通的成名作，被译成八十余种文字，发行数千万册，感动亿万读者。			2013001972	00	0	1397721869420
1447963-	0		0	Wed Aug 17 17:16:06 +0800 2011			3347428317415404	3347428317415404				3347428317415404	0			0	<a href=" rel="nofollow">微博 weibo.com</a>	三秒就会喜欢的音乐。Bill Conti -Gonna Fly Now-			2013001972	00	0	1397721869420
1447964-	0		0	Tue Jun 28 19:33:34 +0800 2011			13194494986	13194494986				5623232378921348398	0			0	<a href=" rel="nofollow">微博 weibo.com</a>	好想在上面打个滚儿			2013001972	00	13175315689	1397721869420
1447965-	0		0	Sun Aug 26 21:46:42 +0800 2012			3483391867021436	3483391867021436				3483391867021436	0			0	<a href=" rel="nofollow">微博 weibo.com</a>	桥还可以这样造。			2013001972	00	3483387170347155	1397721869421
1447966-	0		0	Mon Jan 02 22:37:14 +0800 2012			3397518673026840	3397518673026840				3397518673026840	0			0	<a href=" rel="nofollow">微博 weibo.com</a>	2012年最好的一点就是―――它绝对不是2011。			2013001972	00	0	1397721869421
1447967-	0		0	Mon Feb 13 10:56:25 +0800 2012			3412562588605988	3412562588605988				3412562588605988	0			0	<a href=" rel="nofollow">微博 weibo.com</a>	转发微博			2013001972	00	3407621476225267	1397721869421
1447968-	0		1	Tue Dec 25 16:27:16 +0800 2012			3527160410918046	3527160410918046				3527160410918046	0			1	<a href=" rel="nofollow">微博 weibo.com</a>	一个作者能写出1本真正让读者记住的书就算当得起作者这俩字；一个出版社能出版10本真正让读者记住的书就算当得起出版社这仨字。			2013001972	00	0	1397721869422
1447969-	0		0	Sat Jun 11 12:34:43 +0800 2011			12111574390	12111574390				5616815994140672532	0			1	<a href=" rel="nofollow">微博 weibo.com</a>	//@gracevip：转发微博。			2013001972	00	12087500576	1397721869422
1447970-	0		0	Fri Apr 13 08:12:53 +0800 2012			3434264706424403	3434264706424403				3434264706424403	0			0	<a href=" rel="nofollow">Android客户端</a>	所以最杰出的人是一定要退学的,比尔盖茨,乔布斯,拉里埃里森,戴尔四位杰出的“混球”都退学了。锐气和梦想是自己的,谁也夺不走,四年大学就能被夺走的,改成两年毕业也依然是个废物。走的慢些不怕,方向不错,生命最终比的是耐力。			2013001972	00	3434257697593925	1397721869422
1447971-	0		3	Thu Oct 11 08:16:07 +0800 2012			3499857718948052	3499857718948052				3499857718948052	0			0	<a href=" rel="nofollow">Android客户端</a>	强烈推荐名片全能王，手机拍名片，名片信息立刻存入通讯录。超方便！一定要分享给您： 			2013001972	00	0	1397721869423
1447972-	0		1	Tue May 08 12:30:22 +0800 2012			3443389196318621	3443389196318621				3443389196318621	0			0	<a href=" rel="nofollow">微博 weibo.com</a>	为什么我的 #时光巡礼# 无法使用啊[泪]			2013001972	00	0	1397721869423
1447973-	0		0	Wed Jun 29 09:29:57 +0800 2011			13226138290	13226138290				5623447913271807889	0			0	<a href=" rel="nofollow">微博 weibo.com</a>	即使生活使我们的肉体受苦，不正是生活使我们的精神变得丰富吗？――《亲爱的提奥：凡高自传》			2013001972	00	0	1397721869424
1447974-	0		0	Thu Oct 20 10:05:10 +0800 2011			3370512692877864	3370512692877864				3370512692877864	0			0	<a href=" rel="nofollow">微博 weibo.com</a>	看着都蛋疼。			2013001972	00	3370510819987856	1397721869424
1447975-	0		0	Sat Apr 06 07:52:46 +0800 2013			3563994494976294	3563994494976294				3563994494976294	0			1	<a href=" rel="nofollow">微博 weibo.com</a>	多纳税？养狗官！			2013001972	00	3563986279098843	1397721869425
1447976-	0		0	Mon Aug 05 22:39:43 +0800 2013			3608066635143699	3608066635143699				3608066635143699	0			1	<a href=" rel="nofollow">Android客户端</a>	我大PHP果然强势回归（且是同比涨幅最大的语言），把牛逼哄哄的Python甩落几条街。			2013001972	00	3608063270991393	1397721869425
1447977-	0		1	Tue Jun 04 08:59:56 +0800 2013			3585392282958539	3585392282958539				3585392282958539	0			9	<a href=" rel="nofollow">Android客户端</a>	好的小说都是反复修改多次的结果，开头尤其千锤百炼。开头不吸引人的，无一例外都是烂作。			2013001972	00	3585218465858889	1397721869425
1447978-	0		0	Tue Jan 01 15:47:05 +0800 2013			3529687013738620	3529687013738620				3529687013738620	0			0	<a href=" rel="nofollow">微博 weibo.com</a>	拼搏2013！			2013001972	00	0	1397721869426
1447979-	1		5	Sat Aug 03 22:01:27 +0800 2013			3607332229182218	3607332229182218				3607332229182218	0			2	<a href=" rel="nofollow">微博 weibo.com</a>	好声音第一季我最喜欢的云杰《鸿雁》没有导师转身，好声音第二季迄今为止我最喜欢的塔斯肯没有导师转身。两个真正的好声音。或许有遗憾才会被人记住。 			2013001972	00	0	1397721869426
1447980-	0		2	Wed Oct 23 12:43:00 +0800 2013			3636545107757202	3636545107757202				3636545107757202	0			1	<a href=" rel="nofollow">微博 weibo.com</a>	没有指纹识别无所，Retina屏才是关键。咕�			2013001972	00	0	1397721869427
1447981-	0		0	Thu Jun 13 16:03:09 +0800 2013			3588760283838186	3588760283838186				3588760283838186	0			0	<a href=" rel="nofollow">微博 weibo.com</a>	[good]			2013001972	00	3588757506289685	1397721869427
1447982-	1		0	Sat Sep 29 18:35:36 +0800 2012			3495664962554290	3495664962554290				3495664962554290	0			0	<a href=" rel="nofollow">专业版微博</a>	回复@Horacex:深以为是。不过，中国的教育，有时作为学生不得不去看懂他原本并不需要看懂的东西。这本书是为了把这个过程变得轻松一些。 //@Horacex:高级黑。如果你是学生，想学习C语言，这本书才是我看过的最好的：《 C语言程序设计：现代方法》 			2013001972	00	3495564140335373	1397721869428
1447983-	0		1	Tue Aug 20 13:56:18 +0800 2013			3613370731305487	3613370731305487				3613370731305487	0			4	<a href=" rel="nofollow">加网分享按钮</a>	谈谈纸书和电子书――以读者、作者、出版者的三重身份感受它 作者：陈冰    周围很黑，没有光。黎明前的黑暗让人很难受。我年初的时候写过一篇文章《纸的时代结束了》，我今天又写了这篇文章，谈谈我的一些不成熟的看法和感受。  			2013001972	00	0	1397721869428
1447984-	0		0	Tue Apr 17 06:51:58 +0800 2012			3435693890446374	3435693890446374				3435693890446374	0			0	<a href=" rel="nofollow">Android客户端</a>	但还需要一双能看到灵魂的眼睛。			2013001972	00	3435684851643089	1397721869429
1447985-	0		2	Sat Apr 21 18:43:57 +0800 2012			3437322630875923	3437322630875923				3437322630875923	0			1	<a href=" rel="nofollow">Android客户端</a>	这人得混蛋到什么份上才能干出这种事呢？！[怒]			2013001972	00	3437226971143242	1397721869429
1447986-	0		0	Sat Dec 24 11:48:36 +0800 2011			3394093935534947	3394093935534947				3394093935534947	0			0	<a href=" rel="nofollow">微博 weibo.com</a>	一部震慑人心、难以超越的科幻经典。深刻而直接了当的探究了人类的发展和人性的回归，在哲学思想探究的深度和广度上、在想象力的极限上，完胜黑客帝国与阿凡达。强烈推荐：			2013001972	00	0	1397721869430
1447987-	0		2	Wed Jun 15 19:19:38 +0800 2011			12387036812	12387036812				5618404681077166886	0			0	<a href=" rel="nofollow">微博 weibo.com</a>	京东商城送货的速度简直是超快啊，我今天上午9点下单买的书，下午3点就送到了。			2013001972	00	0	1397721869430
1447988-	0		0	Wed May 23 07:34:00 +0800 2012			3448750435764265	3448750435764265				3448750435764265	0			0	<a href=" rel="nofollow">Android客户端</a>	[哈哈][哈哈][哈哈]			2013001972	00	3448749479657784	1397721869430
1447989-	0		0	Thu May 03 07:47:03 +0800 2012			3441505962642926	3441505962642926				3441505962642926	0			0	<a href=" rel="nofollow">Android客户端</a>	[哈哈][哈哈][哈哈]			2013001972	00	3441505480253911	1397721869431
1447990-	0		0	Fri Feb 22 00:28:54 +0800 2013			3548300126619741	3548300126619741				3548300126619741	0			0	<a href=" rel="nofollow">微博 weibo.com</a>	很有兴趣			2013001972	00	3548157151453882	1397721869431
1447991-	0		0	Sat Jun 29 09:10:32 +0800 2013			3594454646610858	3594454646610858				3594454646610858	0			0	<a href=" rel="nofollow">微博搜索</a>	一窝畜牲			2013001972	00	3594418106217429	1397721869431
1447992-	0		0	Wed Jun 22 09:40:06 +0800 2011			12758690977	12758690977				5620852932683658038	0		#	0	<a href=" rel="nofollow">微博 weibo.com</a>	当当、互动出版、卓越，《电脑使用说明书》均已到货，即将在当当上的翻转Banner是这个样子地：			2013001972	00	0	1397721869431
1447993-	0		0	Tue May 21 16:20:33 +0800 2013			3580429737047802	3580429737047802				3580429737047802	0			0	<a href=" rel="nofollow">微博 weibo.com</a>	//@2gua: 《明解C语言》和《征服C指针》，两个配套看，才能征服C语言，今年图灵出版的两本C语言方面的经典重磅好书。你，值得拥有！[赞]			2013001972	00	3580406865465190	1397721869432
1447994-	0		3	Sun Aug 07 17:06:33 +0800 2011			3343802035337239	3343802035337239				3343802035337239	0		#	2	<a href=" rel="nofollow">微博 weibo.com</a>	《从今天起，成为尊贵的人》先秦国学图书征集封面及版式设计。具体要求见：			2013001972	00	0	1397721869432
1447995-	0		0	Mon Sep 26 19:43:08 +0800 2011			3361960834193667	3361960834193667				3361960834193667	0		#	0	<a href=" rel="nofollow">微博 weibo.com</a>	（7）通常有蓝色标志的线缆都意味着有卡扣锁。			2013001972	00	0	1397721869433
1447996-	0		0	Thu Mar 28 13:49:20 +0800 2013			3560822736945849	3560822736945849				3560822736945849	0			1	<a href=" rel="nofollow">微博 weibo.com</a>	[ok]			2013001972	00	3560812385772502	1397721869434
1447997-	0		0	Sat May 19 09:14:41 +0800 2012			3447326217591604	3447326217591604				3447326217591604	0			0	<a href=" rel="nofollow">微博 weibo.com</a>	ytyyd			2013001972	00	3447325441881448	1397721869434
1447998-	0		2	Thu Jun 23 17:49:50 +0800 2011			12836703437	12836703437				5621350221181468820	0			1	<a href=" rel="nofollow">微博 weibo.com</a>	回复@有熊来了:这是人之常情，因为我们都是普通人，就是圣贤，也有彷徨和质疑的时候。质疑是难免的，自我鼓励也是必须的。勇敢不是不害怕，而是明明害怕但依然会去做。 //@有熊来了:回复@陈禹成_图书出版人:难说啊~如果能够有这种判断的智慧的话，多半也就不需要靠“坚持就是胜利”这样的口号来鼓励、安			2013001972	00	12835794964	1397721869435
1447999-	3		1	Tue Apr 08 09:16:45 +0800 2014			3697011976884492	3697011976884492				3697011976884492	0			1	<a href=" rel="nofollow">微博 weibo.com</a>	很多事，一旦着手开始干了，其实会比之前想象的容易。 //@诗意联盟:我发表了这篇微博，帮我转发一下哈！@汤海龙北京 @陈冰_图书出版人 @武大沈阳 @武卫东 @Yolanda紫衣 @韩铮at_数云			2013001972	00	3696689598217294	1397721869435
1448000-	0		0	Wed Nov 02 23:59:33 +0800 2011			3375433714733293	3375433714733293				3375433714733293	0			0	<a href=" rel="nofollow">微博 weibo.com</a>	今天白天不开心，晚上又开心了。嗯，还是要继续长大。[呲牙]			2013001972	00	0	1397721869436
1448001-	0		2	Tue Aug 13 14:15:10 +0800 2013			3610838763675891	3610838763675891				3610838763675891	0			1	<a href=" rel="nofollow">微博 weibo.com</a>	自由，更多的自由，仿佛全知全能。 //@亚祁安:四维是怎样的？？？			2013001972	00	3610828328649806	1397721869436
1448002-	0		2	Sun Jul 01 21:15:36 +0800 2012			3463090320119931	3463090320119931				3463090320119931	0			1	<a href=" rel="nofollow">微博 weibo.com</a>	一个人，可能会说出言不由衷的话，但很难写下言不由衷的话。所以要了解一个人，可以看他写的文字。			2013001972	00	0	1397721869437
1448003-	0		0	Sat Apr 27 13:41:05 +0800 2013			3571692305135243	3571692305135243				3571692305135243	0			0	<a href=" rel="nofollow">微博 weibo.com</a>	我内心涌上一股难言的温情，仿佛是一片青草在风中摇曳，我看到宁静在遥远处波动。――《活着》。《活着》讲述了一个人与他的命运之间的友谊。――余华 我想说这是中国近30年来最好的一部小说。			2013001972	00	0	1397721869437
1448004-	0		0	Sat Jun 18 15:50:06 +0800 2011			12574928440	12574928440				5619463940260803576	0			0	<a href=" rel="nofollow">微博 weibo.com</a>	呵呵，这种心情太可以理解了。			2013001972	00	12535354642	1397721869438
1448005-	0		2	Thu Jun 28 17:37:40 +0800 2012			3461948312121920	3461948312121920				3461948312121920	0			2	<a href=" rel="nofollow">微博 weibo.com</a>	回复@Peterpetrelii:我当时的确不知道，这是实话。但他说我诱导他写盗版，那只能说是他恼羞成怒后的反应。你可以看一看，我说他头像都黑着灯呢，他就说我是对他进行人身攻击了，我真是无语。我只能说他太擅长篡改他人话语的意思了。			2013001972	00	3461915441468900	1397721869438
1448006-	0		0	Thu Aug 18 19:15:40 +0800 2011			3347820795226181	3347820795226181				3347820795226181	0			1	<a href=" rel="nofollow">微博 weibo.com</a>	这对白^^			2013001972	00	8766807280	1397721869439
1448007-	0		0	Wed Jul 04 09:17:11 +0800 2012			3463996688223170	3463996688223170				3463996688223170	0			0	<a href=" rel="nofollow">微博 weibo.com</a>	看到这条微博，好像看到一条可爱的小狗。 //@黄花猪猪:@安卓论坛 //@飞起来的小强: 感人。 //@数字尾巴:看到这一条，顿时心里都阳光起来了，许多时候，我们可能欲望太多，让生活太累，这样轻松的快乐，很感人~			2013001972	00	3463881215563096	1397721869439
1448008-	0		0	Tue Jul 12 11:44:48 +0800 2011			14228377180	14228377180				5628306771119559569	0			2	<a href=" rel="nofollow">微博 weibo.com</a>	总之，腰封的使用是有利有弊的。不管怎么说，如果要带腰封的话，那一定要把封面设计的即使在丢掉腰封后，依然会很显眼才行。另外，凡是你希望读者一定要看到的内容，一定要在腰封和封面上都有才行。			2013001972	00	0	1397721869439
1448009-	0		0	Fri Nov 11 08:57:37 +0800 2011			3378468227733597	3378468227733597				3378468227733597	0			0	<a href=" rel="nofollow">微博 weibo.com</a>	所有以前认为不可能发生的事情都发生了， 这是否意味着，所有以前没有做到的事情也是可以做到的。			2013001972	00	0	1397721869439
1448010-	0		0	Sun Aug 07 15:22:47 +0800 2011			3343775921781268	3343775921781268				3343775921781268	0			0	<a href=" rel="nofollow">微博 weibo.com</a>	理性。			2013001972	00	3343758796565801	1397721869440
1448011-	0		0	Wed May 16 08:23:40 +0800 2012			3446226215448959	3446226215448959				3446226215448959	0			1	<a href=" rel="nofollow">Android客户端</a>	我们对英雄的态度，是英雄可以为我们做的最后一件事。			2013001972	00	3445725973442773	1397721869440
1448012-	0		0	Thu Jul 21 23:20:00 +0800 2011			14986032829	14986032829				3337735423434533	0			0	<a href=" rel="nofollow">微博 weibo.com</a>	爆笑//@冷笑话精选：笑屎我了！[哈哈] [哈哈]			2013001972	00	14851676291	1397721869440
1448013-	0		0	Sat Apr 28 18:54:17 +0800 2012			3439861933806290	3439861933806290				3439861933806290	0			0	<a href=" rel="nofollow">Android客户端</a>	//@蒋涛CSDN://@符庆明://@小11: 哈哈//@李不凯: 擦，终于看懂了！//@蓝黑: 太冷了吧！[生病]//@教主: 哈哈//@饭稀: 最近又要火的一条微博//@fingki_li: [转发]//@木子岚岚: 哈哈，我也疑惑了。			2013001972	00	3439832837318291	1397721869441
1448014-	0		0	Thu Apr 10 10:38:30 +0800 2014			3697757325620039	3697757325620039				3697757325620039	0			0	<a href=" rel="nofollow">微博 weibo.com</a>	//@互动出版网china-pub: 转发微博			2013001972	00	3697050224792276	1397721869441
1448015-	0		0	Sun Jun 05 22:50:56 +0800 2011			11805394474	11805394474				5614748280917666187	0			0	<a href=" rel="nofollow">微博 weibo.com</a>	最后一句感人			2013001972	00	11518831183	1397721869442
1448016-	0		0	Tue May 01 09:58:26 +0800 2012			3440814250568189	3440814250568189				3440814250568189	0			1	<a href=" rel="nofollow">Android客户端</a>	正常通不过年检的,……之后就可以通过,这就是在中国年检的意义。[奥特曼]			2013001972	00	3440613322585674	1397721869443
1448017-	0		0	Tue Feb 28 15:33:06 +0800 2012			3418068040480176	3418068040480176				3418068040480176	0		#	1	<a href=" rel="nofollow">微博 weibo.com</a>	我知道你回来。			2013001972	00	0	1397721869443
1448018-	1		1	Mon Mar 18 09:01:54 +0800 2013			3557126523476204	3557126523476204				3557126523476204	0			1	<a href=" rel="nofollow">微博 weibo.com</a>	支持[给力]			2013001972	00	3557123055062907	1397721869444
1448019-	0		0	Sun Jun 24 10:42:58 +0800 2012			3460394397478952	3460394397478952				3460394397478952	0		#	0	<a href=" rel="nofollow">微博 weibo.com</a>	分享图片			2013001972	00	0	1397721869444
1448020-	0		2	Wed Jul 20 16:51:07 +0800 2011			14871686167	14871686167				3337275169746858	0			1	<a href=" rel="nofollow">微博 weibo.com</a>	现在开始反感那些只会在微博上耍嘴皮子的人了。貌似有思想，实则就像上菜时上来了一盘大便，的确会让食客感到很惊喜，但过后回想起来，其实不能增加你的营养，再过几年，脑海中留下的大概只有恶心了。			2013001972	00	0	1397721869445
1448021-	0		2	Fri Apr 27 09:15:32 +0800 2012			3439353898921807	3439353898921807				3439353898921807	0		#	2	<a href=" rel="nofollow">Android客户端</a>	昨天参加了央视《奋斗》栏目公开课, 习熠老师讲的很不赖,虽然拖堂了足足两个钟头,我还是坚持听完了,很有启发,午饭,嘉宾们扒的是 @鲜码头 的热乎儿的海鲜盒饭[嘻嘻]			2013001972	00	0	1397721869445
1448022-	0		2	Thu Mar 22 20:48:29 +0800 2012			3426482325926601	3426482325926601				3426482325926601	0			0	<a href=" rel="nofollow">微博 weibo.com</a>	只有什么都不做的人，才铁定不会犯错。			2013001972	00	0	1397721869446
1448023-	0		0	Wed Apr 09 09:40:07 +0800 2014			3697380245062417	3697380245062417				3697380245062417	0			2	<a href=" rel="nofollow">微博 weibo.com</a>	一本灰常好看的书[嘻嘻]			2013001972	00	3697225656626779	1397721869447
1448024-	0		0	Thu Jun 16 00:43:57 +0800 2011			12408974422	12408974422				5618488256833550907	0			0	<a href=" rel="nofollow">微博 weibo.com</a>	书的版式设计、封面设计，以及整体装帧方面我还有很多要学习的地方。			2013001972	00	0	1397721869447
1448025-	0		1	Tue Apr 17 12:23:45 +0800 2012			3435777390721756	3435777390721756				3435777390721756	0			1	<a href=" rel="nofollow">Android客户端</a>	转发微博			2013001972	00	3435764563711961	1397721869447
1448026-	0		1	Fri Jul 01 12:21:00 +0800 2011			13382846108	13382846108				5624234162868085598	0		#	3	<a href=" rel="nofollow">微博 weibo.com</a>	《电脑使用说明书》当当计算机类新书热卖榜上升2位。目前排第8。>_<郁闷。			2013001972	00	0	1397721869448
1448027-	0		0	Fri Mar 08 12:35:46 +0800 2013			3553556465988694	3553556465988694				3553556465988694	0			1	<a href=" rel="nofollow">微博 weibo.com</a>	不错嘞，帮转。			2013001972	00	3553505069665984	1397721869448
1448028-	0		0	Sun May 06 10:16:26 +0800 2012			3442630715543260	3442630715543260				3442630715543260	0			0	<a href=" rel="nofollow">Android客户端</a>	得亏人的嗅觉一般,要是把小狗带到高峰期的地铁上,肯定得把小狗熏晕。[挖鼻屎]			2013001972	00	0	1397721869448
1448029-	0		0	Mon Aug 19 15:19:43 +0800 2013			3613029344194859	3613029344194859				3613029344194859	0			0	<a href=" rel="nofollow">微博 weibo.com</a>	最近在写篇文章，略统计了一下，如果抛开文学类书的话，中国目前最火的两类书是公务员考试和饭局类的书。只要这两类书火，其他书都得死。			2013001972	00	0	1397721869449
1448030-	0		1	Wed Aug 28 16:51:36 +0800 2013			3616313953610996	3616313953610996				3616313953610996	0			1	<a href=" rel="nofollow">微博 weibo.com</a>	杨老师，别眼馋了，也一鼓作气，写本书吧。ps：当时写这个头衔时，的确觉得很贴切[哈哈]			2013001972	00	3616305100081099	1397721869449
1448031-	0		0	Thu Jul 05 15:27:58 +0800 2012			3464452386804385	3464452386804385				3464452386804385	0			0	<a href=" rel="nofollow">微博 weibo.com</a>	[给力]			2013001972	00	3463740390926041	1397721869449
1448032-	0		0	Mon Apr 23 06:52:56 +0800 2012			3437868460828711	3437868460828711				3437868460828711	0			0	<a href=" rel="nofollow">Android客户端</a>	转发微博			2013001972	00	3437860584148666	1397721869450
1448033-	0		6	Mon Mar 05 10:54:18 +0800 2012			3420172196759781	3420172196759781				3420172196759781	0			6	<a href=" rel="nofollow">微博 weibo.com</a>	同时也发现图书市场的跟风出书现象是愈演愈烈了。一个书架，放眼望去，几乎所有的书都叫同一个名字。这个书架是整整一书架的张三，旁边是整整一书架的李四，蔚为壮观。就不能让手歇歇，让脑子动动么。			2013001972	00	0	1397721869450
1448034-	0		1	Sat Jul 30 08:41:59 +0800 2011			15647679992	15647679992				3340775954307869	0			0	<a href=" rel="nofollow">微博 weibo.com</a>	最可悲的不是人民不相信政府，而是政府不相信它的人民。			2013001972	00	0	1397721869450
1448035-	0		2	Thu Apr 12 07:50:14 +0800 2012			3433896618377027	3433896618377027				3433896618377027	0			2	<a href=" rel="nofollow">Android客户端</a>	作者有时问我写书该怎么写,我的回答总是心里怎么想就怎么说,书的价值和作者的价值就在于发表个人观点,直抒胸臆。只有民族的才是世界的,只有个人的才是有参考价值的。况且,说到底,无论你如何纠结,你发表的也只能代表你个人的观点。判断和取舍是读者的义务,不是作者的。			2013001972	00	0	1397721869450
1448036-	0		0	Fri May 18 08:05:00 +0800 2012			3446946293784506	3446946293784506				3446946293784506	0			0	<a href=" rel="nofollow">Android客户端</a>	创新很难,短期风险未知,但只有创新才有希望才真正有价值；跟风很容易,且短期风险最小,但没有核心竞争力,迟早必被淘汰。没有最先爬上陆地的鱼,没有人知道这是可以做到的,一次创新引发的距离,就是你和鱼缸中鱼的距离。一个不鼓励创新的国家,必然山寨横行,而这样的状态,又能维持多久。			2013001972	00	0	1397721869451
1448037-	0		9	Thu Jan 17 09:16:59 +0800 2013			3535387047252852	3535387047252852				3535387047252852	0		#	11	<a href=" rel="nofollow">分享按钮</a>	纸的时代结束了 作者：陈冰 出版业即将发生巨变，这是革命性的变革――纸的时代结束了。在5到8年内，纸质书将实质性消亡。电子书，准确地说是系统性知识的数字化传播方式将占到市场份额的90%，我称之为知识的数字化服务时代。(详见长微博) ...    （分享自 @长微博工具）			2013001972	00	0	1397721869451
1448038-	0		1	Wed Jun 26 16:57:17 +0800 2013			3593484953228485	3593484953228485				3593484953228485	0			8	<a href=" rel="nofollow">Android客户端</a>	阅读不是已经爆过了吗。			2013001972	00	3593476211615820	1397721869451
1448039-	0		0	Mon Mar 12 12:32:58 +0800 2012			3422733742131086	3422733742131086				3422733742131086	0			0	<a href=" rel="nofollow">微博 weibo.com</a>	老年人学电脑的目的不是学习电脑基础知识，而是用电脑来丰富他的生活，便捷他的生活。老年人学电脑不是为了完成工作，而是为了完成生活。			2013001972	00	0	1397721869452
1448040-	0		0	Fri Sep 07 06:50:22 +0800 2012			3487514951782681	3487514951782681				3487514951782681	0			0	<a href=" rel="nofollow">微博 weibo.com</a>	看这个视频，最大的感触是，在印度发生车祸后周围的人们去立刻冲上前去帮助车祸受伤的人，而我们这里不是围观看热闹就是有多远躲多远。			2013001972	00	3485579251725184	1397721869452
1448041-	0		0	Tue Mar 06 15:58:15 +0800 2012			3420611076106388	3420611076106388				3420611076106388	0			0	<a href=" rel="nofollow">微博 weibo.com</a>	你不能将你做的任何一件事情与你的整个自我等同。你应当是一条河流，而不是一座雕像。			2013001972	00	0	1397721869452
1448042-	0		0	Fri Aug 02 11:34:33 +0800 2013			3606812076767225	3606812076767225				3606812076767225	0			1	<a href=" rel="nofollow">微博 weibo.com</a>	人活着，是为了比出生时有一点进步，或者说是为了带着更美一点、更崇高一点的灵魂死去。――稻盛和夫			2013001972	00	0	1397721869452
1448043-	0		0	Sat Jun 11 22:02:08 +0800 2011			12144674058	12144674058				5616962216309131188	0			0	<a href=" rel="nofollow">微博 weibo.com</a>	我知道有人就是这么睡觉的//@云筝居士：好可爱好可爱好可爱哦[亲亲]			2013001972	00	10242241402	1397721869453
1448044-	0		2	Sat Jun 30 00:18:01 +0800 2012			3462411451194863	3462411451194863				3462411451194863	0			0	<a href=" rel="nofollow">微博 weibo.com</a>	最近这些天，我写的《电脑使用说明书》在当当的销售掀起一个小高潮，销量和评论数增加迅速，感谢读者的支持。有个别读者疑书中内置广告，我在此郑重声明，我在书中讲解杀毒时使用了KV2009为例，因为我认为这款杀毒软件最棒，我电脑上装的也是这款，这不是广告，我也没有收取 @江民科技 的任何好处。			2013001972	00	0	1397721869453
1448045-	0		0	Mon Sep 10 20:13:03 +0800 2012			3488804117618663	3488804117618663				3488804117618663	0			0	<a href=" rel="nofollow">专业版微博</a>	转发微博			2013001972	00	3476050354603856	1397721869453
1448046-	0		0	Sat Sep 29 13:02:14 +0800 2012			3495581068223336	3495581068223336				3495581068223336	0			0	<a href=" rel="nofollow">微博 weibo.com</a>	#《电脑使用说明书》的读者评论# 这是来自当当的读者评论：“那么专业的书，一开始打开看到全是字和专业术语，以为很难看懂，没想到连九岁的儿子都看的津津有味，我也看了几页，语言诙谐幽默，也很容易看懂。”读者真诚的评论，总是让我欢乐和感动。			2013001972	00	0	1397721869454
1448047-	0		0	Sat Feb 25 16:19:25 +0800 2012			3416992524053431	3416992524053431				3416992524053431	0			0	<a href=" rel="nofollow">微博 weibo.com</a>	铁甲钢拳，2011最棒的片子。			2013001972	00	0	1397721869454
1448048-	0		6	Wed Jul 17 20:09:07 +0800 2013			3601143366137249	3601143366137249				3601143366137249	0			7	<a href=" rel="nofollow">微博 weibo.com</a>	这真是我大爱的封面设计啊。大众哲学书就该是这样的。			2013001972	00	3600794198637426	1397721869454
1448049-	0		0	Sat Apr 28 22:03:58 +0800 2012			3439909668587464	3439909668587464				3439909668587464	0			0	<a href=" rel="nofollow">微博 weibo.com</a>	[怒]			2013001972	00	3434843579200205	1397721869454
1448050-	0		0	Fri Jun 28 11:51:26 +0800 2013			3594132754448017	3594132754448017				3594132754448017	0			0	<a href=" rel="nofollow">微博 weibo.com</a>	回复@图灵乐馨:这书能畅销，关键不在于写得怎样（内容很一般），关键在于心理暗示和投其所好，有钱人都用长钱包，读者会琢磨我用了长钱包就更容易成为有钱人，作者再打哪儿指哪儿的给出一堆理由，就更令人信服，而且关键是这点很容易做到，一点都不难，而且没有任何损失，不妨一试啊。			2013001972	00	3593474072640793	1397721869455
1448051-	0		1	Tue Jun 05 20:27:23 +0800 2012			3453656097455610	3453656097455610				3453656097455610	0			0	<a href=" rel="nofollow">微博 weibo.com</a>	杜龙是个很有责任心的作者，我相信你的下一本书会大卖。 //@演绎生动Excel图表:【使用转发抽奖平台，作者借势送出两本[包邮]：价值￥98元《#演绎生动:Excel图表#》】只要在2012-6-1 ~ 2012-6-15 日期间： 1) 转发本微博；2) 并@ 两枚好友。就有机会抽得，从速转起！！			2013001972	00	3452090107712323	1397721869455
1448052-	0		2	Tue Sep 03 13:05:18 +0800 2013			3618431330857094	3618431330857094				3618431330857094	0			0	<a href=" rel="nofollow">微博 weibo.com</a>	恭喜5位幸运的童鞋。好吃请在豆瓣给本书打10分。[抱抱] //@2gua:[嘻嘻] //@图灵刘紫凤: 恭喜大家，如果私信我没有及时回复的，请给我留言。			2013001972	00	3618427274859285	1397721869455
1448053-	2		3	Mon Mar 25 13:54:45 +0800 2013			3559736941156357	3559736941156357				3559736941156357	0		#	19	<a href=" rel="nofollow">微博 weibo.com</a>	科普佳作《上帝笑了》豆瓣阅读开售 @图灵教育			2013001972	00	0	1397721869456
1448054-	0		0	Fri Jul 01 09:47:08 +0800 2011			13372301778	13372301778				5624194511727805182	0			2	<a href=" rel="nofollow">微博 weibo.com</a>	泰国催泪广告！闪耀人性光辉。她对孩子们说：“有价值的人生，不是拥有金钱、声誉或长寿的人生。真正有价值的人生，是我们自己是有价值的人，并使别人的人生具有价值。”注意2分58秒最后一句广告词堪称经典！ 			2013001972	00	0	1397721869456
1448055-	0		1	Sat Jun 25 16:18:51 +0800 2011			12975913686	12975913686				5622068945299898772	0			1	<a href=" rel="nofollow">微博 weibo.com</a>	无语转发。			2013001972	00	12950118118	1397721869457
1448056-	0		0	Sat Aug 06 12:11:41 +0800 2011			3343365441657027	3343365441657027				3343365441657027	0		#	0	<a href=" rel="nofollow">微博 weibo.com</a>	人值钱就值钱在实诚上。			2013001972	00	0	1397721869457
1448057-	0		0	Thu Nov 24 12:05:49 +0800 2011			3383226632060413	3383226632060413				3383226632060413	0			0	<a href=" rel="nofollow">微博 weibo.com</a>	鹦鹉最聪明最可爱了。			2013001972	00	3383204054301688	1397721869457
1448058-	0		0	Wed Aug 22 12:05:21 +0800 2012			3481796014969347	3481796014969347				3481796014969347	0		#	0	<a href=" rel="nofollow">分享按钮</a>	《千淘万漉虽辛苦，吹尽狂沙始见金》@图灵社区 			2013001972	00	0	1397721869458
1448059-	0		0	Sun Aug 28 16:33:30 +0800 2011			3351403863287018	3351403863287018				3351403863287018	0			1	<a href=" rel="nofollow">微博 weibo.com</a>	太磨多久，过于精美的文字是不能打动人的。当然，直抒胸臆并不容易，事实上，直抒胸臆是难的技巧。我能想到的一个办法就是阅读名著，因为名著都是如此，看多了，慢慢的或者有一天就会领悟。			2013001972	00	0	1397721869458
1448060-	1		4	Tue Aug 13 13:33:42 +0800 2013			3610828328649806	3610828328649806				3610828328649806	0			3	<a href=" rel="nofollow">微博 weibo.com</a>	#晾书评# 《宇宙的背面》 看的过程中就想到一部电影＜盗梦空间＞ 那些我们未知又 无法碰触的空间是我们可望而不可及的 书中对一维 二维 三维 四维解释的条理清楚又生动 如果能配上图读起来会更轻松一些 不过给读者宽阔的想象空间让每个人心中有自己独一无二的想象画面 或许是这本书最吸引人的地方吧?			2013001972	00	0	1397721869458
1448061-	0		3	Mon Jul 18 22:02:09 +0800 2011			14734209462	14734209462				3336628667986017	0		#	1	<a href=" rel="nofollow">微博 weibo.com</a>	北京新华书店排行榜。《电脑使用说明书》上市第一周在“计算机原理与基础类”排第16名。上周（上市第二周）升至第9名。			2013001972	00	0	1397721869459
1448062-	0		0	Mon Sep 10 23:03:09 +0800 2012			3488846932871311	3488846932871311				3488846932871311	0			0	<a href=" rel="nofollow">专业版微博</a>	//@暴走漫画: 贝爷也会死的。			2013001972	00	3471972614809132	1397721869459
1448063-	0		1	Tue May 29 09:02:59 +0800 2012			3450947156204962	3450947156204962				3450947156204962	0			2	<a href=" rel="nofollow">Android客户端</a>	转发微博			2013001972	00	3450729753131145	1397721869459
1448064-	0		0	Mon Mar 12 19:39:13 +0800 2012			3422841015412357	3422841015412357				3422841015412357	0			0	<a href=" rel="nofollow">微博 weibo.com</a>	[哈哈]			2013001972	00	3422699068072333	1397721869459
1448065-	0		0	Mon Jun 06 10:56:59 +0800 2011			11825130556	11825130556				5614935382582131573	0			0	<a href=" rel="nofollow">微博 weibo.com</a>	今天端午节，大家多吃粽粽。就算不方便做饭的，也去买两个现蒸的粽粽啃啃，因为，毕竟，毕竟一年只有一次正大光明吃粽粽的机会哦！			2013001972	00	0	1397721869460
1448066-	0		3	Thu Jun 21 07:39:42 +0800 2012			3459261118286693	3459261118286693				3459261118286693	0			0	<a href=" rel="nofollow">Android客户端</a>	管得越严的行业，越是如此，比如出版。			2013001972	00	3459085145994204	1397721869460
1448067-	0		3	Wed Nov 06 14:05:31 +0800 2013			3641639303852083	3641639303852083				3641639303852083	0		#	18	<a href=" rel="nofollow">微博 weibo.com</a>	程序员到了30岁，怎样提高自己的不可替代性？下一步是卖水果、烙烧饼，还是往前再走一步？如果转不动一个项目，何以转动一个公司？！《程序员第二步》每一位程序员和项目经理的必读之书！IT职场至关重要的第二步。作为自食其力意志坚定的IT食物链底层来的人，当当预售开始：			2013001972	00	0	1397721869460
1448068-	0		0	Sat Jul 23 21:44:56 +0800 2011			15132377062	15132377062				3338436274892062	0		#	0	<a href=" rel="nofollow">微博 weibo.com</a>	左边的鸟的表情好像有点……傻			2013001972	00	0	1397721869461
1448069-	0		4	Fri Jun 17 19:15:50 +0800 2011			12526756756	12526756756				5619145872168473244	0			2	<a href=" rel="nofollow">微博 weibo.com</a>	十年树木，百年树人。知识给人以力量和生命，我希望犀水图书所策划和出品的图书能够像面包树一样带给读者生命和力量。就像这棵年轻的生命之树一样，茁壮、茂盛，充满生机。			2013001972	00	0	1397721869461
1448070-	0		2	Tue Aug 13 13:32:21 +0800 2013			3610827988651039	3610827988651039				3610827988651039	0			2	<a href=" rel="nofollow">微博 weibo.com</a>	#晾书评# 《宇宙的背面》 真不错看了感觉内容还想再多些。写得真不错，只是恨内容还不够多。真想多看几章。			2013001972	00	0	1397721869461
1448071-	0		0	Tue Oct 04 03:12:25 +0800 2011			3364610614965095	3364610614965095				3364610614965095	0			0	<a href=" rel="nofollow">微博 weibo.com</a>	（3）戏剧场（注意，是戏剧场，不是小剧场）比我想象的小的多，进入剧场后，有那么一会儿我惊呆了，感觉和大学的阶梯教室差不多大！难以置信几十亿的造价最终就搞出这么小的个小剧场。			2013001972	00	0	1397721869461
1448072-	0		1	Thu Sep 29 19:00:00 +0800 2011			3363037142608357	3363037142608357				3363037142608357	0			1	<a href=" rel="nofollow">微博 weibo.com</a>	回复@莫黎翔:第一次全程自己做，加之这本书太“另类”，后期策划和包装上存在一些不应该的失误，导致大众不能立马发现它的好，首印7000册销完后，根据情况，并且社方也同意的话，我可能会删掉一半内容重做本书并再次网络宣传。不过购买了目前这个完整版的读者没有不喜欢这本书的。 //@莫黎翔:网络推动实			2013001972	00	3363033414042278	1397721869462
1448073-	0		0	Sun Apr 28 18:05:37 +0800 2013			3572121256634758	3572121256634758				3572121256634758	0			0	<a href=" rel="nofollow">微博 weibo.com</a>	看到封面应该不会误解。			2013001972	00	3572114059552096	1397721869462
1448074-	0		1	Fri Jul 08 19:04:22 +0800 2011			13945635834	13945635834				5626935705883549035	0			2	<a href=" rel="nofollow">微博 weibo.com</a>	笑死了哈哈			2013001972	00	13944061331	1397721869462
1448075-	0		1	Mon May 28 15:44:06 +0800 2012			3450685707782981	3450685707782981				3450685707782981	0			0	<a href=" rel="nofollow">微博 weibo.com</a>	转发微博			2013001972	00	3450675961266099	1397721869463
1448076-	0		0	Thu Nov 10 22:54:09 +0800 2011			3378316361202798	3378316361202798				3378316361202798	0			0	<a href=" rel="nofollow">微博 weibo.com</a>	[嘻嘻]			2013001972	00	3378246320578278	1397721869463
1448077-	0		0	Sun May 20 15:24:06 +0800 2012			3447781576517541	3447781576517541				3447781576517541	0			1	<a href=" rel="nofollow">Android客户端</a>	看不懂了,谷歌收购摩托需要偶们同意吗[挖鼻屎]			2013001972	00	3447775914286340	1397721869463
1448078-	1		1	Tue Jul 16 22:49:48 +0800 2013			3600821415215558	3600821415215558				3600821415215558	0			0	<a href=" rel="nofollow">微博 weibo.com</a>	感谢总舵支持[太开心] //@pkunetspy:买一本拜读！ //@图灵谢工: 还没看，不知我能否看懂？			2013001972	00	3594839096509779	1397721869463
1448079-	0		0	Mon Apr 23 10:52:44 +0800 2012			3437928807753312	3437928807753312				3437928807753312	0			0	<a href=" rel="nofollow">微博 weibo.com</a>	这本书完全可以不必这样来运作 -____-！ [bed凌乱]			2013001972	00	3436619468551931	1397721869464
1448080-	0		0	Tue Apr 16 11:37:54 +0800 2013			3567675030429004	3567675030429004				3567675030429004	0			0	<a href=" rel="nofollow">微博 weibo.com</a>	[挤眼] //@2gua:[good]			2013001972	00	3567668671993230	1397721869464
1448081-	0		5	Mon Aug 05 09:40:55 +0800 2013			3607870639263665	3607870639263665				3607870639263665	0		#	4	<a href=" rel="nofollow">微博 weibo.com</a>	祝贺《程序员，你伤不起》开售即冲上当当计算机类新书榜第二名。24小时榜第一名。@图灵教育 这是一本一旦开读欲罢不能的书！Java是属于《Java编程思想》的，设计模式是属于《大话设计模式》的，而码农的光和热是属于《程序员，你伤不起》的。			2013001972	00	0	1397721869464
1448082-	0		0	Thu Jun 28 16:10:57 +0800 2012			3461926488829562	3461926488829562				3461926488829562	0			0	<a href=" rel="nofollow">微博 weibo.com</a>	我最反感的就是断章取义！我提醒你注意，在电话里，自始至终都是你在说盗版，说黑苹果，这两个词在我口中连提都没有提，黑苹果这个词我都是第一次听到。我自始至终说的是你的书的目录根本还达不到一本书的目录标准，没有任何可读性，你完全是在误导和歪曲我话的意思！			2013001972	00	3461915441468900	1397721869465
1448083-	0		0	Thu Jun 21 17:42:26 +0800 2012			3459412797028673	3459412797028673				3459412797028673	0			0	<a href=" rel="nofollow">Android客户端</a>	翻滚推荐是啥意思，满地打滚儿的推荐吗[呵呵]			2013001972	00	3459410896449613	1397721869465
1448084-	0		1	Thu Aug 30 07:59:28 +0800 2012			3484633238529734	3484633238529734				3484633238529734	0			2	<a href=" rel="nofollow">Android客户端</a>	1、想走就走的拽劲儿如果不甩给身边人看的话,又怎么得瑟的起来；2、住标准间,把旁边床的钱也付了,啧啧,浪费；3、刚发现适合的人,就得拜拜；4、重新认识自己,哇,原来自己这么差劲儿,郁闷了；5、没有争论,哪儿来意见一致；6、用自己的眼睛认识世界,不受他人影响,但也影响不了他人啊。#抬杠# //@润心坊:一			2013001972	00	3484104945819174	1397721869465
1448085-	0		0	Mon Sep 10 12:11:23 +0800 2012			3488682906449630	3488682906449630				3488682906449630	0			0	<a href=" rel="nofollow">专业版微博</a>	转发微博			2013001972	00	3478175843882690	1397721869466
1448086-	0		0	Fri Feb 03 10:39:39 +0800 2012			3408934485929829	3408934485929829				3408934485929829	0			0	<a href=" rel="nofollow">微博 weibo.com</a>	民众需要真相。真相已被粉饰太久。			2013001972	00	3408932179025035	1397721869466
1448087-	0		0	Fri Jun 17 18:00:57 +0800 2011			12522359058	12522359058				5619126574879494074	0			0	<a href=" rel="nofollow">微博 weibo.com</a>	高楼大厦和汽车并不意味着进步和文明，真正的进步和文明是人的思想和行为。中国的落后和腐败是深入骨髓的。			2013001972	00	12496126072	1397721869466
1448088-	0		0	Fri Jun 08 07:44:35 +0800 2012			3454551300918640	3454551300918640				3454551300918640	0			0	<a href=" rel="nofollow">Android客户端</a>	//@编辑徐永杰://@悬崖上的菠妞://@陈7妹:转发微博			2013001972	00	3454343061801224	1397721869467
1448089-	0		0	Thu Jun 23 17:45:36 +0800 2011			12836487120	12836487120				5621349130259711772	0			0	<a href=" rel="nofollow">微博 weibo.com</a>	即便拼尽全力，到生命最后一刻也没有实现目标，我想也没有什么可后悔的，毕竟这一生都投入在值得做的事情上。做了一辈子，即便没有成功，也会留下很多经验，后来者可以借鉴，总有目标实现的一天。			2013001972	00	0	1397721869467
1448090-	0		0	Sun Aug 05 21:41:19 +0800 2012			3475780367052022	3475780367052022				3475780367052022	0			0	<a href=" rel="nofollow">微博 weibo.com</a>	写得太好了。做那个年龄该做的事，才会在另一个年龄得到该得到的东西。 //@亲贝网闫飞:我说补补补补补补补补，越补越没出息			2013001972	00	3475073397143100	1397721869467
1448091-	0		0	Tue May 01 16:08:29 +0800 2012			3440907372405599	3440907372405599				3440907372405599	0			0	<a href=" rel="nofollow">Android客户端</a>	坑爹啊			2013001972	00	3440905250199425	1397721869468
1448092-	0		2	Wed Dec 21 11:50:54 +0800 2011			3393007350871290	3393007350871290				3393007350871290	0			0	<a href=" rel="nofollow">微博 weibo.com</a>	卢老师这书有新意，偶会进一步关注地[嘻嘻]			2013001972	00	3393002682306858	1397721869468
1448093-	0		0	Thu Feb 23 15:24:47 +0800 2012			3416253999387630	3416253999387630				3416253999387630	0			1	<a href=" rel="nofollow">微博 weibo.com</a>	弟子向大师抱怨：“你给我们讲故事，却从不向我们揭示故事的寓意。”大师回答：“如果有人在给你奉上果实后，却又将它嚼烂再让你吃，你还愿意吃吗？”			2013001972	00	0	1397721869468
1448094-	0		0	Wed Sep 19 17:57:19 +0800 2012			3492031454192679	3492031454192679				3492031454192679	0			0	<a href=" rel="nofollow">Android客户端</a>	宽阔的天空下，睡着一个宽阔的人。			2013001972	00	0	1397721869469
1448095-	0		0	Wed Mar 27 17:23:06 +0800 2013			3560514145530617	3560514145530617				3560514145530617	0			0	<a href=" rel="nofollow">微刊</a>	这家伙看起来很牛 			2013001972	00	0	1397721869469
1448096-	0		0	Wed Mar 07 10:10:10 +0800 2012			3420885866223930	3420885866223930				3420885866223930	0			0	<a href=" rel="nofollow">微博 weibo.com</a>	转发微博			2013001972	00	3405429034445460	1397721869469
1448097-	0		0	Wed Aug 07 09:42:57 +0800 2013			3608595931313631	3608595931313631				3608595931313631	0		#	3	<a href=" rel="nofollow">微博 weibo.com</a>	其他小游戏们都惊呆了。Apple拒绝上架这个游戏的理由是：“它鼓励了一种能够导致用户设备损坏的行为”，然而这个叫做“把我送入天堂”（Send Me To Heaven）的游戏最终登陆了Google Play，因为没人在乎你的安卓手机是否会在人行道上摔得稀碎。一款最适合拿朋友手机玩的游戏[哈哈] @安卓巴士开发者			2013001972	00	0	1397721869469
1448098-	0		1	Thu Oct 27 09:28:16 +0800 2011			3373040121932391	3373040121932391				3373040121932391	0			1	<a href=" rel="nofollow">微博 weibo.com</a>	为什么老虎的屁股摸不得？因为老虎的屁股太大了。――这是一个小朋友说的。我觉得蛮有道理。			2013001972	00	0	1397721869470
1448099-	0		4	Thu Jul 07 13:56:17 +0800 2011			13839116546	13839116546				5626485228250752749	0			2	<a href=" rel="nofollow">微博 weibo.com</a>	请看到的朋友帮我转发这条消息。			2013001972	00	13836850806	1397721869470
1448100-	0		0	Tue Jan 29 18:11:33 +0800 2013		type:Pointcoordinates:#39.909584#116.40419	3539870229907420	3539870229907420				3539870229907420	0			0	<a href=" rel="nofollow">Android客户端</a>	就专业技术书而言，真想把一本书策划好，基本上就要把这个技术大致学一遍，尽管只能是粗粗的学一遍，但如果带着一种真打算学会了后去用这门技术谋生的念头，那就绝对能感到这本书该写成什么样，进而知道该怎么策划它。 我在:			2013001972	00	0	1397721869470
1448101-	0		5	Thu Nov 07 09:05:07 +0800 2013			3641926093408604	3641926093408604				3641926093408604	0		#	26	<a href=" rel="nofollow">微博 weibo.com</a>	《程序员第二步――从程序员到项目经理》当当预售刚开始两天，即已上预售区热卖榜。Good！			2013001972	00	0	1397721869471
1448102-	0		0	Fri May 18 08:37:33 +0800 2012			3446954489123697	3446954489123697				3446954489123697	0			0	<a href=" rel="nofollow">Android客户端</a>	我们总是说结果很重要,但这个问题证明了过程本身才是乐趣所在,即使结果完美,如果你没有享受过程,也毫无乐趣可言。 //@陈冰_图书出版人:还是这个问题,如果人能活到160岁,你干不干。  //@蔡文胜:相信很多人不干的，人老了却啥也干不了。年轻多好！   //@太商公:转发微博			2013001972	00	3446937519331658	1397721869471
1448103-	0		308	Tue Jun 28 13:01:02 +0800 2011			13170186915	13170186915				2111106282720345	0		#	255	<a href=" rel="nofollow">微活动</a>	无厘头风格被运用到电脑书上是个什么效果？什么样的电脑书能获得7位微软最有价值专家推荐？数万网友好评？这些你只有读了这本史无前例的《电脑使用说明书》才能明白。转发评论本微博并@三位好友同时关注本微博者，7月7日将有机会获赠本书（奖品共3本）。 			2013001972	00	0	1397721869471
1448104-	0		0	Wed Apr 25 08:35:41 +0800 2012			3438619094567474	3438619094567474				3438619094567474	0			1	<a href=" rel="nofollow">Android客户端</a>	转发微博			2013001972	00	3438617743736201	1397721869472
1448105-	0		0	Wed May 16 07:19:26 +0800 2012			3446210050527489	3446210050527489				3446210050527489	0			0	<a href=" rel="nofollow">Android客户端</a>	呃……其实很多奢华手机如果不特别介绍的话,都会让人错以为是中国山寨货。[汗]			2013001972	00	3446205189324491	1397721869472
1448106-	0		3	Thu Jun 09 12:17:35 +0800 2011			12016644696	12016644696				5616069408572664814	0			0	<a href=" rel="nofollow">微博 weibo.com</a>	今天又看到一本好书被编辑毁了，心情很难过。虽然这本书已不在我保护范围内，但看到它被这样对待，看到它如今以这样的状态上市，仍为自己没能保护好作者而感到难过，有无助无奈之感。			2013001972	00	0	1397721869472
1448107-	0		0	Fri Aug 17 07:21:02 +0800 2012			3479912529134799	3479912529134799				3479912529134799	0			0	<a href=" rel="nofollow">Android客户端</a>	永远保持这份好奇心比什么都重要。喜欢这照片。			2013001972	00	3479741653298761	1397721869473
1448108-	0		1	Sat Mar 24 11:24:13 +0800 2012			3427065103563918	3427065103563918				3427065103563918	0			0	<a href=" rel="nofollow">微博 weibo.com</a>	问别人在做什么，要是他/她说正在做饭，我就总想笑。不知为什么。			2013001972	00	0	1397721869473
1448109-	0		0	Sun Apr 28 12:19:40 +0800 2013			3572034199773921	3572034199773921				3572034199773921	0			2	<a href=" rel="nofollow">微博 weibo.com</a>	现在红会已经把战略重点转移到70岁以上年龄段了。怎么才能让老年人上微博呢，得多想点办法。			2013001972	00	3572025110916355	1397721869473
1448110-	0		0	Fri May 11 17:00:19 +0800 2012			3444544294698649	3444544294698649				3444544294698649	0			0	<a href=" rel="nofollow">微博 weibo.com</a>	回复@钟声_程序员: 清华@我的。刚才查了淘宝，没看到你说的销量。三国演义哪儿都能下载，书店里已经卖了上百年了，没影响。			2013001972	00	3444508895315091	1397721869474
1448111-	0		0	Tue Jun 21 13:27:13 +0800 2011			12719494268	12719494268				5620540375034568012	0			0	<a href=" rel="nofollow">微博 weibo.com</a>	好朋友就是即使不能拉你一把，也绝不会让你掉下去的人。			2013001972	00	12468008454	1397721869474
1448112-	0		6	Tue Mar 11 09:49:41 +0800 2014			3686873404296437	3686873404296437				3686873404296437	0		#	0	<a href=" rel="nofollow">微博 weibo.com</a>	这两个封面哪个好：			2013001972	00	0	1397721869474
1448113-	0		1	Thu Jun 28 17:08:20 +0800 2012			3461940930078178	3461940930078178				3461940930078178	0			1	<a href=" rel="nofollow">微博 weibo.com</a>	回复@Mr-无主人生:你最好去当当看看我策划的书，再来下结论。 //@Mr-无主人生:正因为有你这样的人，所以中国的计算机图书才永远只能是抄袭、盗版、仿冒！！！支持@ibuick ，支持正版！！！			2013001972	00	3461915441468900	1397721869474
1448114-	0		0	Tue Jun 28 22:08:50 +0800 2011			13205312364	13205312364				5623272390838906659	0			0	<a href=" rel="nofollow">微博 weibo.com</a>	骗人！我听到第5秒才喜欢的。//@中国经贸出版社总编辑：听了3秒就会喜欢?			2013001972	00	13195890706	1397721869475
1448115-	0		0	Wed Jul 27 22:12:55 +0800 2011			15471336640	15471336640				3339892868517054	0			0	<a href=" rel="nofollow">微博 weibo.com</a>	看人，第一印象是最准的。第二印象，第三印象……，那是自己给自己使障眼法。			2013001972	00	0	1397721869475
1448116-	0		0	Fri Jun 22 09:28:12 +0800 2012			3459650810407238	3459650810407238				3459650810407238	0			0	<a href=" rel="nofollow">微博 weibo.com</a>	对于寂寞的人，再忙碌的23小时，也不能改变那1小时的寂寞，只会让它变得更浓。			2013001972	00	0	1397721869475
1448117-	0		2	Mon Nov 11 09:12:36 +0800 2013			3643377528560732	3643377528560732				3643377528560732	0			0	<a href=" rel="nofollow">微博 weibo.com</a>	回复@刘江总编:精装本我原本设计的是圆脊的，但安排的印刷厂做不了圆脊，最后只好搞成方脊的，效果差了很多。另外，我原本对封面的外封和内封的设计工艺均是亮膜，但最后拿到的成书是亚光的，显得暗哑，很是遗憾。 //@刘江总编:封面还是太粗糙了，比原版差很多 @武卫东			2013001972	00	3642142524181872	1397721869476
1448118-	0		0	Tue Jan 29 17:26:47 +0800 2013			3539858968249703	3539858968249703				3539858968249703	0			0	<a href=" rel="nofollow">微博 weibo.com</a>	美国社会学家Stanley Milgram设计了一个实验。他从中西部选出一批志愿者，让其将包裹寄给马萨诸塞州一个素不相识的人。他们知道收件人的姓名、职业和大致位置。他们先将包裹寄给朋友圈中认为最有可能认识目标的一个人，那人依次类推，最终到达目标人手中。结果：最终送达的锁链中平均只有5-7个中间人。			2013001972	00	0	1397721869476
1448119-	1		1	Tue Apr 08 11:49:17 +0800 2014			3697050363089075	3697050363089075				3697050363089075	0		#	5	<a href=" rel="nofollow">微博 weibo.com</a>	为什么不能打断程序员？			2013001972	00	0	1397721869476
1448120-	0		0	Tue Aug 13 13:30:34 +0800 2013			3610827539976261	3610827539976261				3610827539976261	0			0	<a href=" rel="nofollow">微博 weibo.com</a>	#晾书评# 《程序员，你伤不起》 作者写的很直白，反映了程序员这些的心理特征。我建议一直从事开发的人都来看一看。少走一些弯路。			2013001972	00	0	1397721869476
1448121-	0		0	Thu Jun 16 09:50:53 +0800 2011			12422198936	12422198936				5618629200483094353	0			0	<a href=" rel="nofollow">微博 weibo.com</a>	这才叫创意//@图书策划人红嵋：凉啊，这创意！真雷人。你还敢抽吗？还敢吗？！//@微博搞笑排行榜：好创意。[good]			2013001972	00	12395532743	1397721869477
1448122-	0		1	Wed Sep 21 21:52:14 +0800 2011			3360181383633312	3360181383633312				3360181383633312	0			0	<a href=" rel="nofollow">微博 weibo.com</a>	我才知道原来我就是这么可爱的银。 //@我是云筝:你大爷的。。。			2013001972	00	3359680854615368	1397721869477
1448123-	0		0	Thu May 10 18:30:58 +0800 2012			3444204720576056	3444204720576056				3444204720576056	0			0	<a href=" rel="nofollow">Android客户端</a>	哦哦效果更佳[太开心]			2013001972	00	3444200538598808	1397721869477
1448124-	0		0	Sun Jun 26 16:27:46 +0800 2011			13046036828	13046036828				5622442328279624907	0			0	<a href=" rel="nofollow">微博 weibo.com</a>	难得不是理解，而是做到。			2013001972	00	13031111870	1397721869478
1448125-	0		0	Sat Aug 10 21:21:42 +0800 2013			3609858940722531	3609858940722531				3609858940722531	0			3	<a href=" rel="nofollow">微博 weibo.com</a>	每年300、400亿码洋打纸浆，库存900亿码洋就是这么可着劲儿造出来的。			2013001972	00	3608605997176132	1397721869478
1448126-	0		39	Mon Feb 04 09:53:41 +0800 2013			3541919264982634	3541919264982634				3541919264982634	0		#	0	<a href=" rel="nofollow">让红包飞</a>	#让红包飞#听说你还没有收到春节礼物，我就默默地发出了这条一评论就能领红包的微博，深藏功与名。加油吧亲，我只能帮你到这了~~~或猛戳链接领取			2013001972	00	0	1397721869478
1448127-	0		0	Thu Apr 19 20:14:05 +0800 2012			3436620537340685	3436620537340685				3436620537340685	0			0	<a href=" rel="nofollow">微博 weibo.com</a>	你见过一个凿石的石匠吗？他在石块的同一位置上恐怕已敲过了一百次，却丝毫没有什么改变。但是第一百零一次的时候，石头突然裂成了两块。并不是这第一百零一下使石块裂开，而是先前敲的那一百下。许多的努力不是一下子可以看到成果，需要耐心和坚忍。			2013001972	00	0	1397721869479
1448128-	0		0	Wed Mar 14 23:14:14 +0800 2012			3423619910703599	3423619910703599				3423619910703599	0			1	<a href=" rel="nofollow">微博 weibo.com</a>	不能真心去爱别人的人，也永远不会得到爱。不能在你所从事的事业上投入真正的热情，你也永远拿不出给人留下深刻印象的作品。			2013001972	00	0	1397721869479
1448129-	0		1	Thu May 31 07:40:02 +0800 2012			3451651052810673	3451651052810673				3451651052810673	0			0	<a href=" rel="nofollow">Android客户端</a>	老师的作用不是单纯的讲解也不是不停的提问，而是在于讲给学生那些书本上没有的知识，孩子的眼睛和大脑本来就是好奇的，传授知识的同时不要抑制这种天性(可悲目前学校主要干的就是这事儿)，从而引发学生的独立思考和自主发问。被提问没有什么意义，主动发问才有意义。创新就是向寻常发问的过程。			2013001972	00	3450267041518547	1397721869479
1448130-	0		0	Thu Jun 28 16:06:16 +0800 2012			3461925310178323	3461925310178323				3461925310178323	0			0	<a href=" rel="nofollow">微博 weibo.com</a>	首先，我重申，我从来没有让你写盗版（我还是第一次听到黑苹果这个术语）。我在电话里对你说的是，现在苹果的书讲操作系统使用的卖得好，讲这些第三方软件的，我不看好。写mac操作系统使用，在你理解就只能写盗版嘛？			2013001972	00	3461915441468900	1397721869480
1448131-	0		0	Mon May 28 20:53:33 +0800 2012			3450763584352658	3450763584352658				3450763584352658	0			0	<a href=" rel="nofollow">Android客户端</a>	各位都系高级程序员哇[奥特曼]			2013001972	00	3450660303741454	1397721869480
1448132-	0		1	Thu Jun 21 07:09:01 +0800 2012			3459253396537188	3459253396537188				3459253396537188	0			0	<a href=" rel="nofollow">Android客户端</a>	看到这张温馨照片，还有那一书架子货，宕时我就吓傻了[�]			2013001972	00	3458985723867642	1397721869480
1448133-	0		1	Mon Apr 15 21:35:59 +0800 2013			3567463167662196	3567463167662196				3567463167662196	0			2	<a href=" rel="nofollow">微博 weibo.com</a>	[偷笑]			2013001972	00	3562381541959216	1397721869481
1448134-	0		3	Fri May 18 19:26:01 +0800 2012			3447117681496830	3447117681496830				3447117681496830	0			5	<a href=" rel="nofollow">Android客户端</a>	今天为了找一本书的作者，一动不动地坐了一整天，把几大文学网站都翻遍了，还是没找到,直到下班木发现，继续找，又找一多钟头，准备回家了，猛地发现一好作者，还带着他一部已完成的书稿，爽，虽然这个作者不是我要找来写那个选题的作者。这种情况几乎每次都会发生，所以重点就是找啊找啊找啊，别停。			2013001972	00	0	1397721869481
1448135-	0		0	Sun Jun 05 23:16:18 +0800 2011			11807211538	11807211538				5614754817858260668	0			1	<a href=" rel="nofollow">微博 weibo.com</a>	转发微博。			2013001972	00	11367943481	1397721869482
1448136-	0		2	Fri Jun 17 19:22:05 +0800 2011			12527129916	12527129916				5619147482781287474	0		#	0	<a href=" rel="nofollow">微博 weibo.com</a>	有人问我，我设计的犀水商标为什么是棵树。我在此解释一下，这是一棵面包树。面包树生长在非洲，果实像面包，树干异常粗大，里面富含大量的水，饥渴的旅人常因面包树而获救，在非洲，面包树被称为圣树、生命之树。面包树的树龄达数千年以上，但由于面包树没有年轮，所以无人知道面包树的确切年龄。			2013001972	00	0	1397721869482
1448137-	0		0	Fri Aug 24 08:29:28 +0800 2012			3482466465710034	3482466465710034				3482466465710034	0			0	<a href=" rel="nofollow">Android客户端</a>	必须的！			2013001972	00	3482164764888810	1397721869482
1448138-	0		0	Fri Aug 24 17:17:56 +0800 2012			3482599463167411	3482599463167411				3482599463167411	0			0	<a href=" rel="nofollow">微博 weibo.com</a>	转发微博			2013001972	00	3482596061346284	1397721869483
1448139-	0		0	Fri Jul 05 16:38:43 +0800 2013			3596741775459428	3596741775459428				3596741775459428	0		#	0	<a href=" rel="nofollow">Android客户端</a>	这书奇葩了。			2013001972	00	0	1397721869483
1448140-	0		0	Fri Jun 08 12:03:51 +0800 2012			3454616546582833	3454616546582833				3454616546582833	0			0	<a href=" rel="nofollow">微博 weibo.com</a>	这创意绝了，太有说服力了。			2013001972	00	3454615758655143	1397721869483
1448141-	0		0	Sat Jul 09 09:05:30 +0800 2011			13981154646	13981154646				5627152464300229613	0			0	<a href=" rel="nofollow">微博 weibo.com</a>	大清早，泪流满面。[泪] [泪] [泪] [泪] [泪] 向英雄致敬！			2013001972	00	12913003528	1397721869484
1448142-	0		1	Thu May 17 08:10:34 +0800 2012			3446585310677588	3446585310677588				3446585310677588	0			0	<a href=" rel="nofollow">Android客户端</a>	能一直坚持写书,我实感佩服,写一本容易,在一年内写三本以上也完全可以做到,但能以这种速度坚持十多年,绝非易事。[奥特曼]			2013001972	00	3446583264091864	1397721869484
1448143-	0		2	Fri Jul 26 13:25:12 +0800 2013			3604303212173469	3604303212173469				3604303212173469	0		#	0	<a href=" rel="nofollow">微博 weibo.com</a>	此读者评价深得我心 #《宇宙的背面》#			2013001972	00	0	1397721869484
1448144-	0		0	Tue May 08 07:10:16 +0800 2012			3443308640925952	3443308640925952				3443308640925952	0			0	<a href=" rel="nofollow">Android客户端</a>	这三个苹果都十分了得,不知道下一个苹果将给世界带来怎样的改变。[呵呵]			2013001972	00	3443306124066862	1397721869485
1448145-	0		2	Fri Aug 09 09:29:33 +0800 2013			3609317335113719	3609317335113719				3609317335113719	0			8	<a href=" rel="nofollow">Android客户端</a>	右侧神评 //@安以陌:如今社会已经成为了……穷则兼济天下，达则独善其身。 //@小李寻刀:  //@盛大文学华文天下:致敬！			2013001972	00	3608964216201299	1397721869485
1448146-	0		2	Fri Feb 22 10:17:29 +0800 2013			3548448240011831	3548448240011831				3548448240011831	0			0	<a href=" rel="nofollow">微博 weibo.com</a>	招聘兼职计算机图书文稿编辑一名。要求：文笔好，理工专业，有责任心，人在北京。			2013001972	00	0	1397721869485
1448147-	0		0	Fri Jul 12 15:41:03 +0800 2013			3599263961053269	3599263961053269				3599263961053269	0			0	<a href=" rel="nofollow">微博 weibo.com</a>	[good] //@在云端的小叮�:我是码农我自豪 //@图灵教育: 程序员都有一颗坚强的心[心]			2013001972	00	3599259875718047	1397721869486
1448148-	0		1	Thu Jan 24 14:42:49 +0800 2013			3538005760958179	3538005760958179				3538005760958179	0			2	<a href=" rel="nofollow">专业版微博</a>	好活动帮转。			2013001972	00	3537906532148930	1397721869486
1448149-	0		0	Tue Feb 14 16:23:08 +0800 2012			3413007193860259	3413007193860259				3413007193860259	0			0	<a href=" rel="nofollow">微博 weibo.com</a>	很好。			2013001972	00	3413005179691992	1397721869486
1448150-	0		0	Tue Jul 12 17:06:19 +0800 2011			14252694704	14252694704				5628389625338226980	0			0	<a href=" rel="nofollow">微博 weibo.com</a>	子贡说：“如果不得不再去掉一项，那么这两项中去掉哪一项呢？”孔子说：“去掉粮食。自古以来人总是要死的，如果老百姓对统治者不信任，那么国家就不能存在了。”――摘自《从今天起，成为尊贵的人》			2013001972	00	0	1397721869487
1448151-	0		0	Thu Jan 31 17:39:56 +0800 2013			3540587049139763	3540587049139763				3540587049139763	0			0	<a href=" rel="nofollow">微博 weibo.com</a>	回复@朱小编:这应该就是所谓的恼羞成怒吧。			2013001972	00	3540129374902422	1397721869487
1448152-	0		0	Sun Apr 22 13:29:24 +0800 2012			3437605855627946	3437605855627946				3437605855627946	0			0	<a href=" rel="nofollow">Android客户端</a>	赞同			2013001972	00	3437605532598991	1397721869487
1448153-	0		0	Fri Aug 05 10:47:15 +0800 2011			3342981805594054	3342981805594054				3342981805594054	0			0	<a href=" rel="nofollow">微博 weibo.com</a>	人们设计傻瓜式智能设备的时候，最常见的一个错误就是低估了大傻瓜的独创性。			2013001972	00	0	1397721869488
1448154-	0		0	Fri May 11 07:08:44 +0800 2012			3444395418358573	3444395418358573				3444395418358573	0			1	<a href=" rel="nofollow">Android客户端</a>	欢乐了[哈哈]			2013001972	00	3444379392014302	1397721869488
1448155-	0		1	Sun Jun 19 20:16:35 +0800 2011			12638328230	12638328230				5619903697667082408	0		#	0	<a href=" rel="nofollow">微博 weibo.com</a>	这是我设计的另一个商标――犀牛图书商标。用于计算机和科技类图书的商标。			2013001972	00	0	1397721869488
1448156-	0		2	Thu Aug 15 14:21:15 +0800 2013			3611565070284509	3611565070284509				3611565070284509	0			3	<a href=" rel="nofollow">微博 weibo.com</a>	#晾书评# 《宇宙的背面》 必须写点什么，才能表达我的心情。一天就看完了，是我读过的最好看的一本科普书！没有之一！书中很多时候，作者除了用大白话的方式通俗易懂讲解了看似寻常事物背后的理论，还会进一步展开想象，多少有些科幻的味道，非常另类的一本科普书，太棒了！希望作者能写续集啊！！			2013001972	00	0	1397721869489
1448157-	0		0	Tue Jan 03 17:31:55 +0800 2012			3397804212746067	3397804212746067				3397804212746067	0			0	<a href=" rel="nofollow">微博 weibo.com</a>	送一首森林鸟鸣版卡农，很棒的手机铃声。			2013001972	00	0	1397721869489
1448158-	0		3	Fri Apr 13 11:52:36 +0800 2012			3434319991406592	3434319991406592				3434319991406592	0			1	<a href=" rel="nofollow">Android客户端</a>	#2012DTCC#丁原讲得真棒！			2013001972	00	0	1397721869489
1448159-	0		0	Thu May 03 06:36:16 +0800 2012			3441488144964617	3441488144964617				3441488144964617	0			0	<a href=" rel="nofollow">Android客户端</a>	#最短命的活法#1.长时间对着电脑；2.晚上十一点以后睡觉；3.不能保证睡眠时间；4.极度缺乏体育锻炼；5.吃饭口味偏重，特别喜食咸的和辣的；6.不饿不吃，不困不睡，不累不息；7.与家人缺少交流；8.长时间用手机打电话，享受近距离辐射；9.三餐饮食无规律。要特别注意喽！[爱心传递]			2013001972	00	0	1397721869490
1448160-	0		0	Sun Jun 30 21:50:04 +0800 2013			3595008172964871	3595008172964871				3595008172964871	0		#	0	<a href=" rel="nofollow">微博 weibo.com</a>	出淤泥而不染，濯清涟而不妖。可远观而不可亵玩焉。#紫竹院的荷花#			2013001972	00	0	1397721869490
1448161-	0		2	Tue Feb 26 19:26:00 +0800 2013			3550035826601627	3550035826601627				3550035826601627	0			0	<a href=" rel="nofollow">百道网</a>	由劣质译著引发的思索（全文）（这是我十年前写的一篇旧文。一碗冷饭，但并非就不能提供热量。）@图灵教育 (评论给 陈冰：由劣质译著引发的思索-百道网    )			2013001972	00	0	1397721869490
1448162-	0		0	Sat Aug 10 20:35:22 +0800 2013			3609847280840418	3609847280840418				3609847280840418	0			0	<a href=" rel="nofollow">微博 weibo.com</a>	只有诚实才能看到它应有的样子。 //@图灵刘美英:好深刻啊！			2013001972	00	3609703025899898	1397721869491
1448163-	0		3	Fri Jul 12 15:24:48 +0800 2013			3599259875718047	3599259875718047				3599259875718047	0		#	6	<a href=" rel="nofollow">微博 weibo.com</a>	码农，你这辈子只能这样么？NO！我曾经也泄气过，但是我经常能死灰复燃，顽强得很！一定要杀出条血路来，一定要成功，苦点儿累点儿也认了。 《程序员，你伤不起》预售开始！当当： 互动出版： @图灵教育 @当当网 @IT程序猿 @蒋涛CSDN			2013001972	00	0	1397721869491
1448164-	0		0	Mon Dec 26 22:27:03 +0800 2011			3394979382226008	3394979382226008				3394979382226008	0			0	<a href=" rel="nofollow">微博 weibo.com</a>	偶的也是04。嘿。			2013001972	00	3394977055197411	1397721869491
1448165-	0		0	Wed Mar 06 20:07:18 +0800 2013			3552945322936495	3552945322936495				3552945322936495	0			1	<a href=" rel="nofollow">百道网</a>	在这个知识的数字化服务时代，作者正有越来越多的渠道绕过出版社，通过一些更直接了当的方式，直接向读者提供内容。传统出版社要想不被淘汰，或者与互联网与移动互联网企业合作，或者购买第三方或者自己全力开发平... (评论给 陈昕：数字化条件传统出版主体的生存之路-百道网    )			2013001972	00	0	1397721869491
1448166-	0		1	Thu May 09 08:44:05 +0800 2013			3575966209386840	3575966209386840				3575966209386840	0			0	<a href=" rel="nofollow">Android客户端</a>	我发现当我在手机上读一本书时，会觉得这本书比它做为纸书时读起来更加有趣，这是怎么回事[疑问][思考]			2013001972	00	0	1397721869492
1448167-	0		0	Mon Jun 27 13:10:39 +0800 2011			13102142790	13102142790				5622762616887613204	0			1	<a href=" rel="nofollow">微博 weibo.com</a>	回复@云筝居士:互动出版网址：www.china-pub.com //@云筝居士:[疑问] 网址嘞？咋没放网址捏？			2013001972	00	13100936930	1397721869492
1448168-	0		0	Thu Jun 23 01:16:13 +0800 2011			12803641368	12803641368				5621094168107290399	0			0	<a href=" rel="nofollow">微博 weibo.com</a>	我非常满意；我常常出去走走，我的住所附近一带很安静，空气清新，使人心情愉快；我能够找到这个地方，实在是我的好运气。――《亲爱的提奥：凡高自传》。			2013001972	00	0	1397721869493
1448169-	0		1	Thu Sep 29 19:01:38 +0800 2011			3363037553914168	3363037553914168				3363037553914168	0			0	<a href=" rel="nofollow">微博 weibo.com</a>	回复@巫俊武ALEX:我想是老外的心比较儿童化，因为没有那么多教育带来的束缚，所以更容易写出小孩子喜欢看的东西。 //@巫俊武ALEX:为什么好的童书都是外国引进的~~~			2013001972	00	3363032688664094	1397721869493
1448170-	0		187	Mon Jul 15 16:56:48 +0800 2013			3600370200360805	3600370200360805				3600370200360805	0		#	395	<a href=" rel="nofollow">微活动</a>	我曾经也泄气过，但是我经常能死灰复燃，顽强得很！一定要杀出条血路来，一定要成功，苦点儿累点儿也认了。《程序员，你伤不起》当当预售： 关注转发并@两位好友，就有机会赢得本书。奖品共3份。 			2013001972	00	0	1397721869494
1448171-	0		1	Sat Apr 28 20:48:56 +0800 2012			3439890781603335	3439890781603335				3439890781603335	0			0	<a href=" rel="nofollow">微博 weibo.com</a>	许教授[威武][赞][赞][赞] //@许小年:限制垄断行业高管的工资，而不去打破垄断，这是啥逻辑？权力支配资源、市场和机会，这是收入分配恶化的最重要原因，再用权力调节收入水平，相当于在同一个大脑指挥下，一手作恶，一手行善，能有公平吗？			2013001972	00	3438617877477901	1397721869495
1448172-	0		4	Thu Jul 14 07:56:16 +0800 2011			14375463158	14375463158				5628990048872196030	0			1	<a href=" rel="nofollow">微博 weibo.com</a>	生活的压力和生命的尊严哪个更重要？”			2013001972	00	0	1397721869495
1448173-	0		1	Thu Jun 28 17:12:25 +0800 2012			3461941957337483	3461941957337483				3461941957337483	0			0	<a href=" rel="nofollow">微博 weibo.com</a>	回复@不会唱歌的麦克:你问问是他自己不发还是我不看的。 //@不会唱歌的麦克:回复@陈冰_图书出版人:我觉得您这就有点儿过了，作为出版人，您连人家的书的内容都没看，只是检索了目录就断定人家的书不好，还这样AT其他出版社，是不是不太符合您的身份啊？！			2013001972	00	3461915441468900	1397721869495
1448174-	0		0	Tue Aug 16 13:55:19 +0800 2011			3347015400745296	3347015400745296				3347015400745296	0			0	<a href=" rel="nofollow">微博 weibo.com</a>	“真是奇了怪了！” “可能是个圈套。” “我不觉得他们有这份聪明。”			2013001972	00	0	1397721869496
1448175-	4		14	Fri Apr 04 14:08:32 +0800 2014			3695635854994849	3695635854994849				3695635854994849	0		#	96	<a href=" rel="nofollow">微活动</a>	#有奖转发# 赠书啦！程序员必读之书《大话重构》预售开始！我的程序为毛总透着淡淡业余味？为毛好书我却看不懂？为毛小伙伴瞅着我的程序总是惊呆？为毛？就因为你没看这本《大话重构》 预售： 奖品《大话重构》共5本，转发就可抽奖！ 			2013001972	00	0	1397721869496
1448176-	0		1	Fri Sep 07 20:54:51 +0800 2012			3487727486017212	3487727486017212				3487727486017212	0			0	<a href=" rel="nofollow">Android客户端</a>	如果受到了这样话的影响，只是因为你还没有真正了解自己。			2013001972	00	3487367996558129	1397721869496
1448177-	0		5	Thu Jun 28 17:21:51 +0800 2012			3461944344133620	3461944344133620				3461944344133620	0			3	<a href=" rel="nofollow">微博 weibo.com</a>	回复@ibuick:你快省省吧，连你的头像都黑着灯的。 //@ibuick:回复@陈冰_图书出版人:个性和人品节操是两码事。我个性不好但人品很好，您可能相反。			2013001972	00	3461915441468900	1397721869497
1448178-	0		0	Sun Jul 24 16:45:20 +0800 2011			15191050706	15191050706				3338723265687336	0			0	<a href=" rel="nofollow">微博 weibo.com</a>	发现微博上的很多朋友在自发的转发推荐《电脑使用说明书》的信息，真的很感谢你们。谢谢[抱抱]			2013001972	00	0	1397721869497
1448179-	0		0	Wed Jan 18 08:56:48 +0800 2012			3403110397317117	3403110397317117				3403110397317117	0			0	<a href=" rel="nofollow">微博 weibo.com</a>	再一次，开足马力！			2013001972	00	0	1397721869498
1448180-	0		5	Thu Mar 21 10:02:15 +0800 2013			3558228874700178	3558228874700178				3558228874700178	0		#	25	<a href=" rel="nofollow">微博 weibo.com</a>	赠书啦！！！还等神马？占为己有！重新设计互联网！国内第一本云计算网络书《腾云――云计算和大数据时代网络技术揭秘》51CTO答问题抢赠书活动正在进行： @图灵教育 @图灵社区			2013001972	00	0	1397721869498
1448181-	0		1	Thu Sep 15 10:01:55 +0800 2011			3357828299866779	3357828299866779				3357828299866779	0		#	2	<a href=" rel="nofollow">微博 weibo.com</a>	《百年孤独》的确是一本可读性很强的书，一本伟大的书。唯一的缺点就是人名太多太长，搞得我永远都记不住谁是谁。有好几次我发现作者犯了严重的逻辑错误，很生气，为了弄清楚这个错误的来龙去脉，我一鼓作气向前地毯式搜索，最后发现是我自己搞错了名字。			2013001972	00	0	1397721869498
1448182-	0		1	Thu Jul 18 12:34:38 +0800 2013			3601391379485592	3601391379485592				3601391379485592	0			0	<a href=" rel="nofollow">微博 weibo.com</a>	这一定是糗百家出的。@糗事百科			2013001972	00	3601388473357442	1397721869499
1448183-	0		0	Fri Jul 08 17:02:32 +0800 2011			13937209918	13937209918				5626904309670776687	0			0	<a href=" rel="nofollow">微博 weibo.com</a>	@舒穆尔 你的奖品今天下午已经寄出。请注意查收。			2013001972	00	0	1397721869499
1448184-	0		0	Thu Apr 12 07:20:51 +0800 2012			3433889219933489	3433889219933489				3433889219933489	0			2	<a href=" rel="nofollow">Android客户端</a>	[威武][威武][威武]			2013001972	00	3433886149392714	1397721869499
1448185-	0		0	Wed Feb 27 12:19:33 +0800 2013			3550290894160917	3550290894160917				3550290894160917	0			0	<a href=" rel="nofollow">百道网</a>	写得非常好。 (评论给 金马洛：市场如此险恶编辑要内心强大-百道网    )			2013001972	00	0	1397721869500
1448186-	0		0	Wed Jun 26 13:08:40 +0800 2013			3593427402709648	3593427402709648				3593427402709648	0			0	<a href=" rel="nofollow">微博 weibo.com</a>	支持王老师。这种随意侵权的行为在中国太多了。我的好些文章也被到处转载，个别都被用作中考高考试题了都没跟我打过招呼。			2013001972	00	3593239971696199	1397721869500
1448187-	0		0	Sat Feb 02 23:11:35 +0800 2013			3541395291747477	3541395291747477				3541395291747477	0			1	<a href=" rel="nofollow">微博 weibo.com</a>	不禁让我想起雀巢的脆脆鲨。			2013001972	00	3541387716720235	1397721869500
1448188-	0		0	Fri Apr 27 09:43:59 +0800 2012			3439361066843971	3439361066843971				3439361066843971	0			1	<a href=" rel="nofollow">Android客户端</a>	何止共鸣！简直共鸣到振聋发聩[哈哈]			2013001972	00	3439359308709422	1397721869500
1448189-	0		0	Thu Aug 30 07:15:56 +0800 2012			3484622283836135	3484622283836135				3484622283836135	0			0	<a href=" rel="nofollow">Android客户端</a>	[偷笑]			2013001972	00	3484618311619335	1397721869501
1448190-	0		1	Wed Aug 31 08:08:41 +0800 2011			3352363985537556	3352363985537556				3352363985537556	0			1	<a href=" rel="nofollow">微博 weibo.com</a>	转发微博。			2013001972	00	3351992336627523	1397721869501
1448191-	0		0	Thu Jun 21 18:34:21 +0800 2012			3459425870668869	3459425870668869				3459425870668869	0			0	<a href=" rel="nofollow">Android客户端</a>	勇敢的心			2013001972	00	3459100199665417	1397721869501
1448192-	0		1	Thu Aug 08 16:28:14 +0800 2013			3609060311608037	3609060311608037				3609060311608037	0			1	<a href=" rel="nofollow">微博 weibo.com</a>	回复@Eleanor_Yue:我比较落后，还在用32位的Win7，不太清楚上层世界是个熟么情况。[委屈] //@Eleanor_Yue:请问学生使用，不太玩游戏，2g内存配置64位的win7会不会太卡？			2013001972	00	3608667079241150	1397721869502
1448193-	0		1	Mon Dec 09 11:45:08 +0800 2013			3653562774608576	3653562774608576				3653562774608576	0			2	<a href=" rel="nofollow">微博 weibo.com</a>	回复@IT_Lucien:话说当当就有。 //@IT_Lucien:话说哪里有卖呢？			2013001972	00	3653554096978660	1397721869502
1448194-	0		1	Thu Oct 27 12:36:14 +0800 2011			3373087424859884	3373087424859884				3373087424859884	0			1	<a href=" rel="nofollow">微博 weibo.com</a>	我只能说 @李开复 太不了解纸质书了。纸质书带给人们的不仅仅是知识，更是一种“温馨的感觉”。而这种“感觉”是电子书的01和电流永远无法提供的。我也放言，有一天电子书消失了，纸质书也不会消失。人们会在电脑上干各种事情，但一旦要看书了，会毫不犹豫地翻开朴素的纸质书。			2013001972	00	3373077285104324	1397721869502
1448195-	0		1	Tue Jul 16 11:30:52 +0800 2013			3600650555889582	3600650555889582				3600650555889582	0			6	<a href=" rel="nofollow">微博 weibo.com</a>	不要篡改概念。不损害他人利益，同时努力实现自己的理想，我看不出这有任何不妥。《黑客与画家》中有一句话，你可以在创造财富的同时，不损害任何人的利益。			2013001972	00	3600370200360805	1397721869503
1448196-	0		0	Wed Dec 12 08:29:33 +0800 2012			3522329147282949	3522329147282949				3522329147282949	0			0	<a href=" rel="nofollow">微博 weibo.com</a>	又见经典言论。这好大楼，能给老百姓办多少事不知道，但足够养活多少公务员是一目了然了。“没花政府一分钱”，政府不打诳语，的确，没花政府一分钱，花的每一分钱都是老百姓的。			2013001972	00	0	1397721869503
1448197-	1		0	Wed Mar 26 20:47:43 +0800 2014			3692474821855924	3692474821855924				3692474821855924	0			0	<a href=" rel="nofollow">微博 weibo.com</a>	再好看的博客和微博都有不再更新的一天。			2013001972	00	0	1397721869503
1448198-	0		0	Wed Jul 17 10:13:36 +0800 2013			3600993498969448	3600993498969448				3600993498969448	0			0	<a href=" rel="nofollow">微博 weibo.com</a>	回首往昔，令我比较郁闷的一件事就是在我最有学习动力的时候，看的高质量的书籍太少，就好像是在长身体的时候，天天吃的是没营养的泡面。当然，这跟没有人指导也有很大的关系，独自一个人学习，让我走了很多的弯路。――《从程序员到项目经理》			2013001972	00	0	1397721869504
1448199-	0		0	Tue Jan 15 15:52:09 +0800 2013			3534761718779166	3534761718779166				3534761718779166	0			1	<a href=" rel="nofollow">微博 weibo.com</a>	2013年做的第一本书。每一本书的诞生都不容易，希望这本书对大家有帮助。			2013001972	00	3534753527092577	1397721869504
1448200-	0		0	Mon Aug 29 11:19:48 +0800 2011			3351687305822905	3351687305822905				3351687305822905	0			0	<a href=" rel="nofollow">微博 weibo.com</a>	回复@忒之静:鲁迅、三毛、川端康成、夏目漱石、芥川龙之介、大江健三郎、村上春树、梵高、卡夫卡、莎士比亚、孔子、老子、庄子、孟子、荀子、孙子等等，这些人的作品都是直抒胸臆的。并非直抒胸臆的，我找了找，手头没有，大概是因为我没有购买它们，但书店里绝大多数都是这种书。报刊杂志上也是。			2013001972	00	3351401728191763	1397721869504
1448201-	0		5	Wed Oct 30 14:19:06 +0800 2013			3639106007119039	3639106007119039				3639106007119039	0		#	9	<a href=" rel="nofollow">微博 weibo.com</a>	看IT食物链底层来的人，如何迈出最大的一小步！回答深井冰级极富挑战性问题，赠书《程序员第二步――从程序员到项目经理》与《黑客与画家――来自计算机时代的高见》精装本。@图灵教育 活动地址：			2013001972	00	0	1397721869504
1448202-	4		14	Fri Feb 21 21:56:42 +0800 2014			3680533382499440	3680533382499440				3680533382499440	0			15	<a href=" rel="nofollow">微博 weibo.com</a>	难道只有我一个人认为霍尊的卷珠帘被刘欢给改残了么。其他歌改的不错，但卷珠帘的升级版确实比原版差很远，有几处很好听的旋律给生生掰断了。非要把每首歌都给改成北京人在纽约的范儿才能舒心么。如果已经很好了，原封不动才是高明。			2013001972	00	0	1397721869505
1448203-	0		0	Wed Aug 07 09:44:12 +0800 2013			3608596254427883	3608596254427883				3608596254427883	0			0	<a href=" rel="nofollow">weiboim</a>				2013001972	00	0	1397721869505
1448204-	0		2	Fri Aug 30 21:20:14 +0800 2013			3617106329320233	3617106329320233				3617106329320233	0		#	2	<a href=" rel="nofollow">微博 weibo.com</a>	今天在观瞻书展时，惊闻作者吉日拉嘎针对其大作《程序员，你伤不起》发动了“你买书，他报销”的活动，福利量高达200册！短短一小时内，200册送完！因参加书展过错了第一时间观摩此活动的盛况。因手笔太大，活动过于剧烈，瞬间爆表： 如此豪放手笔，我以前未见！这就是自信！			2013001972	00	0	1397721869506
1448205-	0		5	Wed Apr 03 10:57:00 +0800 2013			3562953695048355	3562953695048355				3562953695048355	0			11	<a href=" rel="nofollow">微博 weibo.com</a>	祝贺《Android软件安全与逆向分析》与《我是设计师》两本书的繁体版权都成功输出台湾。同时，《腾云――云计算和大数据时代网络技术揭秘》当当昨天开售，今天即跑到计算机新书榜第二名站位。祝贺 @徐立冰2011 ，同时感谢封面设计师 @00王零零00 、插画师 @巫俊武ALEX ，和你们的配合一贯默契。			2013001972	00	0	1397721869506
1448206-	0		0	Thu Jun 16 19:01:19 +0800 2011			12456781044	12456781044				5618771046080102657	0			0	<a href=" rel="nofollow">微博 weibo.com</a>	社里的发行同事们，你们辛苦了。发行，同策划一样，都是辛苦的工作。			2013001972	00	0	1397721869507
1448207-	0		1	Wed Oct 30 13:00:23 +0800 2013			3639086193117725	3639086193117725				3639086193117725	0			0	<a href=" rel="nofollow">微博 weibo.com</a>	诺贝尔奖难道是可以集训出来的？这新闻劲脆鸡腿堡了			2013001972	00	0	1397721869507
1448208-	1		1	Fri Jul 05 16:10:11 +0800 2013			3596734590624719	3596734590624719				3596734590624719	0		#	1	<a href=" rel="nofollow">Android客户端</a>	这种扁扁的字体，一会导致阅读速度奇低，二会让阅读者感到他/她自己的脑袋都被压扁了。			2013001972	00	0	1397721869507
1448209-	0		0	Fri May 11 06:55:59 +0800 2012			3444392209784942	3444392209784942				3444392209784942	0			0	<a href=" rel="nofollow">Android客户端</a>	[哈哈]			2013001972	00	3443346792453385	1397721869508
1448210-	0		0	Sun Jun 26 23:39:05 +0800 2011			13074276652	13074276652				5622553477744291931	0			0	<a href=" rel="nofollow">微博 weibo.com</a>	好图！很生动！			2013001972	00	12882440864	1397721869508
1448211-	0		0	Tue Jul 09 23:05:04 +0800 2013			3598288541996456	3598288541996456				3598288541996456	0			0	<a href=" rel="nofollow">微博 weibo.com</a>	传神			2013001972	00	3598277256029118	1397721869508
1448212-	0		0	Tue Mar 26 09:35:12 +0800 2013			3560034006806110	3560034006806110				3560034006806110	0			0	<a href=" rel="nofollow">微博 weibo.com</a>	谢谢朋友们支持哈[嘻嘻] @马丁路德钢 我这不是高产，是低产哈。 //@陈冰_图书出版人:我的科普著作《上帝笑了》在豆瓣阅读上架了[嘻嘻] @徐立冰2011 @星河-作家 @周金桥 @蒋金楠 @刘松soso @冰雅冷轩 @电子书人老老老牛 @马丁路德钢 @FullisNull @互动出版网china-pub @豆瓣阅读 @CCTV读书			2013001972	00	3559736941156357	1397721869509
1448213-	0		0	Tue Nov 15 15:43:56 +0800 2011			3380020036298705	3380020036298705				3380020036298705	0			0	<a href=" rel="nofollow">微博 weibo.com</a>	请注意，22岁是州议员落选，你觉得这算成功还是失败？！很多人22岁时连州议员是干嘛的都不知道。			2013001972	00	3373205027117770	1397721869509
1448214-	0		0	Sun Nov 27 01:01:42 +0800 2011			3384146665756776	3384146665756776				3384146665756776	0			0	<a href=" rel="nofollow">微活动</a>	挖哦^^ @畅销IT图书作者王达 @电脑迷工作室 @还没睡醒的龙 地址：			2013001972	00	3382979298917203	1397721869509
1448215-	1		0	Fri Nov 29 22:48:41 +0800 2013			3650105883883447	3650105883883447				3650105883883447	0			0	<a href=" rel="nofollow">微博 weibo.com</a>	我最喜欢的绘本之一[呵呵]			2013001972	00	3649632556598430	1397721869510
1448216-	0		0	Fri Mar 29 16:59:11 +0800 2013			3561232910631188	3561232910631188				3561232910631188	0			1	<a href=" rel="nofollow">微博 weibo.com</a>	最后一句核突了。[兔子]			2013001972	00	3560495133389778	1397721869510
1448217-	0		0	Tue Feb 28 11:23:01 +0800 2012			3418005096598267	3418005096598267				3418005096598267	0		#	0	<a href=" rel="nofollow">微博 weibo.com</a>	旁边那个傻乎乎的家伙就是我，无论我到何处，我都得带上我自己，我想逃避和我所渴望的东西都在我的内心。			2013001972	00	0	1397721869510
1448218-	0		0	Sat Jun 30 20:39:10 +0800 2012			3462718759277780	3462718759277780				3462718759277780	0			0	<a href=" rel="nofollow">微博 weibo.com</a>	[蛋糕]			2013001972	00	3462714041503046	1397721869510
1448219-	0		17	Wed May 23 15:00:25 +0800 2012			3448862775390470	3448862775390470				3448862775390470	0		#	140	<a href=" rel="nofollow">微博 weibo.com</a>	刚才在一个菜鸟程序员写的博客中看到的一幅图，把我乐坏了：			2013001972	00	0	1397721869511
1448220-	0		2	Mon Jun 20 20:08:49 +0800 2011			12687341939	12687341939				5620272781383247947	0			2	<a href=" rel="nofollow">微博 weibo.com</a>	对于没有时效性的书，建议写完后不用着急出版，先放放，过几个月（甚至有时会长达几年），再拿出看看，如果到那时你感到这本书的价值丝毫不减，甚至有增无减。这本书就会成为经典。很多时候，几个月甚至几年后，当你再看时，你会发现其中有很多地方是需要修改的。			2013001972	00	0	1397721869511
1448221-	0		1	Mon Jan 30 13:24:18 +0800 2012			3407526374403278	3407526374403278				3407526374403278	0			0	<a href=" rel="nofollow">微博 weibo.com</a>	回复@a_qinysm:你好。我没有收到你发的私信哦。 //@a_qinysm:好的 谢谢！已私信 请注意查收			2013001972	00	3407211260381018	1397721869511
1448222-	0		1	Mon Feb 25 22:43:31 +0800 2013			3549723140704886	3549723140704886				3549723140704886	0			0	<a href=" rel="nofollow">微博 weibo.com</a>	我在网上看过了。一个很独特的创意，但挖掘的不够，没砸出出彩的火花。 //@星河-作家:回复@鲱鱼排:这事得这么说――物理设定是不堪一击，但由此而生的故事还行，画面也挺美。惟一的遗憾是，最后没看到他们怀孕生子――要我就写生了一对异卵双胞胎，一正一反！[笑哈哈][笑哈哈][笑哈哈]			2013001972	00	3549515917303113	1397721869512
1448223-	0		3	Fri May 25 06:42:49 +0800 2012			3449462326725889	3449462326725889				3449462326725889	0			8	<a href=" rel="nofollow">Android客户端</a>	【简单的力量】邓小平谈过往经历时这样回答：1、女儿邓榕曾问：长征时候你都干了些什么工作？答：跟着走；2、子女问邓小平如何评价刘邓大军的辉煌战果，答：刚刚合格；3、毛泽东接见下放回京的邓小平，问其在江西时做了什么，答：等待；4、加拿大前总理特鲁多问邓小平重返政坛秘决，答：忍耐！			2013001972	00	0	1397721869512
1448224-	0		0	Wed Jan 22 11:49:28 +0800 2014			3669508931402983	3669508931402983				3669508931402983	0			0	<a href=" rel="nofollow">微博 weibo.com</a>	这就类似于苹果和山寨苹果一样，一个个去打是打不完的，只有把自身品质提升到无法山寨的程度，山寨自然就成不了气候。			2013001972	00	3668809157745148	1397721869513
1448225-	0		2	Wed Jun 29 11:32:35 +0800 2011			13234505706	13234505706				5623479515642838752	0			0	<a href=" rel="nofollow">微博 weibo.com</a>	回复@小陆子的天空:也可能是姐姐^^叫《每天懂一点色彩心理学》。我猜是同一个人写的。 //@小陆子的天空:妹妹是什么书呢？ //@陈禹成_图书出版人:这本书的姊妹书我买过：） //@tianye9:@灿悠悠 @jacquelinevon ,@小陆子的天空			2013001972	00	13174510405	1397721869513
1448226-	0		0	Mon Aug 19 09:47:25 +0800 2013			3612945705213352	3612945705213352				3612945705213352	0		#	2	<a href=" rel="nofollow">微博 weibo.com</a>	很高兴看到《程序员，你伤不起》新华书店计算机程序设计类周榜第6名。@京东 和 @互动出版网china-pub 都给了很棒的宣传位，感谢支持！在当当目前位居30天榜第7名。			2013001972	00	0	1397721869514
1448227-	0		0	Fri Nov 11 08:53:31 +0800 2011			3378467196334702	3378467196334702				3378467196334702	0			0	<a href=" rel="nofollow">微博 weibo.com</a>	旅途中逐渐增加的困难会带来一种目的感， 这正是原本最缺乏的。 人生， 亦如此。			2013001972	00	0	1397721869514
1448228-	0		3	Tue Mar 19 21:04:33 +0800 2013			3557670768002844	3557670768002844				3557670768002844	0		#	5	<a href=" rel="nofollow">微博 weibo.com</a>	感谢 @京东商城 @京东商城图书音像 今天送了《Android软件安全与逆向分析》一份大礼、一份Jolt Award。今天一打开这个专题海报页，第一感觉就是酣畅。端详这幅海报，仿佛观赏好莱坞大片。气势磅礴！感谢你们的出色工作，这个海报页做的漂亮！ 同时感谢 @图灵郭志敏 的工作。 @图灵教育			2013001972	00	0	1397721869514
1448229-	0		0	Sat Aug 20 13:57:08 +0800 2011			3348465409484190	3348465409484190				3348465409484190	0			0	<a href=" rel="nofollow">微博 weibo.com</a>	今天有人问“好像”和“好象”的区别。“好像”指的是二者比较像。而“好象”指的是一头很好的大象。			2013001972	00	0	1397721869515
1448230-	0		1	Sat Jan 26 09:58:33 +0800 2013			3538658998861425	3538658998861425				3538658998861425	0			1	<a href=" rel="nofollow">微博 weibo.com</a>	是的。我没有说过纸书会完全消失，我说的是知识的主要载体不再是纸。想并驾齐驱的“相辅相成”是需要资本的，曾经让纸书兴盛起来的资本已经消失了。 //@马丁路德钢:钢笔出现后，毛笔作为文化信仰依然存在。			2013001972	00	3538103396368458	1397721869515
1448231-	0		3	Wed Mar 19 17:04:28 +0800 2014			3689881924101779	3689881924101779				3689881924101779	0			2	<a href=" rel="nofollow">微博 weibo.com</a>	为毛未关注人发来的私信得不到提醒，还要自己想着去看。导致一些几个月前的私信我今天才看到。就是因为未关注才更需要提醒呢，解题思路难道不该是这样的么。我家明明住这儿，给我的私信却扔在两个街区以外的我从来走不到的某个邮箱里，这合适么？嗯，小编，你说呢 @微博小秘书			2013001972	00	0	1397721869515
1448232-	0		0	Thu Aug 30 21:19:27 +0800 2012			3484834560802761	3484834560802761				3484834560802761	0			0	<a href=" rel="nofollow">微博 weibo.com</a>	支持你！			2013001972	00	3484521918280753	1397721869516
1448233-	0		0	Fri Jun 10 11:36:42 +0800 2011			12064968886	12064968886				5616429958187580152	0			1	<a href=" rel="nofollow">微博 weibo.com</a>	转发微博。			2013001972	00	12061820708	1397721869516
1448234-	0		0	Thu Aug 18 12:24:44 +0800 2011			3347717380576078	3347717380576078				3347717380576078	0			1	<a href=" rel="nofollow">微博 weibo.com</a>	一开始觉得很新鲜，看着看着……，就流泪了。			2013001972	00	3347696662092372	1397721869516
1448235-	0		4	Tue Jun 14 09:22:00 +0800 2011			12286355734	12286355734				5617879586961526703	0		#	1	<a href=" rel="nofollow">微博 weibo.com</a>	《电脑使用说明书》样书已拿到。			2013001972	00	0	1397721869517
1448236-	0		0	Sun Feb 05 10:27:06 +0800 2012			3409656107973015	3409656107973015				3409656107973015	0			0	<a href=" rel="nofollow">微博 weibo.com</a>	转发微博			2013001972	00	3402755618600734	1397721869517
1448237-	1		2	Sat Mar 29 12:55:26 +0800 2014			3693443131456465	3693443131456465				3693443131456465	0			17	<a href=" rel="nofollow">微博 weibo.com</a>	为这本有趣的书，我不得不写篇“编辑的话”[阴险]			2013001972	00	3693027217371183	1397721869517
1448238-	0		0	Tue Sep 25 16:11:18 +0800 2012			3494179097146828	3494179097146828				3494179097146828	0			1	<a href=" rel="nofollow">微博 weibo.com</a>	世界上更浪漫的事就是谭浩强的《C程序设计》孤独了20年后终于找到了《C程序设计伴侣》[兔子]当当预订			2013001972	00	3490126103571027	1397721869517
1448239-	0		1	Tue May 01 12:18:16 +0800 2012			3440849436774475	3440849436774475				3440849436774475	0			1	<a href=" rel="nofollow">Android客户端</a>	诺基亚现在最明智的做法就是彻底放弃赛班,放弃自己开发系统,转而全面采用安卓,同时加大屏幕尺寸,推出6英寸或6.5英寸手机(设计好手机的把持方式)，标配蓝牙耳机。这样的手机一推出,绝对秒杀苹果和其他品牌,至少把男性高端手机市场稳占。			2013001972	00	3440456790945843	1397721869518
1448240-	0		0	Tue Apr 09 22:15:36 +0800 2013			3565298793683732	3565298793683732				3565298793683732	0			0	<a href=" rel="nofollow">微博 weibo.com</a>	不管你信不信，我反正信了。 @图灵谢工 @图灵小花 @图灵de董苗苗 @图灵乐馨 @图灵刘美英			2013001972	00	3565232137954690	1397721869519
1448241-	0		3	Tue Jun 12 14:31:42 +0800 2012			3456103306173697	3456103306173697				3456103306173697	0			2	<a href=" rel="nofollow">微博 weibo.com</a>	自08年底后，科技类书名中使用“之美”的就多达40多本，如今我已明显审美疲劳，下次我得搞本“之丑”或“之特别丑”，倒不是觉得这个名字好，只是想和那些美的有所区别，也给读者多一个选择。			2013001972	00	0	1397721869519
1448242-	0		1	Wed Jun 20 09:15:22 +0800 2012			3458922805655041	3458922805655041				3458922805655041	0			2	<a href=" rel="nofollow">Android客户端</a>	许多书的出与不出基本上是全凭编辑的个人兴趣，并没有更多的深入调查和分析。			2013001972	00	3458745872864133	1397721869519
1448243-	0		0	Tue May 29 09:09:44 +0800 2012			3450948851062854	3450948851062854				3450948851062854	0			0	<a href=" rel="nofollow">Android客户端</a>	转发微博			2013001972	00	3450933054477379	1397721869520
1448244-	1		5	Mon Sep 02 16:34:13 +0800 2013			3618121510105524	3618121510105524				3618121510105524	0		#	39	<a href=" rel="nofollow">微博 weibo.com</a>	上学时……，工作后……			2013001972	00	0	1397721869520
1448245-	0		0	Sat Jun 25 16:14:03 +0800 2011			12975592670	12975592670				5622067708349248134	0			0	<a href=" rel="nofollow">微博 weibo.com</a>	#沃-CCTV2#不要去逼孩子了，不是每一个人孩子都能成为天才，看看你周围就知道了。我们经常听到这句话“天才是1%的天赋+99%的汗水”，这句话是爱迪生说的，但爱迪生的原话还有后半句――“但最关键的，还是那1%的天赋”。			2013001972	00	0	1397721869520
1448246-	0		0	Fri Aug 31 09:37:02 +0800 2012			3485020175547400	3485020175547400				3485020175547400	0			0	<a href=" rel="nofollow">微博 weibo.com</a>	想不出还有什么能比这个镜头更可爱的了。			2013001972	00	3485019685643001	1397721869520
1448247-	0		0	Sat Jul 13 09:20:36 +0800 2013			3599530610101195	3599530610101195				3599530610101195	0			0	<a href=" rel="nofollow">微博 weibo.com</a>	一座座山丘，不停翻越过去。			2013001972	00	3597883280652972	1397721869521
1448248-	0		0	Thu Jun 16 21:55:14 +0800 2011			12468793162	12468793162				5618815864049553020	0			0	<a href=" rel="nofollow">微博 weibo.com</a>	的确如此，微博在中国已经彻底白热化了。			2013001972	00	12468615416	1397721869521
1448249-	0		1	Wed May 09 21:05:50 +0800 2012			3443881305689391	3443881305689391				3443881305689391	0			0	<a href=" rel="nofollow">微博 weibo.com</a>	期待[嘻嘻]，也许叫“阳光码农”感觉更好			2013001972	00	3441266605799470	1397721869523
1448250-	0		0	Sun Nov 06 20:35:29 +0800 2011			3376831908872226	3376831908872226				3376831908872226	0			0	<a href=" rel="nofollow">微博 weibo.com</a>	笑抽了			2013001972	00	3376829325007667	1397721869523
1448251-	0		0	Mon Jul 15 21:20:23 +0800 2013			3600436520771048	3600436520771048				3600436520771048	0			25	<a href=" rel="nofollow">微博 weibo.com</a>	我做过两次，当场把我颠傻了。 //@tinyfool:在北京这还真是个办法 //@elya妞: 不坐地铁的人，竟然坐蹦蹦...[挖鼻屎] //@经纬Harry: 省钱，省时间，省事，环保，中国4大现代发明之一，北京最有效的交通工具。备注一下，这个是我专用司机，咱不用到处路边栏，打个电话一般5分钟内来接我！			2013001972	00	3600406682535785	1397721869523
1448252-	0		0	Thu Nov 10 13:36:04 +0800 2011			3378175914781333	3378175914781333				3378175914781333	0			0	<a href=" rel="nofollow">微博 weibo.com</a>	[呲牙]			2013001972	00	3374853923096303	1397721869524
1448253-	0		0	Wed May 23 08:34:08 +0800 2012			3448765564832784	3448765564832784				3448765564832784	0			0	<a href=" rel="nofollow">Android客户端</a>	长期不吃早餐会得胆结石。没有骨灰级爱好会丧失激情和创意。做不到的赶紧啦！			2013001972	00	3448646022710344	1397721869524
1448254-	0		1	Sat May 25 12:47:27 +0800 2013			3581825664719923	3581825664719923				3581825664719923	0		#	0	<a href=" rel="nofollow">Android客户端</a>	大运河森林公园			2013001972	00	0	1397721869524
1448255-	0		1	Thu Jul 18 15:38:42 +0800 2013			3601437701012245	3601437701012245				3601437701012245	0			0	<a href=" rel="nofollow">微博 weibo.com</a>	厉害的管理者都是很轻松的，因为他的工作全部交出去了。----《从程序员到项目经理》			2013001972	00	0	1397721869525
1448256-	0		0	Fri Mar 09 16:25:48 +0800 2012			3421705168861975	3421705168861975				3421705168861975	0			0	<a href=" rel="nofollow">微博 weibo.com</a>	当你对一个事物真正专注时，这种专注产生的引力会扭曲你周围的时空。			2013001972	00	0	1397721869525
1448257-	0		1	Wed Oct 26 16:49:42 +0800 2011			3372788824281670	3372788824281670				3372788824281670	0			1	<a href=" rel="nofollow">微博 weibo.com</a>	古老的信仰在我的心中成长，我的灵魂将得到更新。――《2300年的光》成就你一生的先秦国学经典			2013001972	00	0	1397721869525
1448258-	0		0	Wed Jun 06 07:54:25 +0800 2012			3453828999821661	3453828999821661				3453828999821661	0			0	<a href=" rel="nofollow">Android客户端</a>	很多时候哪怕一次错误的尝试也比从未尝试过要好。			2013001972	00	3453815393567358	1397721869525
1448259-	0		0	Thu Jan 17 12:15:35 +0800 2013			3535431998469601	3535431998469601				3535431998469601	0			0	<a href=" rel="nofollow">Android客户端</a>	我想是的，在这个角度，教材并不特殊。 //@上善若水_无欲则刚007:学校用的教材图书也会消失吗？ //@媒体人王业龙:@圣大燕园 大部分图书会消失，精品永存。 //@Lisa-爱雨: 没那么悲观吧？尽管有强弱之分，但应该会共存。  //@老张-北京出版人沙龙:[赞]正在向烈日下的冰山一样融化、消失			2013001972	00	3535391371695273	1397721869526
1448260-	0		0	Sat Apr 28 19:14:09 +0800 2012			3439866941116554	3439866941116554				3439866941116554	0		#	0	<a href=" rel="nofollow">微博 weibo.com</a>	来，击个掌！矮，矮油			2013001972	00	0	1397721869526
1448261-	0		0	Tue Jun 07 17:49:56 +0800 2011			11906457080	11906457080				5615412884161455590	0			0	<a href=" rel="nofollow">微博 weibo.com</a>	转发微博。			2013001972	00	11711761472	1397721869526
1448262-	0		0	Thu Oct 27 13:30:27 +0800 2011			3373101069237541	3373101069237541				3373101069237541	0			0	<a href=" rel="nofollow">微博 weibo.com</a>	介才叫真正地人工智能。			2013001972	00	3369565017289635	1397721869527
1448263-	0		1	Wed Jan 23 10:46:50 +0800 2013			3537583986050728	3537583986050728				3537583986050728	0			1	<a href=" rel="nofollow">专业版微博</a>	回复@图灵教育:谢谢支持[嘻嘻] //@图灵教育:@陈冰_图书出版人 陈老师，大家都来支持你[呵呵]			2013001972	00	3537582056991020	1397721869527
1448264-	0		0	Mon Nov 07 19:12:32 +0800 2011			3377173430063479	3377173430063479				3377173430063479	0			0	<a href=" rel="nofollow">微博 weibo.com</a>	好图必转			2013001972	00	3375364540173890	1397721869527
1448265-	0		3	Thu May 17 08:40:33 +0800 2012			3446592856556054	3446592856556054				3446592856556054	0			0	<a href=" rel="nofollow">Android客户端</a>	呃,我不同意你的观点,就像书桌和餐桌一样,没有谁取代谁谁最终胜出的问题,最终二者会有效共存。仅从存储空间和效率看,电子书确实绝对胜出,但买了几万本书却用一个笔记本就能带走不也是一种失落么,失去了触摸和翻阅的乐趣,很多乐趣,体会,灵感是只有实物才能带给你的。就个人而言,我更喜欢用车来拉书。			2013001972	00	3446442728909174	1397721869528
1448266-	0		1	Wed Apr 16 15:18:44 +0800 2014			3700002176071076	3700002176071076				3700002176071076	0		#	2	<a href=" rel="nofollow">微博 weibo.com</a>	通读一遍，编程从此不困惑！《大话重构》互动、卓越、当当现已到货，正式发货啦！另外，近期人品攒够者可以去51CTO有奖答题抽奖。活动地址：			2013001972	00	0	1397721869528
1448267-	0		0	Tue Jul 23 09:31:38 +0800 2013			3603157264917029	3603157264917029				3603157264917029	0			0	<a href=" rel="nofollow">微博 weibo.com</a>	帮转。祝早日康复！ //@图灵刘美英:朋友，或许我与你不够相熟，甚至从未谋面，但@你的那一刻，我迫切需要你的帮助，请帮忙转发，@连魏卫要抗癌 需要公众媒体的关注，真诚地感谢您！@微公益 @图灵谢工 @李松峰 @2gua @陈冰_图书出版人			2013001972	00	3602411673340904	1397721869528
1448268-	0		0	Sun Sep 02 19:14:50 +0800 2012			3485890377141804	3485890377141804				3485890377141804	0		#	0	<a href=" rel="nofollow">微刊</a>	【当分身术遇上分身术】? 当分身术遇上分身术~~~  --分享@艾码文化 微刊《冷笑话工场》里的文章  			2013001972	00	0	1397721869528
1448269-	0		0	Sat Feb 02 13:36:47 +0800 2013			3541250634815059	3541250634815059				3541250634815059	0			0	<a href=" rel="nofollow">Android客户端</a>	很快你会越买越多的。我现在是只要有电子版绝不买纸书。已经到了书只要不显示在手机上就不爱看它的地步。 //@CodeRush:@图灵谢工 @图灵社区 @图灵教育 @图灵袁野 @冰雅冷轩 @陈冰_图书出版人 。特别是陈冰兄弟，看吧我也不是完全排斥电子书哦～			2013001972	00	3541045302241229	1397721869543
1448270-	0		1	Wed Sep 25 13:33:36 +0800 2013			3626410981330076	3626410981330076				3626410981330076	0			1	<a href=" rel="nofollow">微博 weibo.com</a>	《程序员，你伤不起》开售一个半月即重印！相当不错的成绩，祝贺吉日同学和春雷同学 @马丁路德钢 这是相当有趣的一本书，你从任何一页翻开都会津津有味的读下去，没看过的赶紧去买吧。			2013001972	00	0	1397721869543
1448271-	0		0	Mon Jun 27 21:52:43 +0800 2011			13133907574	13133907574				5622897152433090055	0			0	<a href=" rel="nofollow">微博 weibo.com</a>	自由的小鸟			2013001972	00	13008953731	1397721869544
1448272-	0		3	Sun Jun 09 10:27:41 +0800 2013			3587226304365134	3587226304365134				3587226304365134	0			2	<a href=" rel="nofollow">微博 weibo.com</a>	加入心愿单就会有好心人送吗？[din推撞] //@冰雅冷轩:我也加入心愿单了，`(*∩_∩*)′ //@涂鸦码龙: 我也加了，等人送[哈哈]			2013001972	00	3587204649301892	1397721869544
1448273-	0		0	Tue Jun 14 10:46:52 +0800 2011			12291243456	12291243456				5617901456935983496	0			0	<a href=" rel="nofollow">微博 weibo.com</a>	一人去算命，算命先生摸骨、相面、算八字后，说：“你二十岁恋爱，二十五岁结婚，三十岁生子，一生富贵平安家庭幸福晚年无忧。”此人先惊后怒，道：“我今年三十五岁，博士，光棍，没有恋爱。”先生闻言，略微沉思后说：“年轻人，知识改变命运啊。”			2013001972	00	0	1397721869545
1448274-	0		0	Wed Oct 26 22:31:36 +0800 2011			3372874865958619	3372874865958619				3372874865958619	0			0	<a href=" rel="nofollow">微博 weibo.com</a>	说的很对。			2013001972	00	3372857805937641	1397721869545
1448275-	1		0	Fri Aug 16 17:24:04 +0800 2013			3611973465923942	3611973465923942				3611973465923942	0			2	<a href=" rel="nofollow">微博 weibo.com</a>	作者和策划编辑之间是互相成就的。好作者只有遇到一个对的编辑，才能知道自己的水平到底有多强，才能看到自己作品的价值；而好编辑也只有找到一个好作者，才能英雄有用武之地，落实自己的策划思想。			2013001972	00	0	1397721869545
1448276-	0		0	Fri Jun 01 12:03:07 +0800 2012			3452079655501679	3452079655501679				3452079655501679	0			0	<a href=" rel="nofollow">专业版微博</a>	祝厦门大学出版社的童鞋们节日快乐[可爱]			2013001972	00	3452055304104957	1397721869546
1448277-	0		0	Thu Jun 23 01:37:16 +0800 2011			12804080882	12804080882				5621099592651096067	0			0	<a href=" rel="nofollow">微博 weibo.com</a>	能从一般人感觉不到的平凡事物中看到爱和生命，并把这份爱和生命清楚地描绘出来，就是凡高的画为什么能让人感到生命的奔放的原因。天才，说到底，就是天生的。			2013001972	00	0	1397721869546
1448278-	0		2	Mon Mar 04 16:48:32 +0800 2013			3552170521629155	3552170521629155				3552170521629155	0		#	3	<a href=" rel="nofollow">微博 weibo.com</a>	哇欧！《Android软件安全与逆向分析》这本书终于开始发货了，各位明天应该就可以在网店买到了（最快到货的应该是当当和互动出版）。很高兴当当给了一个专题页： 谢谢。			2013001972	00	0	1397721869547
1448279-	0		0	Wed May 09 20:05:57 +0800 2012			3443866235144496	3443866235144496				3443866235144496	0			0	<a href=" rel="nofollow">微博 weibo.com</a>	[哈哈][哈哈][哈哈]			2013001972	00	3443864872864199	1397721869547
1448280-	0		0	Fri Mar 08 22:38:10 +0800 2013			3553708073666831	3553708073666831				3553708073666831	0			0	<a href=" rel="nofollow">微博 weibo.com</a>	你才知道啊，大师，你是地球人么[偷笑]			2013001972	00	3553700574030513	1397721869547
1448281-	0		0	Sat Mar 09 13:14:56 +0800 2013			3553928710467002	3553928710467002				3553928710467002	0			0	<a href=" rel="nofollow">微博 weibo.com</a>	呆萌呆萌的[兔子]			2013001972	00	3553925741893297	1397721869548
1448282-	0		1	Wed May 29 12:36:07 +0800 2013			3583272359207780	3583272359207780				3583272359207780	0			1	<a href=" rel="nofollow">微博 weibo.com</a>	《Android软件安全与逆向分析》上市两个月就出现高清扫描版了（还制作了目录标签），对作者和出版社损失都造成非常大的损失。从4月开始，销售速度下滑非常明显。请读者们支持正版，这是对作者努力工作和辛苦写作的支持，也是对出版方齐心协力为图书付出的尊重。			2013001972	00	3583260472441601	1397721869548
1448283-	0		0	Thu Jun 23 17:38:52 +0800 2011			12836143862	12836143862				5621347395092825656	0			0	<a href=" rel="nofollow">微博 weibo.com</a>	很多时候，目标能否实现，在你全力以赴坚持到底之前，是不能下结论的。对于绝大多数人根本不能实现的目标，对于极个别能够坚持到底的人，是会有转机的。			2013001972	00	0	1397721869549
1448284-	0		0	Mon May 07 07:10:06 +0800 2012			3442946211065042	3442946211065042				3442946211065042	0			0	<a href=" rel="nofollow">Android客户端</a>	[爱心传递]			2013001972	00	3442944906579088	1397721869549
1448285-	0		0	Sat Jun 18 15:28:57 +0800 2011			12574021646	12574021646				5619458489947079365	0			1	<a href=" rel="nofollow">微博 weibo.com</a>	介才叫创意//@小凡_fanfan：[耶]			2013001972	00	12514945003	1397721869549
1448286-	0		2	Thu Apr 12 08:27:12 +0800 2012			3433905921525960	3433905921525960				3433905921525960	0			1	<a href=" rel="nofollow">Android客户端</a>	哈哈,别想歪了。胸怀坦荡光明磊落的人也有着只属于他的秘密。 //@2gua:就是谁都可以玩“潜伏”？			2013001972	00	3433898346334280	1397721869549
1448287-	0		0	Sat Aug 10 20:35:22 +0800 2013			3609847280840418	3609847280840418				3609847280840418	0			0	<a href=" rel="nofollow">微博 weibo.com</a>	只有诚实才能看到它应有的样子。 //@图灵刘美英:好深刻啊！			2013001972	00	3609703025899898	1397721869550
1448288-	0		3	Tue Jun 04 12:15:46 +0800 2013			3585441565179878	3585441565179878				3585441565179878	0		#	0	<a href=" rel="nofollow">Android客户端</a>	天完全黑了。			2013001972	00	0	1397721869550
1448289-	0		1	Mon Jun 20 23:56:33 +0800 2011			12699238598	12699238598				5620331467819636291	0		#	0	<a href=" rel="nofollow">微博 weibo.com</a>	世界不会在意你的自尊，人们看的只是你的成就。在你没有成就以前，切勿过分强调自尊。			2013001972	00	0	1397721869550
1448290-	0		0	Sun Jun 19 21:25:56 +0800 2011			12641695719	12641695719				5619921569026921339	0			0	<a href=" rel="nofollow">微博 weibo.com</a>	今天下午比较成功的做了一次糖包，也叫糖芯馒头。在这里教教大家，不会做馒头蒸馒头的也可以跟着学学：（1）先舀出四小碗全麦粉，倒入大不锈钢盆里，然后倒入一包酵母粉，拌匀，然后倒入适量水，使劲揉这些面，最终形成不软不硬的一个面团，然后给盆盖上盖子，让面团发1个半小时。			2013001972	00	0	1397721869551
1448291-	0		1	Mon Mar 18 09:49:32 +0800 2013			3557138514958200	3557138514958200				3557138514958200	0		#	1	<a href=" rel="nofollow">微博 weibo.com</a>	《我是设计师》自去年9月上市以来，口碑很好！这是被誉为设计界的奥斯卡的德国红点设计大奖得主刘松十年设计心得的总结。你将学到创意产生的方法，以及如何将创意最终落实成产品。这是写给工业设计新手和初入行设计师的诚恳与用心之作。订购： @图灵教育 @刘松soso			2013001972	00	0	1397721869551
1448292-	0		2	Thu Feb 28 12:21:28 +0800 2013			3550653760617797	3550653760617797				3550653760617797	0			2	<a href=" rel="nofollow">百道网</a>	回复@aili_chen:哈哈，我也发现了，要的就是介个效果[嘻嘻] (评论给 陈冰：由劣质译著引发的思索-百道网    )			2013001972	00	0	1397721869551
1448293-	0		5	Fri Jul 29 08:31:38 +0800 2011			15563857990	15563857990				3340410961288225	0		#	4	<a href=" rel="nofollow">微博 weibo.com</a>	乔布斯并不是PC的发明者，但是苹果电脑却使人眼睛发光；他也没有发明MP3，但iPod却风靡世界；他以前没有做过手机，但iPhone将诺基亚摩托罗拉打得落花流水；在乔布斯之前许多人做平板电脑失败了，但iPad却激发了消费者的狂热……所谓创新，就是把别人已经做过的东西再做得更好一点！			2013001972	00	0	1397721869552
1448294-	0		0	Sat Mar 24 15:17:39 +0800 2012			3427123840531115	3427123840531115				3427123840531115	0			0	<a href=" rel="nofollow">微博 weibo.com</a>	朋友，如果你问我我正在做什么，我会告诉你，其实，我正在削土豆。[可爱]			2013001972	00	0	1397721869552
1448295-	0		0	Sat Mar 30 21:37:04 +0800 2013			3561665222090099	3561665222090099				3561665222090099	0			0	<a href=" rel="nofollow">微博 weibo.com</a>	一个男人滔滔的一生，用三百岁的声音唱给你听，四百首歌的最后一曲――“今天我又伤害了自己，是想知道自己可还有感知的气力。”无法超越的Johnny Cash。 			2013001972	00	0	1397721869553
1448296-	0		0	Wed May 16 08:53:48 +0800 2012			3446233798890366	3446233798890366				3446233798890366	0			0	<a href=" rel="nofollow">Android客户端</a>	There is still a long way to go. You may cry, but you have to keep on moving and never stop. ―― 前面还有很长的路要走，你可能会哭，但一定要走下去，不能停。			2013001972	00	0	1397721869553
1448297-	0		1	Sat Apr 28 22:18:57 +0800 2012			3439913439358642	3439913439358642				3439913439358642	0			1	<a href=" rel="nofollow">微博 weibo.com</a>	[嘻嘻][嘻嘻][嘻嘻]			2013001972	00	3439909941845596	1397721869553
1448298-	0		0	Wed Nov 23 23:50:40 +0800 2011			3383041625848284	3383041625848284				3383041625848284	0			0	<a href=" rel="nofollow">微博 weibo.com</a>	央视看了，指定一脸黑线[哈哈]			2013001972	00	3382688908718796	1397721869554
1448299-	0		1	Mon Jul 04 22:55:30 +0800 2011			13640538080	13640538080				5625510927798598902	0			1	<a href=" rel="nofollow">微博 weibo.com</a>	给力的老陈。			2013001972	00	13564276710	1397721869554
1448300-	0		0	Mon Mar 11 07:49:09 +0800 2013			3554571500231826	3554571500231826				3554571500231826	0			0	<a href=" rel="nofollow">Android客户端</a>	你还没有努力到可以抱怨天赋不足。			2013001972	00	0	1397721869554
1448301-	0		1	Sat Jun 18 15:45:10 +0800 2011			12574711200	12574711200				5619462668950431299	0			1	<a href=" rel="nofollow">微博 weibo.com</a>	好可爱好可爱呀			2013001972	00	12494998142	1397721869555
1448302-	0		0	Mon Jun 06 08:40:06 +0800 2011			11819181892	11819181892				5614900108014425205	0			0	<a href=" rel="nofollow">微博 weibo.com</a>	转发微博。			2013001972	00	11682139025	1397721869555
1448303-	0		0	Fri Apr 19 21:55:59 +0800 2013			3568917739589649	3568917739589649				3568917739589649	0			0	<a href=" rel="nofollow">微博 weibo.com</a>	壮哉我大山寨！			2013001972	00	3568911456539347	1397721869555
1448304-	0		0	Tue May 01 10:40:02 +0800 2012			3440824719435988	3440824719435988				3440824719435988	0			0	<a href=" rel="nofollow">Android客户端</a>	转发微博			2013001972	00	3432517707717218	1397721869555
1448305-	0		0	Wed Nov 16 23:09:34 +0800 2011			3380494568117294	3380494568117294				3380494568117294	0			0	<a href=" rel="nofollow">微博 weibo.com</a>	忘穿秋裤，哈哈//@许西安1973: 有一种思念叫望穿秋水，有一种寒冷叫忘穿秋裤。虽然终于知道咋回事了，但总觉得有点子搞笑。//@拒绝江湖:校习啦！[兔子]// @李大鹏长沙 : 原来如此，秋裤的由来，以前一直以为是秋天穿的裤子呢 // @zmat :原来如此，还真是第一次听说。 // @林达Samuel :这个太搞笑了			2013001972	00	3380400913410777	1397721869556
1448306-	0		1	Tue Apr 23 11:39:41 +0800 2013			3570212198641136	3570212198641136				3570212198641136	0			1	<a href=" rel="nofollow">微博 weibo.com</a>	读不下去的书太多了，应该说“名著”中死活读不下去的。			2013001972	00	3570175201173186	1397721869556
1448307-	0		0	Wed Jun 29 09:01:17 +0800 2011			13224450350	13224450350				5623440525927717327	0			1	<a href=" rel="nofollow">微博 weibo.com</a>	说得好！赞同。			2013001972	00	13224407544	1397721869556
1448308-	0		4	Sun Aug 11 20:33:45 +0800 2013			3610209257511990	3610209257511990				3610209257511990	0			3	<a href=" rel="nofollow">微博 weibo.com</a>	以我早年游学西安的经历看，此乃打入岐山臊子面内部的biangbiang面。 //@陶然万柳世界:@世图张跃明 @马褂木读书 你们老家人说的对不？[嘻嘻] //@安然的蓝: [哈哈]			2013001972	00	3610098557914563	1397721869557
1448309-	0		5	Thu Jul 25 12:14:28 +0800 2013			3603923014857616	3603923014857616				3603923014857616	0			0	<a href=" rel="nofollow">微博 weibo.com</a>	回复@璐柯艾特蜜:我也想出纸质书啊，但现在木有出版社愿意出这本书啊。编辑不能在自己所在的出版社出书，其他社我也联系过几家，都石沉大海啊，真是现实的大杯具。垃圾书满天飞，好书出不了，中国出版的特点。			2013001972	00	3603202207852307	1397721869557
1448310-	0		4	Tue Nov 27 10:51:55 +0800 2012			3516929157138967	3516929157138967				3516929157138967	0			3	<a href=" rel="nofollow">微博 weibo.com</a>	把学到的东西教给别人，无论是口口相授还是文以载道，你都会发现自己也能从这个过程中收获良多。――今天在CSDN看到的一句话。我为什么建议IT高手写书，IT高手为什么应该写书，这就是其中很重要的一个原因，写书不仅仅只是在放电，在放电的过程中，你也打通了你自己的任督二脉。			2013001972	00	0	1397721869557
1448311-	0		5	Sun Jun 19 21:50:50 +0800 2011			12642988240	12642988240				5619927985708419400	0		#	0	<a href=" rel="nofollow">微博 weibo.com</a>	这是我今天最终做出来的糖包（糖芯馒头）照片。样子或许不是很好看，但很好吃，而且很有营养。糖包应该属于比较经典的家庭小吃。			2013001972	00	0	1397721869558
1448312-	0		0	Thu Jan 17 11:42:02 +0800 2013			3535423551117600	3535423551117600				3535423551117600	0			0	<a href=" rel="nofollow">Android客户端</a>	回复@书医_吴庆:淘汰通常都是嘎然而止的，循序渐进的反而很少。 //@书医_吴庆:从美国纸质报业的命运来看，纸质书的消亡有可能不是一个渐变的过程，可能是在某一年里之前积累的变化突然爆发。			2013001972	00	3535391371695273	1397721869558
1448313-	0		0	Wed Apr 25 08:53:30 +0800 2012			3438623578109457	3438623578109457				3438623578109457	0			0	<a href=" rel="nofollow">Android客户端</a>	回复@叶璇帆:[威武] //@叶璇帆:中国人自嘲的点越来越多！			2013001972	00	3438113374600549	1397721869558
1448314-	0		0	Thu Jun 28 09:23:46 +0800 2012			3461824018394623	3461824018394623				3461824018394623	0			0	<a href=" rel="nofollow">Android客户端</a>	转发微博			2013001972	00	3460766629851106	1397721869558
1448315-	0		1	Wed May 23 07:48:13 +0800 2012			3448754009189927	3448754009189927				3448754009189927	0			0	<a href=" rel="nofollow">Android客户端</a>	我有一位事业很成功的朋友,快40岁了,无论工作如何更换,但他的手机号自从大学毕业后入职第一份工作起就再也没换过,他的QQ号也一样,至今仍使用着第一份工作时注册的那个5位的QQ号。这里有一个启示,给所有职场人。			2013001972	00	0	1397721869559
1448316-	0		0	Tue Jun 21 12:05:27 +0800 2011			12715458448	12715458448				5620519303923899044	0			0	<a href=" rel="nofollow">微博 weibo.com</a>	所以，说到底还是品牌最给力。由此偶想到，乔布斯就是做出一砣便便，全世界也都会一致认可这是全世界最拉风最有创意的一砣便便。			2013001972	00	12714880923	1397721869559
1448317-	0		1	Sat Jun 08 11:14:32 +0800 2013			3586875707005077	3586875707005077				3586875707005077	0		#	0	<a href=" rel="nofollow">微博会员</a>	#会员一周年# [会员一周年]甜甜的蛋糕，柔柔的烛光，与小会长一起换上新装。在今天这个特殊的日子，屏蔽烦恼，置顶幸福，同祝小会长1岁生日快乐！周年庆期间，所有模板免费使用，200多套一天换10套！快来换装吧！			2013001972	00	0	1397721869559
1448318-	0		1	Fri Jul 08 19:03:27 +0800 2011			13945575282	13945575282				5626935469660334174	0			1	<a href=" rel="nofollow">微博 weibo.com</a>	关键是最后那一下的神态，简直绝了。哈哈			2013001972	00	13944082156	1397721869560
1448319-	0		2	Mon Jul 04 10:21:19 +0800 2011			13587143176	13587143176				5625316576239583097	0		#	1	<a href=" rel="nofollow">微博 weibo.com</a>	这是新的海报页头。			2013001972	00	0	1397721869560
1448320-	0		0	Tue Apr 02 13:06:29 +0800 2013			3562623897893862	3562623897893862				3562623897893862	0			0	<a href=" rel="nofollow">专业版微博</a>	啊哈，不知为什么，就是脚地《Android软件安全与逆向分析》这本书的封面与众不同。[抱抱]			2013001972	00	3562305822204448	1397721869560
1448321-	0		1	Wed Jun 19 14:23:32 +0800 2013			3590909536846171	3590909536846171				3590909536846171	0			0	<a href=" rel="nofollow">微博 weibo.com</a>	不易。祝大卖！			2013001972	00	3589522048211885	1397721869561
1448322-	0		0	Tue Jan 29 17:34:08 +0800 2013			3539860813889113	3539860813889113				3539860813889113	0			0	<a href=" rel="nofollow">微博 weibo.com</a>	[兔子]			2013001972	00	3529410869164914	1397721869561
1448323-	0		1	Fri May 18 08:23:13 +0800 2012			3446950878159692	3446950878159692				3446950878159692	0			1	<a href=" rel="nofollow">Android客户端</a>	还是这个问题,如果人能活到160岁,你干不干。 //@蔡文胜:相信很多人不干的，人老了却啥也干不了。年轻多好！  //@太商公:转发微博			2013001972	00	3446937519331658	1397721869561
1448324-	0		6	Thu Nov 17 19:21:56 +0800 2011			3380799669375782	3380799669375782				3380799669375782	0		#	0	<a href=" rel="nofollow">微博 weibo.com</a>	这两个版式，大家喜欢哪个。版式二			2013001972	00	0	1397721869562
1448325-	0		2	Tue Jul 12 11:28:22 +0800 2011			14227008596	14227008596				5628302536281558952	0			1	<a href=" rel="nofollow">微博 weibo.com</a>	二，如果你的书要体现的是时尚感和精品感，那么在版式设计上，一定要加页面大上下左右的页边距，更大的留白会让读者的呼吸更加的顺畅，从而觉得你的书的内容更容易接受。另外，通过留白，你还向读者传递了这样一个潜在的信息――			2013001972	00	0	1397721869562
1448326-	0		1	Sun Jan 27 19:45:58 +0800 2013			3539169214858344	3539169214858344				3539169214858344	0			0	<a href=" rel="nofollow">微博 weibo.com</a>	回复@nikang:就等三星的note3了 //@nikang:三星那个平板电话？ //@陈冰_图书出版人:我比较中意的是7寸的。[呵呵]			2013001972	00	3539162412255906	1397721869562
1448327-	0		0	Fri Jun 01 07:17:47 +0800 2012			3452007845359874	3452007845359874				3452007845359874	0			0	<a href=" rel="nofollow">Android客户端</a>	祝所有小盆友节日快乐[爱你]			2013001972	00	3452007157755479	1397721869563
1448328-	0		0	Fri Jul 19 16:56:24 +0800 2013			3601819638707165	3601819638707165				3601819638707165	0			5	<a href=" rel="nofollow">微博 weibo.com</a>	转发微博			2013001972	00	3601530479067834	1397721869563
1448329-	0		0	Fri May 11 07:01:44 +0800 2012			3444393656903504	3444393656903504				3444393656903504	0			0	<a href=" rel="nofollow">Android客户端</a>	《老子》和《孙子》至少都印了2，3亿本。			2013001972	00	3444246462245361	1397721869563
1448330-	0		0	Tue Aug 27 12:22:20 +0800 2013			3615883794258188	3615883794258188				3615883794258188	0		#	0	<a href=" rel="nofollow">微博 weibo.com</a>	#晾书评# 《程序员，你伤不起》 很真实，很实在。把书看了一遍了，真的学到了好多东西，真得很感谢你写的这本书，让我的目标有了新的方向。			2013001972	00	0	1397721869563
1448331-	0		4	Sun Jun 19 20:05:49 +0800 2011			12637844238	12637844238				5619900923118076634	0			0	<a href=" rel="nofollow">微博 weibo.com</a>	我把守夜神的眼睛变形为一个T形，代表Technology，是英语中“技术”和“科技”的意思。眼睛化为T，表示永远紧盯技术与科技的最前沿。守夜神的职责就是守夜，并且是为伟大的黄帝守夜，有守护和保卫的神力。而安全正是IT产品所必须的。白天有人看管，夜晚更需要保障安全运行，因此，名为守夜神。			2013001972	00	0	1397721869564
1448332-	0		0	Fri Aug 24 20:32:13 +0800 2012			3482648347832801	3482648347832801				3482648347832801	0			0	<a href=" rel="nofollow">Android客户端</a>	编辑选作者也适用哇[泪]			2013001972	00	3482644979820110	1397721869564
1448333-	0		0	Fri Jun 01 08:36:29 +0800 2012			3452027646582112	3452027646582112				3452027646582112	0			0	<a href=" rel="nofollow">Android客户端</a>	赞			2013001972	00	3452025541342262	1397721869564
1448334-	0		0	Tue May 08 08:39:31 +0800 2012			3443331105621661	3443331105621661				3443331105621661	0			0	<a href=" rel="nofollow">Android客户端</a>	“老板,怎么卖啊？” ”五毛一行” ”给我来10块钱儿的” //@程序员幽默:老板，有Java代码出售么? 来3千行！			2013001972	00	3443208955032027	1397721869565
1448335-	0		3	Fri Aug 24 08:48:51 +0800 2012			3482471339716673	3482471339716673				3482471339716673	0			0	<a href=" rel="nofollow">微博 weibo.com</a>	已经爬过两次了，不得不说，没什么挑战性，爬起来比看起来容易。			2013001972	00	3482468122388031	1397721869565
1448336-	0		1	Wed Jun 22 16:13:19 +0800 2011			12777160254	12777160254				5620954263852147743	0			9	<a href=" rel="nofollow">微博 weibo.com</a>	这就是历史！震撼！！！注意2分30秒！！！但一定要从头看！ 			2013001972	00	0	1397721869565
1448337-	0		1	Fri Apr 27 08:38:58 +0800 2012			3439344700795615	3439344700795615				3439344700795615	0			0	<a href=" rel="nofollow">Android客户端</a>	我已经在淘宝买了几万元的东西了,如果没有淘宝,我有很多东西根本没有地方可买,在一个礼乐崩坏,缺失诚信的社会,阿里淘宝创造了一个尽可能诚信的流程和环境,难能可贵,可以说是一个奇迹,除了马云,没有人能做到这一点。[威武][赞]			2013001972	00	3439189427493451	1397721869566
1448338-	0		1	Wed Jun 22 09:42:52 +0800 2011			12758814610	12758814610				5620853645648261855	0		#	1	<a href=" rel="nofollow">微博 weibo.com</a>	当当、互动出版、卓越，《电脑使用说明书》均已到货，即将在当当上的静态Banner是这个样子地：			2013001972	00	0	1397721869566
1448339-	0		5	Fri Feb 24 10:05:19 +0800 2012			3416535991174029	3416535991174029				3416535991174029	0		#	4	<a href=" rel="nofollow">微博 weibo.com</a>	国内缺少真正的原创科普。作为一个非著名科普作者，我认为，真正有价值的科普书的定位，应该是介于科技和科幻之间的。科学讲求大胆的想象和谨慎的求证。而对科普，则是立足于严谨的科技，展开大胆又值得推敲的想象，引发并引领人们的思考。			2013001972	00	0	1397721869566
1448340-	0		0	Wed Apr 09 09:40:07 +0800 2014			3697380245062417	3697380245062417				3697380245062417	0			2	<a href=" rel="nofollow">微博 weibo.com</a>	一本灰常好看的书[嘻嘻]			2013001972	00	3697225656626779	1397721869566
1448341-	0		0	Thu Jun 21 07:00:05 +0800 2012			3459251144070414	3459251144070414				3459251144070414	0			0	<a href=" rel="nofollow">Android客户端</a>	【德鲁克经典语录】1  企业走下坡路的第一个信号，是对那些合格的，能干的和有志向的人才，失去吸引力；2  管理不在于 “知”，而在于“行”；3  我永远不会提拔一个从不犯错误、特别是从不犯大错误的人担任最高层的工作。#德老V5#			2013001972	00	0	1397721869567
1448342-	0		0	Wed Jun 06 19:08:45 +0800 2012			3453998701364879	3453998701364879				3453998701364879	0			0	<a href=" rel="nofollow">Android客户端</a>	对于这个数据，即使不公布老百姓也能猜到是这么回事。这让我想起一个前苏联的笑话，说是一个警察逮到一个发传单的，结果检查发现所有传单都是空白的，就质问此人为什么传单上不印字？！此人答：印啥字，大家都知道啊！			2013001972	00	3453977708108407	1397721869567
1448343-	0		0	Sat May 19 22:58:42 +0800 2012			3447533596842062	3447533596842062				3447533596842062	0		#	0	<a href=" rel="nofollow">微博 weibo.com</a>	面朝大海，春暖花开                ――海子从明天起，做一个幸福的人 喂马、劈柴，周游世界 　　从明天起，关心粮食和蔬菜 　　我有一所房子面朝大海，春暖花开。 　　从(详见长微博) ...    （分享自 @长微博工具）			2013001972	00	0	1397721869567
1448344-	0		1	Thu Jun 07 07:59:23 +0800 2012			3454192637635216	3454192637635216				3454192637635216	0		#	2	<a href=" rel="nofollow">Android客户端</a>	PM2.5是指大气中直径小于等于2.5微米的颗粒物.其营养丰富,富含大量有毒有害物质,且其体型娇小,极利人体吸收,可直接进入支气管,引发各种疾病,并补充国人每日所需各种有害物质,PM2.5全球分布图,偶们勇夺世界第一.米馆公布的空气质量指数中最高值只有500,而米馆曾检测北京PM2.5值达522,因此不幸爆表。			2013001972	00	0	1397721869568
1448345-	0		1	Fri May 25 06:46:42 +0800 2012			3449463308235854	3449463308235854				3449463308235854	0			3	<a href=" rel="nofollow">Android客户端</a>	盛田昭夫：别要求下属和你意见一致。如果你和我在一切问题上意见均一致，那么这个公司的确没必要我们俩人同时拿薪水。正因为你我意见不同，公司才会少犯错误。			2013001972	00	0	1397721869568
1448346-	0		0	Sat Mar 31 22:45:57 +0800 2012			3429773369913418	3429773369913418				3429773369913418	0			0	<a href=" rel="nofollow">微博 weibo.com</a>	今天见到一个老朋友，感慨万千。			2013001972	00	0	1397721869569
1448347-	0		1	Tue Jul 12 17:52:29 +0800 2011			14255887944	14255887944				5628401522398271688	0			1	<a href=" rel="nofollow">微博 weibo.com</a>	同感。早知如此，干嘛还要每个人都要学这些东西呢。			2013001972	00	14255705521	1397721869569
1448348-	0		1	Mon May 14 21:12:05 +0800 2012			3445694814166300	3445694814166300				3445694814166300	0			0	<a href=" rel="nofollow">微活动</a>	奖品！一定要HOLD住！一起来抢啊！"《暗黑3》繁体中文实体客户端 微坛大派送" 			2013001972	00	3445557127294935	1397721869569
1448349-	0		0	Fri Apr 06 11:30:08 +0800 2012			3431777622034195	3431777622034195				3431777622034195	0			0	<a href=" rel="nofollow">微博 weibo.com</a>	不要轻易评价他人，因为你没有经历他所经历的。			2013001972	00	0	1397721869569
1448350-	0		1	Fri Nov 11 08:59:40 +0800 2011			3378468748245021	3378468748245021				3378468748245021	0			0	<a href=" rel="nofollow">微博 weibo.com</a>	评价一个从事艺术的人的水平，要以他曾达到的最高水平来衡量，而不能以他的最低水平来衡量。每个人都会制造垃圾，但有才华的人除了垃圾还制造别的东西。			2013001972	00	0	1397721869570
1448351-	0		0	Sun Aug 11 09:08:11 +0800 2013			3610036733256903	3610036733256903				3610036733256903	0			0	<a href=" rel="nofollow">微博 weibo.com</a>	[哈哈]			2013001972	00	3610036134125782	1397721869570
1448352-	0		0	Fri Aug 30 21:50:25 +0800 2013			3617113924903601	3617113924903601				3617113924903601	0			0	<a href=" rel="nofollow">微博 weibo.com</a>	虽然几乎始终位于多看科学与自然类的畅销榜前十名，但从未进过前三名，希望有一天能够进入。			2013001972	00	3594839096509779	1397721869570
1448353-	0		1	Wed Jan 23 11:47:56 +0800 2013			3537599362534260	3537599362534260				3537599362534260	0			0	<a href=" rel="nofollow">微博 weibo.com</a>	经典好书，必须推荐。			2013001972	00	3537598783966787	1397721869571
1448354-	0		0	Fri Apr 26 13:02:59 +0800 2013			3571320321182390	3571320321182390				3571320321182390	0			0	<a href=" rel="nofollow">百道网</a>	全世界所有的鸡蛋联合起来就能打败石头。是这么想的？ (评论给 巴黎书店：“小书店必须团结起来对抗亚马逊”-百道网    )			2013001972	00	0	1397721869571
1448355-	0		3	Tue Apr 16 17:35:50 +0800 2013			3567765112009355	3567765112009355				3567765112009355	0			0	<a href=" rel="nofollow">微博 weibo.com</a>	同意你的观点。			2013001972	00	3567730407917808	1397721869572
1448356-	0		0	Tue Nov 08 21:06:19 +0800 2011			3377564444198751	3377564444198751				3377564444198751	0			0	<a href=" rel="nofollow">微博 weibo.com</a>	与其指望别人给你投资，不如自己全力以赴把心中的项目做出来。			2013001972	00	3377563391234609	1397721869572
1448357-	0		0	Wed May 23 06:42:07 +0800 2012			3448737374427796	3448737374427796				3448737374427796	0			0	<a href=" rel="nofollow">Android客户端</a>	转发微博			2013001972	00	3448512924658136	1397721869572
1448358-	0		2	Wed Nov 06 17:10:59 +0800 2013			3641685978294115	3641685978294115				3641685978294115	0			2	<a href=" rel="nofollow">微博 weibo.com</a>	原来郎咸平和于丹的讲课费用是每场30万元，如此说来，买书还真划算[围观]：			2013001972	00	0	1397721869573
1448359-	0		2	Tue Feb 05 18:47:11 +0800 2013			3542415925534687	3542415925534687				3542415925534687	0			1	<a href=" rel="nofollow">Android客户端</a>	你在开发中会自然地有意识往地道的程序设计思想和方法上靠，因为你速读过，是有模模糊糊的印象的。当你完成你的这个项目时，你对这门语言连同程序设计的思想和方法都会掌握的比你期待的要更好。这种方法比通常的一上来就慢吞吞地精读单一的一本书要好得多。充分打开你的眼界。#最快学编程方法五#			2013001972	00	0	1397721869573
1448360-	0		0	Fri Apr 20 08:28:26 +0800 2012			3436805330562165	3436805330562165				3436805330562165	0			0	<a href=" rel="nofollow">Android客户端</a>	嗯[呵呵]			2013001972	00	3436194463675153	1397721869573
1448361-	0		0	Thu Feb 21 17:34:36 +0800 2013			3548195852189795	3548195852189795				3548195852189795	0			2	<a href=" rel="nofollow">微博 weibo.com</a>	想的很深刻。[兔子]			2013001972	00	3548177233400143	1397721869574
1448362-	0		0	Thu Aug 23 13:15:15 +0800 2012			3482175993798784	3482175993798784				3482175993798784	0			1	<a href=" rel="nofollow">专业版微博</a>	转发微博			2013001972	00	3482150768275870	1397721869574
1448363-	0		0	Wed Feb 20 15:57:58 +0800 2013			3547809149914902	3547809149914902				3547809149914902	0			0	<a href=" rel="nofollow">微博 weibo.com</a>	程序员里设计力和美感超棒，设计师里代码写的超帅气。有热情和钻研精神的程序小天才一枚。			2013001972	00	3547789835155642	1397721869574
1448364-	0		1	Thu Jul 11 16:58:16 +0800 2013			3598921009711491	3598921009711491				3598921009711491	0			1	<a href=" rel="nofollow">微博 weibo.com</a>	微软靠51job就能大发一笔了。 //@weiliu_china:微软来真的啦，HR们要小心，[呵呵]			2013001972	00	3598564310029029	1397721869575
1448365-	0		0	Mon Jan 23 14:49:31 +0800 2012			3405011104564274	3405011104564274				3405011104564274	0		#	0	<a href=" rel="nofollow">微博 weibo.com</a>	父亲近期的几幅山水作品。			2013001972	00	0	1397721869575
1448366-	0		0	Mon Dec 26 23:59:23 +0800 2011			3395002632126672	3395002632126672				3395002632126672	0			0	<a href=" rel="nofollow">微博 weibo.com</a>	其实我喜欢的是这张图。			2013001972	00	3382515664360286	1397721869575
1448367-	1		2	Fri Aug 02 11:07:49 +0800 2013			3606805349067600	3606805349067600				3606805349067600	0		#	4	<a href=" rel="nofollow">微博 weibo.com</a>	51CTO上《程序员，你伤不起》的读者评价，感谢大家的支持。 @51CTO官方微博 @图灵教育 @马丁路德钢 @作家鲁奇 @周金桥 @图灵洁 在梦想与坚持中前进，吉日写下了真诚的作品。			2013001972	00	0	1397721869576
1448368-	0		1	Wed May 16 07:41:09 +0800 2012			3446215515808931	3446215515808931				3446215515808931	0			1	<a href=" rel="nofollow">Android客户端</a>	读书过于认真,终于发现三国的彩蛋了[哈哈]。我看三国十多遍都没发现这里隐藏着这么一个大秘密。			2013001972	00	3446212738984114	1397721869576
1448369-	0		0	Thu Apr 12 07:02:16 +0800 2012			3433884543248729	3433884543248729				3433884543248729	0			0	<a href=" rel="nofollow">Android客户端</a>	李敖先生给力,段子很好玩。			2013001972	00	3433796932703130	1397721869577
1448370-	0		0	Tue Jun 07 17:30:57 +0800 2011			11905388970	11905388970				5615407992193480745	0			0	<a href=" rel="nofollow">微博 weibo.com</a>	转发微博。			2013001972	00	11880735104	1397721869577
1448371-	0		1	Sun Feb 12 16:28:19 +0800 2012			3412283726689429	3412283726689429				3412283726689429	0			0	<a href=" rel="nofollow">Android客户端</a>	[呵呵]			2013001972	00	3412282401349059	1397721869577
1448372-	0		0	Mon Jul 18 22:16:36 +0800 2011			14735442576	14735442576				3336632304572108	0			0	<a href=" rel="nofollow">微博 weibo.com</a>	友情帮转。			2013001972	00	14703487522	1397721869577
1448373-	0		0	Sun Jun 19 20:36:50 +0800 2011			12639278634	12639278634				5619908916052604055	0			0	<a href=" rel="nofollow">微博 weibo.com</a>	回复@爱知书店:嗯。我现在的图书策划定位就是大众类社科书。 //@爱知书店:回复@陈禹成_图书出版人:建议今后多为大众出一些普及的图书哦			2013001972	00	12637650946	1397721869578
1448374-	0		2	Wed Sep 05 11:53:00 +0800 2012			3486866331999768	3486866331999768				3486866331999768	0			2	<a href=" rel="nofollow">微博 weibo.com</a>	餐厅名字：码当劳！[嘻嘻]			2013001972	00	3486665345253154	1397721869578
1448375-	0		0	Fri Feb 24 17:29:30 +0800 2012			3416647774099877	3416647774099877				3416647774099877	0			0	<a href=" rel="nofollow">Android客户端</a>	我发现了黑暗,我躲开了黑暗。			2013001972	00	0	1397721869578
1448376-	0		0	Thu Nov 07 19:08:29 +0800 2013			3642077944421052	3642077944421052				3642077944421052	0			1	<a href=" rel="nofollow">专业版微博</a>	转发微博			2013001972	00	3641755696521129	1397721869579
1448377-	0		0	Thu May 03 07:17:56 +0800 2012			3441498630755943	3441498630755943				3441498630755943	0			0	<a href=" rel="nofollow">Android客户端</a>	一个人怎么看待自己，决定了此人的命运，指向了他的归宿。我们的展望也这样，当更好的思想注入其中，它便光明起来。――梭罗			2013001972	00	0	1397721869579
1448378-	0		0	Mon Aug 20 23:54:01 +0800 2012			3481249580099376	3481249580099376				3481249580099376	0			0	<a href=" rel="nofollow">微博 weibo.com</a>	转发微博			2013001972	00	3479431878208609	1397721869579
1448379-	0		0	Thu Jun 20 17:36:32 +0800 2013			3591320494597712	3591320494597712				3591320494597712	0			0	<a href=" rel="nofollow">微博 weibo.com</a>	很好			2013001972	00	3591319513405743	1397721869580
1448380-	0		0	Sun Oct 23 23:57:08 +0800 2011			3371809227677436	3371809227677436				3371809227677436	0			0	<a href=" rel="nofollow">微博 weibo.com</a>	不错。这就是乔布斯传。			2013001972	00	3371808863035783	1397721869580
1448381-	0		0	Thu Jun 07 18:14:51 +0800 2012			3454347533016470	3454347533016470				3454347533016470	0			0	<a href=" rel="nofollow">Android客户端</a>	孩纸们都迎接大考了，我的书哇，啥时候能上市接受市场考验啊[威武]			2013001972	00	0	1397721869580
1448382-	0		1	Tue Jul 16 17:51:45 +0800 2013			3600746408652033	3600746408652033				3600746408652033	0			2	<a href=" rel="nofollow">微博 weibo.com</a>	这书名是高端黑么？他改变了苹果是指他一出手就把苹果股价打掉一半么[挖鼻屎] //@李鲆:书名改为《 后乔布斯时代：蒂姆?库克 传》 如何？现在的副书名可用作宣传语。 //@张景涛V:[笑哈哈]			2013001972	00	3584728416623021	1397721869580
1448383-	0		0	Tue Oct 25 20:26:22 +0800 2011			3372480962279072	3372480962279072				3372480962279072	0			0	<a href=" rel="nofollow">微博 weibo.com</a>	原来偶是第二好欺负地。 //@任知:太好了，天蝎们出来欺负人了[嘻嘻] //@争争Janice: [泪][泪][泪][泪][泪][泪] //@milkydog:@争争Janice @伤不起的花姑娘 我们互相抚慰吧[泪]// @盘石微博Lab : [来]秤子、鱼儿，吃定你们了~			2013001972	00	3372454737226800	1397721869581
1448384-	0		0	Sun Sep 23 22:31:03 +0800 2012			3493549888252682	3493549888252682				3493549888252682	0			1	<a href=" rel="nofollow">微博 weibo.com</a>	神级。大提琴和钢琴版Rolling In The Deep： 			2013001972	00	0	1397721869581
1448385-	0		0	Mon Apr 08 09:33:24 +0800 2013			3564744596235831	3564744596235831				3564744596235831	0			1	<a href=" rel="nofollow">专业版微博</a>	要我说，首先该取缔的就是工商总局这个组织，企业经营是否守法理应由法院来管，你工商总局算是个什么组织？该组织除了乱收费干扰企业经营，什么作用都没起。			2013001972	00	3564740879735174	1397721869581
1448386-	0		0	Sat Jun 09 23:04:18 +0800 2012			3455145142364644	3455145142364644				3455145142364644	0			0	<a href=" rel="nofollow">微博 weibo.com</a>	中国老板考察人能力的方式就是这篇文章中所写的这样：			2013001972	00	0	1397721869582
1448387-	0		0	Wed Jun 15 22:50:38 +0800 2011			12401182326	12401182326				5618459055349316194	0			0	<a href=" rel="nofollow">微博 weibo.com</a>	太搞了			2013001972	00	12400211438	1397721869582
1448388-	0		2	Fri Aug 16 15:20:36 +0800 2013			3611942398536231	3611942398536231				3611942398536231	0			0	<a href=" rel="nofollow">微博 weibo.com</a>	老实说，我也经常有这种想法。			2013001972	00	3611935700099760	1397721869582
1448389-	0		0	Thu Aug 30 18:25:37 +0800 2012			3484790810314313	3484790810314313				3484790810314313	0			0	<a href=" rel="nofollow">Android客户端</a>	今天晚上我会写一篇文章,有关什么样的书是应该出版的,什么样的书是不能出版的,以及作者的责任。			2013001972	00	0	1397721869583
1448390-	0		0	Thu Jun 16 00:43:05 +0800 2011			12408936744	12408936744				5618488033495243632	0			0	<a href=" rel="nofollow">微博 weibo.com</a>	刚刚写完一封长信，上午写了前半段，晚上写了后半段，发现写信真的蛮费时间的，但相比直接打电话的好处也是很明显的，写信会更有条理、更完整，而且以电子稿的形式永久性的保留了下来。			2013001972	00	0	1397721869583
1448391-	0		1	Sun Sep 01 11:41:30 +0800 2013			3617685470241974	3617685470241974				3617685470241974	0			1	<a href=" rel="nofollow">专业版微博</a>	随手翻开任何一页，你会喜欢读下去。			2013001972	00	3616591163559610	1397721869583
1448392-	0		0	Mon Sep 26 19:24:55 +0800 2011			3361956249969299	3361956249969299				3361956249969299	0			0	<a href=" rel="nofollow">微博 weibo.com</a>	（4）无线网卡的盖板也要拆下来，里面无线网卡上的两个螺丝也要拆下来，还有一根灰色标记和一根黑色标记的线，也要拆下来（轻轻拽下来）。因为为了后面把屏幕拆下来，这两根线要从机器的前面板下拽出来。			2013001972	00	0	1397721869583
1448393-	0		1	Fri Mar 29 11:33:22 +0800 2013			3561150916416658	3561150916416658				3561150916416658	0			1	<a href=" rel="nofollow">微博 weibo.com</a>	壮哉！俄罗斯大酒鬼！			2013001972	00	3557163722916397	1397721869584
1448394-	0		2	Fri Jun 17 20:59:46 +0800 2011			12533191286	12533191286				5619172655585848286	0			0	<a href=" rel="nofollow">微博 weibo.com</a>	偶喜欢介个*^^*			2013001972	00	12533091804	1397721869584
1448395-	0		0	Wed Oct 17 21:09:38 +0800 2012			3502226716309169	3502226716309169				3502226716309169	0			0	<a href=" rel="nofollow">专业版微博</a>	三本书我都很喜欢，只是都还没有认真读过。			2013001972	00	3502063566388544	1397721869584
1448396-	0		0	Mon Mar 04 17:33:13 +0800 2013			3552181774790684	3552181774790684				3552181774790684	0			0	<a href=" rel="nofollow">微博 weibo.com</a>	[嘻嘻]			2013001972	00	3548127519131537	1397721869585
1448397-	0		1	Tue Aug 16 09:18:11 +0800 2011			3346945657849852	3346945657849852				3346945657849852	0			1	<a href=" rel="nofollow">微博 weibo.com</a>	回复@王艳-死不改悔:似乎喜欢《哥当年》的多些 //@王艳-死不改悔:哥当年			2013001972	00	3346717495969867	1397721869585
1448398-	0		1	Tue Mar 13 21:50:17 +0800 2012			3423236383287133	3423236383287133				3423236383287133	0		#	2	<a href=" rel="nofollow">微博 weibo.com</a>	搞笑绘本《哥当年》作者巫俊武为书中主角nono创作的第一版动画gif。喜欢的可以下载：			2013001972	00	0	1397721869585
1448399-	0		2	Sun Mar 18 22:03:00 +0800 2012			3425051522905817	3425051522905817				3425051522905817	0			0	<a href=" rel="nofollow">微博 weibo.com</a>	生活不可能像你想象得那么好，但也不会像你想象得那么糟。我觉得人的脆弱和坚强都超乎自己的想象。有时，我可能脆弱得一句话就泪流满面，有时，也发现自己咬着牙走了很长的路。――莫泊桑			2013001972	00	0	1397721869585
1448400-	0		1	Tue Jul 12 11:53:44 +0800 2011			14229117056	14229117056				5628309073222162968	0			1	<a href=" rel="nofollow">微博 weibo.com</a>	四，腰封上的文字，可以很多，也可以很少，多少不重要，但一定要设计的有视觉冲击力，切忌在腰封上大面积使用同样颜色的字。这样会造成阅读困难，如果腰封上的文字再比较多的话，会让读者很难看清腰封上到底写了些什么，在大书城那种乱哄哄的环境下，没人有耐心去读那些颜色一样的文字。			2013001972	00	0	1397721869586
1448401-	0		0	Fri May 11 08:20:01 +0800 2012			3444413357769129	3444413357769129				3444413357769129	0			1	<a href=" rel="nofollow">Android客户端</a>	回复@伟伟的玲玲:我也是[泪] //@伟伟的玲玲:重点不在坐到哪了，而是第一第二，没有坐过，直接跳到第三开始。[泪]			2013001972	00	3444407078956110	1397721869586
1448402-	0		0	Wed Nov 09 20:31:10 +0800 2011			3377917990484970	3377917990484970				3377917990484970	0			0	<a href=" rel="nofollow">微博 weibo.com</a>	两个都很萌			2013001972	00	3375224708194499	1397721869587
1448403-	0		1	Thu Apr 11 11:06:32 +0800 2013			3565855201524762	3565855201524762				3565855201524762	0			1	<a href=" rel="nofollow">微博 weibo.com</a>	值得骄傲。[good] //@冰雅冷轩:电子版的都出来了呀，恭喜陈冰老师哈。话说我有一本纸质版的，有点小骄傲[挤眼]。(*^__^*) 嘻嘻……			2013001972	00	3565848906132572	1397721869587
1448404-	0		0	Fri Jun 24 17:13:51 +0800 2011			12904628018	12904628018				5621712033520246337	0			0	<a href=" rel="nofollow">微博 weibo.com</a>	芥川大师的语言，看似极普通的语句，却涌动着极度诡异和极度深沉的力量。仅仅阅读几个词语，周围的空气就已经改变了比重。			2013001972	00	12853132127	1397721869587
1448405-	0		0	Tue Jul 26 11:13:29 +0800 2011			15344560480	15344560480				3339364528804910	0		#	0	<a href=" rel="nofollow">微博 weibo.com</a>	中国的“证”是世界上最多的，所以中国无证的人也就自然成了世界上最多的，所以中国“办证”的人一点也不奇怪的成了世界上最多的。这下明白了，动车追尾，敢情是无证程序员弄的！			2013001972	00	0	1397721869588
1448406-	0		3	Tue Aug 13 14:46:33 +0800 2013			3610846657769895	3610846657769895				3610846657769895	0			5	<a href=" rel="nofollow">百道网</a>	这么好的图书策划营销压箱底文章，一套完整的组合拳演练，居然只有8条评价，那些看过文章不发评价的人，良心让狗吃了？？？！！！ (评论给 潘良：励志图书超级畅销背后的精密项目管理与营销细节-百道网    )			2013001972	00	0	1397721869588
1448407-	0		2	Fri Jun 01 18:50:34 +0800 2012			3452182190189037	3452182190189037				3452182190189037	0			2	<a href=" rel="nofollow">Android客户端</a>	这让我想起我看过的一部科幻电影《时间规划局》。			2013001972	00	3452145263472498	1397721869588
1448408-	0		0	Thu Oct 27 15:24:41 +0800 2011			3373129816780171	3373129816780171				3373129816780171	0			0	<a href=" rel="nofollow">微博 weibo.com</a>	反对。			2013001972	00	3373101364239914	1397721869589
1448409-	0		0	Mon Aug 29 20:35:32 +0800 2011			3351827162339786	3351827162339786				3351827162339786	0		#	0	<a href=" rel="nofollow">微博 weibo.com</a>	我刚参加了#也买酒越转越便宜#活动，带V用户参与即送葡萄酒，普通用户每天随机抽送50瓶葡萄酒。大家也来一起参加吧！			2013001972	00	0	1397721869589
1448410-	0		1	Fri Aug 17 11:37:19 +0800 2012			3479977025033606	3479977025033606				3479977025033606	0			0	<a href=" rel="nofollow">微博 weibo.com</a>	第一次写书该怎么写： 			2013001972	00	0	1397721869589
1448411-	0		0	Mon Aug 15 18:17:30 +0800 2011			3346718993377139	3346718993377139				3346718993377139	0			0	<a href=" rel="nofollow">微博 weibo.com</a>	哈哈			2013001972	00	3346717625996865	1397721869590
1448412-	0		0	Sun Jun 26 23:50:14 +0800 2011			13075032054	13075032054				5622556351077572292	0			0	<a href=" rel="nofollow">微博 weibo.com</a>	中国为什么失去了创造性？互联网是失去创造性最明显的体现。自有互联网以来，没有一个互联网上的产生巨大影响的新技术和新事物是中国创造出来的。			2013001972	00	0	1397721869590
1448413-	0		0	Tue Jun 07 18:33:55 +0800 2011			11908871284	11908871284				5615424218580658193	0			0	<a href=" rel="nofollow">微博 weibo.com</a>	哈哈			2013001972	00	11495335050	1397721869590
1448414-	0		3	Mon Feb 04 10:04:07 +0800 2013			3541921886353817	3541921886353817				3541921886353817	0			12	<a href=" rel="nofollow">微博 weibo.com</a>	国内第一本Android软件安全书！看雪版主非虫力作《Android软件安全与逆向分析》已接受当当预订： @图灵教育 @图灵社区 @安卓巴士论坛 @安卓巴士开发者 @看雪安全 @eoe移动开发者社区 @当当网 @马丁路德钢 @周金桥 @蒋金楠			2013001972	00	0	1397721869590
1448415-	0		0	Fri Sep 13 09:36:44 +0800 2013			3622002717692710	3622002717692710				3622002717692710	0			0	<a href=" rel="nofollow">专业版微博</a>	转发微博			2013001972	00	3621395647166733	1397721869591
1448416-	0		0	Sun Jun 12 10:42:04 +0800 2011			12168649172	12168649172				5617158049627085462	0			0	<a href=" rel="nofollow">微博 weibo.com</a>	哈哈哈哈			2013001972	00	12167138216	1397721869591
1448417-	0		0	Thu May 02 11:48:38 +0800 2013			3573475938117265	3573475938117265				3573475938117265	0			0	<a href=" rel="nofollow">专业版微博</a>	UI设计的市场正在发酵！			2013001972	00	3565271053127436	1397721869591
1448418-	0		0	Sun May 13 08:53:22 +0800 2012			3445146530596698	3445146530596698				3445146530596698	0			1	<a href=" rel="nofollow">Android客户端</a>	图书编辑也差不多,适用[哈哈][哈哈][哈哈]			2013001972	00	3444639187580246	1397721869592
1448419-	0		0	Wed Apr 03 23:06:22 +0800 2013			3563137242075407	3563137242075407				3563137242075407	0			0	<a href=" rel="nofollow">微博 weibo.com</a>	的确如此。			2013001972	00	3562953695048355	1397721869592
1448420-	0		0	Wed Jun 08 22:00:49 +0800 2011			11986681792	11986681792				5615848621477897847	0			0	<a href=" rel="nofollow">微博 weibo.com</a>	//@萌工厂：而且还是45°仰望天空的傲娇！			2013001972	00	11910661500	1397721869592
1448421-	0		4	Thu Jun 30 00:24:45 +0800 2011			13285636728	13285636728				5623678501471116868	0			1	<a href=" rel="nofollow">微博 weibo.com</a>	要想做出一本给市场留下印象深刻的书，好坏无论，它必须是市场的第一本。			2013001972	00	0	1397721869593
1448422-	0		0	Thu Sep 15 17:05:38 +0800 2011			3357934931668788	3357934931668788				3357934931668788	0			0	<a href=" rel="nofollow">微博 weibo.com</a>	最喜欢的永远都是梵高的画。星月夜。			2013001972	00	3357933691360586	1397721869593
1448423-	0		3	Mon Aug 01 12:42:09 +0800 2011			15796916796	15796916796				3341561169622588	0			0	<a href=" rel="nofollow">微博 weibo.com</a>	那些喜欢吃鸡蛋的童鞋们，看看这篇文章吧（多少会让你的小心脏有点受不鸟）：			2013001972	00	0	1397721869593
1448424-	0		0	Thu Jun 07 08:46:11 +0800 2012			3454204419371272	3454204419371272				3454204419371272	0			1	<a href=" rel="nofollow">Android客户端</a>	祝福今天高考的同学，考上了你有光明的前途，考不上也许你有更辉煌的作为。			2013001972	00	0	1397721869593
1448425-	0		0	Sat Jun 11 16:37:28 +0800 2011			12125014666	12125014666				5616878550342131528	0			0	<a href=" rel="nofollow">微博 weibo.com</a>	我发起了一个投票【你为什么而活（选对你而言最主要的那项）？】，地址 			2013001972	00	0	1397721869594
1448426-	0		0	Sat Apr 28 20:50:22 +0800 2012			3439891154901892	3439891154901892				3439891154901892	0			0	<a href=" rel="nofollow">微博 weibo.com</a>	[威武][赞][赞][赞] //@许小年:			2013001972	00	3437732527557932	1397721869594
1448427-	0		0	Tue Mar 26 23:12:56 +0800 2013			3560239804227912	3560239804227912				3560239804227912	0			0	<a href=" rel="nofollow">微博 weibo.com</a>	无论发布会当天和以后怎样，你已经成功了。赞！在事实出现之前，你已经把它搞成了一个既成事实。			2013001972	00	3560040138881057	1397721869594
1448428-	0		1	Fri Apr 27 09:53:56 +0800 2012			3439363562147006	3439363562147006				3439363562147006	0			1	<a href=" rel="nofollow">Android客户端</a>	一位教授演讲时拿出20美元，他问学生谁要这20美元，台下的人纷纷举手。教授将钱扔到地上用脚碾过，又问谁要，台下依旧有人举手。教授说：“我如此对待这张钱币，你们依旧想要，是因为它没有因为我的践踏而贬值，人生亦是如此。人生的价值不在于他人的赞赏或批评，而是取决于我们自身。”			2013001972	00	0	1397721869595
1448429-	0		0	Fri Jul 08 23:51:54 +0800 2011			13966676774	13966676774				5627009802663775526	0		#	0	<a href=" rel="nofollow">微博 weibo.com</a>	俩宝宝，好乖喔[抱抱]			2013001972	00	0	1397721869595
1448430-	0		1	Thu Jun 28 18:34:06 +0800 2012			3461962526464677	3461962526464677				3461962526464677	0			0	<a href=" rel="nofollow">微博 weibo.com</a>	人以类聚，物以群居。我今天更好的理解了这句话的含义。			2013001972	00	0	1397721869595
1448431-	0		0	Wed Jul 03 13:07:33 +0800 2013			3595963845140853	3595963845140853				3595963845140853	0			0	<a href=" rel="nofollow">微博 weibo.com</a>	不仅实体书店会消失，用不了多久实体书本身也会消失。技术发展的趋势是无法改变的。			2013001972	00	3595619585540840	1397721869596
1448432-	0		1	Wed May 02 22:09:21 +0800 2012			3441360574820347	3441360574820347				3441360574820347	0		#	0	<a href=" rel="nofollow">微博 weibo.com</a>	实际中会发现，最显眼的就是这本：			2013001972	00	0	1397721869596
1448433-	0		4	Tue Jan 22 16:33:50 +0800 2013			3537308923897089	3537308923897089				3537308923897089	0			5	<a href=" rel="nofollow">微博 weibo.com</a>	@百道网 发起的中国好编辑评选很有意义，尽管书是作者写的，但策划编辑对书是有感情的，作为第一读者策划编辑对书的感情大概仅次于作者，我总是忍不住在所策划的书里写上一段编辑的话，感觉就像送这本书一程，然后与作者一起看这本书出去独闯江湖。请支持我，投票地址：			2013001972	00	0	1397721869596
1448434-	0		0	Tue Aug 28 07:34:49 +0800 2012			3483902259705170	3483902259705170				3483902259705170	0			0	<a href=" rel="nofollow">Android客户端</a>	回复@天下乐田:用一个圆明园换了一堆厕所。 //@天下乐田:北京的公厕是在八国联军占领后才建立起来的, 在此之前北京人都是随地解决的。			2013001972	00	3481071427403146	1397721869596
1448435-	0		7	Fri May 04 07:50:53 +0800 2012			3441869314955467	3441869314955467				3441869314955467	0			6	<a href=" rel="nofollow">Android客户端</a>	常常感到自己很笨,我感到我需要学习沟通的技巧,我需要学习大量的沟通的技巧。不得不说,我简直就是情商界的一朵奇葩。[泪]			2013001972	00	0	1397721869597
1448436-	0		0	Sat Aug 27 13:50:30 +0800 2011			3351000455164522	3351000455164522				3351000455164522	0			1	<a href=" rel="nofollow">微博 weibo.com</a>	圣人。			2013001972	00	3349704102217974	1397721869597
1448437-	0		1	Tue Sep 25 06:32:10 +0800 2012			3494033353367047	3494033353367047				3494033353367047	0			2	<a href=" rel="nofollow">微博搜索</a>	这本书是为那些开设《C程序设计》这门课的学生和不得不学习这本书的读者而准备的，能够让这些读者的学习之路变得容易一些。[兔子]			2013001972	00	3493838917838161	1397721869597
1448438-	0		0	Thu Jul 11 11:19:01 +0800 2013			3598835638789675	3598835638789675				3598835638789675	0			0	<a href=" rel="nofollow">果壳网</a>	这个有意思 →_→ 【以超光速掠过群星】 如果你订购的产品在你发出订单或放下电话后，就能从身边一台小巧的设备中立即物化出现，感觉会怎样？当你打算去九寨沟旅游时，你口中念念有词，话音未落，你已经出现在九寨沟五花海的岸边，饱... （来自 @果壳网） 			2013001972	00	0	1397721869598
1448439-	0		2	Fri May 03 21:37:50 +0800 2013			3573986602291829	3573986602291829				3573986602291829	0			3	<a href=" rel="nofollow">微博 weibo.com</a>	这东西好，赶紧搞吧，能督促大家多看看书。			2013001972	00	3573954905808454	1397721869598
1448440-	0		1	Mon Jan 02 23:16:47 +0800 2012			3397528613457849	3397528613457849				3397528613457849	0			0	<a href=" rel="nofollow">微博 weibo.com</a>	每次看到有语言天赋的人不去写书就感到遗憾。而每次看到没有语言天赋的人却坚持写书就感到更加的遗憾。不过，说到底，最不想看到的其实是，没有语言天赋的人最后竟靠写书成了名，那才是最最遗憾的事情。[好得意]			2013001972	00	0	1397721869598
1448441-	0		0	Tue Jan 17 15:37:17 +0800 2012			3402848802551122	3402848802551122				3402848802551122	0		#	0	<a href=" rel="nofollow">微博 weibo.com</a>	国内超现实派搞笑漫画《哥当年》横空出世！PK高木直子！超级搞笑！！年货必备！！！如果你喜欢哆啦A梦，如果你喜欢土豆dori，那这本书绝对是你不该错过的。目前，市场上的绘本和漫画很多，但形式基本上或者是完全虚构的，或者是把网上或报刊杂志上的幽默搞笑故事改编成漫画。但《哥当年》完全不同！			2013001972	00	0	1397721869599
1448442-	0		11	Tue Jan 22 10:48:27 +0800 2013			3537222004981007	3537222004981007				3537222004981007	0		#	38	<a href=" rel="nofollow">微博 weibo.com</a>	别让你的代码成为别人的炮灰！国内第一本Android软件安全书《Android软件安全与逆向分析》近期上市。今天下印厂，预计本月底2月初能见到样书，网店发货要到春节后了，希望各位读者再耐心等待一段时间，先开开心心过年：）@看雪安全 @安卓巴士开发者 @eoe移动开发者社区			2013001972	00	0	1397721869599
1448443-	0		1	Sat Jan 26 12:07:30 +0800 2013			3538691450393280	3538691450393280				3538691450393280	0			0	<a href=" rel="nofollow">微博 weibo.com</a>	“互相雕琢，互相成就”――不能同意更多。编辑和作者之间，是互相刺激，共同进化的。			2013001972	00	3538435882685276	1397721869599
1448444-	0		3	Thu May 03 06:47:17 +0800 2012			3441490917522193	3441490917522193				3441490917522193	0			1	<a href=" rel="nofollow">Android客户端</a>	耶稣与门徒彼得远行，路上看到块马蹄铁，让彼得捡起来。彼得懒得弯腰，假装没听见。耶稣自己去捡，路过城镇时用它换了3文钱，又用这钱买了18颗樱桃。两人经过荒野，彼得又渴又饿。耶稣故意丢下一颗樱桃，彼得慌忙捡起来吃掉。耶稣边走边丢，彼得共弯了18次腰。―― 不做小事，你会在更小的事情上操劳。			2013001972	00	0	1397721869600
1448445-	3		21	Tue Jul 16 22:17:12 +0800 2013			3600813207316471	3600813207316471				3600813207316471	0			15	<a href=" rel="nofollow">微博 weibo.com</a>	感谢购买了这本书的读者朋友们，如果你们阅读后喜欢这本书，请在多看阅读上给本书发个评论哈，谢谢啦[太开心]。这本书还没能出版纸书（这年头识货的少啊），所以你们的评论很重要，评论攒多了，也许就有机会啦[抱抱]			2013001972	00	3594839096509779	1397721869600
1448446-	0		0	Tue Jun 07 17:42:37 +0800 2011			11906042792	11906042792				5615410998670725812	0			0	<a href=" rel="nofollow">微博 weibo.com</a>	转发微博。			2013001972	00	11778019980	1397721869600
1448447-	0		0	Fri Jun 10 19:16:30 +0800 2011			12084211040	12084211040				5616548447750638908	0			0	<a href=" rel="nofollow">微博 weibo.com</a>	精辟			2013001972	00	12080058900	1397721869600
1448448-	0		0	Fri Jun 28 10:15:35 +0800 2013			3594108629099263	3594108629099263				3594108629099263	0			0	<a href=" rel="nofollow">微博 weibo.com</a>	回复@图灵乐馨:总是可以获得一些启示。有些东西是共通的。就像日本有本畅销书《有钱人为何都用长钱包》，在中国也很畅销。 //@图灵乐馨:回复@陈冰_图书出版人: 我是比较佩服TA敢做这样的选题。天知道日本理科生和中国理科生有多大区别。如果是我，我不敢做。			2013001972	00	3593474072640793	1397721869601
1448449-	0		0	Sun Mar 11 18:44:23 +0800 2012			3422464828879330	3422464828879330				3422464828879330	0			0	<a href=" rel="nofollow">微博 weibo.com</a>	可爱的宝宝,一根筋。			2013001972	00	3422460739731100	1397721869601
1448450-	0		0	Tue Nov 08 13:03:41 +0800 2011			3377442989449607	3377442989449607				3377442989449607	0			0	<a href=" rel="nofollow">微博 weibo.com</a>	//@唐亮钢笔画: 谢谢关心和支待[握手]			1265439835	00	3376668418998509	1397721870284
1448451-	0		0	Wed Oct 26 10:22:49 +0800 2011			3372691462222481	3372691462222481				3372691462222481	0		#	0	<a href=" rel="nofollow">新浪微群</a>	//@元尚: #百家插图#在中国古代司法制度中，地方司法，是没有专门的法院的，也没有专门的法官。衙门那地就是法院，县太爷往堂上一坐，就是法官，惊堂木一拍，就开庭。图片真实的反映了这一情形。 - 原文地址：			1265439835	00	0	1397721870284
1448452-	0		0	Wed Nov 16 11:06:13 +0800 2011			3380312531145128	3380312531145128				3380312531145128	0			0	<a href=" rel="nofollow">微博 weibo.com</a>	转发微博			1265439835	00	3379986670963725	1397721870285
1448453-	0		0	Thu Nov 17 08:56:53 +0800 2011			3380642371099509	3380642371099509				3380642371099509	0			0	<a href=" rel="nofollow">微博 weibo.com</a>	//@三联韬奋书店: //@西丰客人: 黄仁宇：我所以成为历史学家，是因为自己颠沛流离，一切源于中国的动荡不安。【黄仁宇期待的现代中国，还迟迟未能结胎成长。】			1265439835	00	3380441810415580	1397721870285
1448454-	0		0	Tue Nov 15 09:03:01 +0800 2011			3379919143259612	3379919143259612				3379919143259612	0			0	<a href=" rel="nofollow">微博 weibo.com</a>	//@南北雪: 转发微博			1265439835	00	3379917704193202	1397721870285
1448455-	0		0	Tue Dec 20 10:57:39 +0800 2011			3392631562455747	3392631562455747				3392631562455747	0			0	<a href=" rel="nofollow">微博 weibo.com</a>	转发微博			1265439835	00	3390864715469303	1397721870286
1448456-	0		0	Thu Jan 19 23:55:11 +0800 2012			3403698871243269	3403698871243269				3403698871243269	0			0	<a href=" rel="nofollow">微博 weibo.com</a>	貌似里面还有我的身影，哈哈哈哈			1265439835	00	3403569451622981	1397721870286
1448457-	0		0	Wed Oct 26 10:15:07 +0800 2011			3372689523910748	3372689523910748				3372689523910748	0		#	0	<a href=" rel="nofollow">新浪微群</a>	//@悠然阁-姚小俊: 转发微博//@悠然阁-姚小俊：绣像全图第六才子书，（西厢记）五卷首一卷，光绪白纸石印。 - 原文地址： - 原文地址：			1265439835	00	0	1397721870286
1448458-	0		0	Tue Dec 13 14:33:52 +0800 2011			3390149260398609	3390149260398609				3390149260398609	0			0	<a href=" rel="nofollow">微博 weibo.com</a>	//@止庵: 书还是有这种买法啊。			1265439835	00	3390122932764117	1397721870286
1448459-	0		0	Fri Dec 30 11:17:55 +0800 2011			3396260541389555	3396260541389555				3396260541389555	0			0	<a href=" rel="nofollow">专业版微博</a>	对@青豆书坊 说：请问贵公司有没有兴趣跟湖北人民出版社合作？我们社主要人文社科、亲子生活等方面的图书。			1265439835	00	0	1397721870287
1448460-	0		0	Tue Dec 06 12:14:51 +0800 2011			3387577559039234	3387577559039234				3387577559039234	0		#	0	<a href=" rel="nofollow">新浪微群</a>	很想看这本书 - 原文地址：			1265439835	00	0	1397721870287
1448461-	0		0	Fri Dec 02 12:54:21 +0800 2011			3386137949585788	3386137949585788				3386137949585788	0			0	<a href=" rel="nofollow">微博 weibo.com</a>	有意思			1265439835	00	3380000003368083	1397721870287
1448462-	0		0	Mon Nov 28 15:56:33 +0800 2011			3384734250210319	3384734250210319				3384734250210319	0			0	<a href=" rel="nofollow">微博 weibo.com</a>	[good]，我也想买个这样的钱包//@瑶草: 这个创意好！钱包不容易丢。 //@曹晓丹:哦好帅			1265439835	00	3384312529170653	1397721870287
1448463-	0		0	Tue Nov 08 13:01:30 +0800 2011			3377442435709797	3377442435709797				3377442435709797	0			0	<a href=" rel="nofollow">微博 weibo.com</a>	转发微博			1265439835	00	3374638047213097	1397721870288
1448464-	0		0	Mon Nov 14 15:22:53 +0800 2011			3379652347531138	3379652347531138				3379652347531138	0			0	<a href=" rel="nofollow">微博 weibo.com</a>	转发微博			1265439835	00	3377863803846591	1397721870288
1448465-	0		0	Mon Dec 19 11:34:57 +0800 2011			3392278561382690	3392278561382690				3392278561382690	0			0	<a href=" rel="nofollow">微博 weibo.com</a>	转发微博			1265439835	00	3392277386543452	1397721870288
1448466-	0		0	Tue Dec 13 14:11:57 +0800 2011			3390143744917358	3390143744917358				3390143744917358	0			0	<a href=" rel="nofollow">微博 weibo.com</a>	转发微博			1265439835	00	3390141986542023	1397721870288
1448467-	0		0	Fri Nov 25 08:50:40 +0800 2011			3383539909741404	3383539909741404				3383539909741404	0			0	<a href=" rel="nofollow">微博 weibo.com</a>	转发微博			1265439835	00	3383539108387846	1397721870289
1448468-	0		0	Tue Dec 13 14:41:47 +0800 2011			3390151261097462	3390151261097462				3390151261097462	0			0	<a href=" rel="nofollow">微博 weibo.com</a>	转发微博			1265439835	00	3389878332679107	1397721870289
1448469-	0		0	Fri Oct 28 09:51:44 +0800 2011			3373408421360360	3373408421360360				3373408421360360	0			0	<a href=" rel="nofollow">微博 weibo.com</a>	转发微博			1265439835	00	3373406009624220	1397721870289
1448470-	0		0	Tue Nov 01 16:17:38 +0800 2011			3374955083822232	3374955083822232				3374955083822232	0			0	<a href=" rel="nofollow">微博 weibo.com</a>	//@中华书局李世文: 转发微博。			1265439835	00	3374932374094386	1397721870289
1448471-	0		0	Tue Nov 08 13:04:26 +0800 2011			3377443178430641	3377443178430641				3377443178430641	0			0	<a href=" rel="nofollow">微博 weibo.com</a>	超喜欢这样的插画			1265439835	00	3376448499205230	1397721870290
1448472-	0		0	Tue Oct 25 12:29:52 +0800 2011			3372361047409091	3372361047409091				3372361047409091	0			0	<a href=" rel="nofollow">微博 weibo.com</a>	转发微博。			1265439835	00	3372349366097796	1397721870290
1448473-	0		0	Wed Oct 26 10:31:27 +0800 2011			3372693634934937	3372693634934937				3372693634934937	0		#	0	<a href=" rel="nofollow">新浪微群</a>	//@元尚: #作家书房#张舜徽先生在书房 - 原文地址：			1265439835	00	0	1397721870290
1448474-	0		0	Fri Dec 23 17:38:42 +0800 2011			3393819652025325	3393819652025325				3393819652025325	0		#	0	<a href=" rel="nofollow">新浪微群</a>	//@三联读者俱乐部: @三联书店李昕:此书获得2011年深圳读书月“十本好书奖”。  - 原文地址：			1265439835	00	0	1397721870290
1448475-	0		0	Tue Dec 13 14:11:57 +0800 2011			3390143744917358	3390143744917358				3390143744917358	0			0	<a href=" rel="nofollow">微博 weibo.com</a>	转发微博			1265439835	00	3390141986542023	1397721870291
1448476-	0		0	Sat Feb 11 11:44:01 +0800 2012			3411849792152277	3411849792152277				3411849792152277	0		#	0	<a href=" rel="nofollow">勋章馆</a>	我获得微身份勋章啦！我是个有身份的人了，你也快点来领取吧。咱们都是靠谱的人！  			1265439835	00	0	1397721870291
1448477-	0		0	Thu Dec 08 08:51:34 +0800 2011			3388251182344429	3388251182344429				3388251182344429	0			0	<a href=" rel="nofollow">微博 weibo.com</a>	转发微博			1265439835	00	3388018385419322	1397721870291
1448478-	0		0	Wed Oct 26 10:27:26 +0800 2011			3372692624078197	3372692624078197				3372692624078197	0			0	<a href=" rel="nofollow">微博 weibo.com</a>	转发微博。			1265439835	00	3371405037417657	1397721870291
1448479-	0		0	Thu Mar 08 19:58:09 +0800 2012			3421396224859078	3421396224859078				3421396224859078	0			0	<a href=" rel="nofollow">微博 weibo.com</a>	转发微博			1265439835	00	3417324621377249	1397721870292
1448480-	0		0	Wed Oct 26 10:04:52 +0800 2011			3372686945030196	3372686945030196				3372686945030196	0			0	<a href=" rel="nofollow">微博 weibo.com</a>	转发微博。			1265439835	00	3372682534355120	1397721870292
1448481-	0		0	Tue Dec 27 08:49:46 +0800 2011			3395136094678880	3395136094678880				3395136094678880	0			0	<a href=" rel="nofollow">微博 weibo.com</a>	转发微博			1265439835	00	3394790412764406	1397721870292
1448482-	0		0	Mon Nov 28 09:18:06 +0800 2011			3384633972520929	3384633972520929				3384633972520929	0			0	<a href=" rel="nofollow">微博 weibo.com</a>	//@老照片收藏家w: 转发微博			1265439835	00	3371429809071775	1397721870292
1448483-	0		0	Wed Oct 26 10:34:31 +0800 2011			3372694406153973	3372694406153973				3372694406153973	0		#	0	<a href=" rel="nofollow">新浪微群</a>	//@元尚: #作家书房#Margaret Drabble - 原文地址：			1265439835	00	0	1397721870293
1448484-	0		0	Thu Dec 08 08:45:28 +0800 2011			3388249643180894	3388249643180894				3388249643180894	0			0	<a href=" rel="nofollow">微博 weibo.com</a>	前两天的消息了，仍然转一下			1265439835	00	3387945043973846	1397721870293
1448485-	0		1	Tue Nov 08 12:57:16 +0800 2011			3377441374634206	3377441374634206				3377441374634206	0			0	<a href=" rel="nofollow">微博 weibo.com</a>	转发微博			1265439835	00	11327239670	1397721870293
1448486-	0		0	Mon Dec 19 11:34:57 +0800 2011			3392278561382690	3392278561382690				3392278561382690	0			0	<a href=" rel="nofollow">微博 weibo.com</a>	转发微博			1265439835	00	3392277386543452	1397721870294
1448487-	0		0	Wed Nov 16 13:07:16 +0800 2011			3380342994005674	3380342994005674				3380342994005674	0			0	<a href=" rel="nofollow">微博 weibo.com</a>	转发微博			1265439835	00	3378567243322981	1397721870294
1448488-	0		0	Thu Dec 15 12:34:42 +0800 2011			3390844046606045	3390844046606045				3390844046606045	0			0	<a href=" rel="nofollow">微博 weibo.com</a>	转发微博			1265439835	00	3390842930417163	1397721870294
1448489-	0		0	Fri Dec 02 09:12:09 +0800 2011			3386082035066434	3386082035066434				3386082035066434	0			0	<a href=" rel="nofollow">微博 weibo.com</a>	超喜欢辛德勒			1265439835	00	3385821832856183	1397721870295
1448490-	0		1	Mon Apr 30 15:52:16 +0800 2012			3440540903456043	3440540903456043				3440540903456043	0			2	<a href=" rel="nofollow">微博 weibo.com</a>	就是因为生活压力太大，唉，谁造成的呢？不正常的社会//@柚子黄黄: 呵呵 //@作家金满楼: //@diana000: 国人基本生活压力太大，单是衣食住行就让人应付不过来了。整天算计着吃饭穿衣的钱，又怎么会想到买书？居无定所又怎么敢买书？ //@大体重啊小脚印:请大家谨听张老师教诲。			1265439835	00	3437734259820265	1397721870295
1448491-	0		0	Fri Dec 02 09:05:31 +0800 2011			3386080361941959	3386080361941959				3386080361941959	0			0	<a href=" rel="nofollow">微博 weibo.com</a>	//@生活月刊: 转发微博			1265439835	00	3385136815478069	1397721870295
1448492-	0		0	Wed Oct 26 10:04:01 +0800 2011			3372686731376524	3372686731376524				3372686731376524	0			0	<a href=" rel="nofollow">微博 weibo.com</a>	希望佩德罗早点恢复			1265439835	00	3372654172363551	1397721870295
1448493-	0		0	Thu Dec 08 08:54:40 +0800 2011			3388251958366750	3388251958366750				3388251958366750	0			0	<a href=" rel="nofollow">微博 weibo.com</a>	原来头球危害这么大，幸好我不经常顶头球，应该没超过1000次吧			1265439835	00	3385455703519598	1397721870296
1448494-	0		0	Fri Nov 25 08:50:40 +0800 2011			3383539909741404	3383539909741404				3383539909741404	0			0	<a href=" rel="nofollow">微博 weibo.com</a>	转发微博			1265439835	00	3383539108387846	1397721870296
1448495-	0		0	Tue Dec 27 08:49:25 +0800 2011			3395136006710387	3395136006710387				3395136006710387	0			0	<a href=" rel="nofollow">微博 weibo.com</a>	//@唐亮钢笔画: 钢笔速写[俄罗斯大街]			1265439835	00	3394583319108313	1397721870296
1448496-	0		1	Tue Dec 06 12:10:14 +0800 2011			3387576396956557	3387576396956557				3387576396956557	0		#	0	<a href=" rel="nofollow">新浪微群</a>	好漂亮啊//@��Why: 转发微博： - //@��Why:梵高的那座�，那些植被。 - 原文地址： - 原文地址：			1265439835	00	0	1397721870297
1448497-	0		0	Thu Mar 08 19:56:19 +0800 2012			3421395763092950	3421395763092950				3421395763092950	0			0	<a href=" rel="nofollow">微博 weibo.com</a>	[good]//@唐亮钢笔画: #每日分享#[钻石]香港的特点抓的不错,可爱的小细节，充满了感情。[赞]			1265439835	00	3419932111163534	1397721870297
1448498-	0		0	Wed Nov 16 13:06:46 +0800 2011			3380342876825907	3380342876825907				3380342876825907	0			0	<a href=" rel="nofollow">微博 weibo.com</a>	喜欢广末凉子的电影			1265439835	00	3379003924723630	1397721870297
1448499-	0		0	Fri Dec 02 12:54:21 +0800 2011			3386137949585788	3386137949585788				3386137949585788	0			0	<a href=" rel="nofollow">微博 weibo.com</a>	有意思			1265439835	00	3380000003368083	1397721870298
1448500-	0		0	Tue Dec 06 12:02:30 +0800 2011			3387574451014720	3387574451014720				3387574451014720	0		#	0	<a href=" rel="nofollow">新浪微群</a>	好书啊，就是有点贵 - 原文地址：			1265439835	00	0	1397721870298
1448501-	0		0	Wed Oct 26 10:30:13 +0800 2011			3372693324007277	3372693324007277				3372693324007277	0		#	0	<a href=" rel="nofollow">新浪微群</a>	//@元尚: #作家书房#萨特在书房 - 原文地址：			1265439835	00	0	1397721870298
1448502-	0		0	Wed Oct 26 14:16:51 +0800 2011			3372750358578956	3372750358578956				3372750358578956	0			0	<a href=" rel="nofollow">微博 weibo.com</a>	转发微博。			1265439835	00	3372747449447461	1397721870298
1448503-	0		0	Wed Oct 26 10:38:38 +0800 2011			3372695442470675	3372695442470675				3372695442470675	0		#	0	<a href=" rel="nofollow">新浪微群</a>	//@元尚: #作家书房#Andrew Motion - 原文地址：			1265439835	00	0	1397721870299
1448504-	0		0	Tue Dec 13 14:38:52 +0800 2011			3390150518602051	3390150518602051				3390150518602051	0			0	<a href=" rel="nofollow">微博 weibo.com</a>	转发微博			1265439835	00	3390140821197715	1397721870299
1448505-	0		0	Thu Mar 08 19:55:07 +0800 2012			3421395469487582	3421395469487582				3421395469487582	0			0	<a href=" rel="nofollow">微博 weibo.com</a>	威尼斯的圣马可广场，真漂亮！			1265439835	00	3420685537996234	1397721870299
1448506-	0		0	Fri Dec 30 08:55:42 +0800 2011			3396224751761368	3396224751761368				3396224751761368	0			0	<a href=" rel="nofollow">微博 weibo.com</a>	//@俞晓群: 问好 //@叶新Robert:出版史这课要讲出花来，没有深厚的功力不行，还得结合现实。 // @karengchen :吴老师上学期给我们讲中国出版史，禁书的课还没开啊 // @俞晓群 : // @叶新Robert : 哈哈，安徽才子到武大。前有王星拱，后有吴永贵。听说吴博士在武大讲禁书，超多人选哦! // @郑立新_ :			1265439835	00	3385401412837028	1397721870300
1448507-	0		1	Tue Dec 06 12:10:14 +0800 2011			3387576396956557	3387576396956557				3387576396956557	0		#	0	<a href=" rel="nofollow">新浪微群</a>	好漂亮啊//@��Why: 转发微博： - //@��Why:梵高的那座�，那些植被。 - 原文地址： - 原文地址：			1265439835	00	0	1397721870300
1448508-	0		0	Wed Oct 26 10:03:18 +0800 2011			3372686550553354	3372686550553354				3372686550553354	0			0	<a href=" rel="nofollow">微博 weibo.com</a>	xavi 太牛啦，哈哈			1265439835	00	3372666491017197	1397721870300
1448509-	0		0	Tue Dec 13 14:41:47 +0800 2011			3390151261097462	3390151261097462				3390151261097462	0			0	<a href=" rel="nofollow">微博 weibo.com</a>	转发微博			1265439835	00	3389878332679107	1397721870301
1448510-	0		0	Tue Dec 13 16:03:12 +0800 2011			3390171741445475	3390171741445475				3390171741445475	0			0	<a href=" rel="nofollow">微博 weibo.com</a>	转发微博			1265439835	00	3389446265446266	1397721870301
1448511-	0		0	Thu Nov 03 09:26:07 +0800 2011			3375576297995673	3375576297995673				3375576297995673	0			0	<a href=" rel="nofollow">微博 weibo.com</a>	喜欢这样的感觉//@视觉中国灵感库: 早安，各位！			1265439835	00	3375551386204931	1397721870301
1448512-	0		0	Thu Jan 19 23:55:11 +0800 2012			3403698871243269	3403698871243269				3403698871243269	0			0	<a href=" rel="nofollow">微博 weibo.com</a>	貌似里面还有我的身影，哈哈哈哈			1265439835	00	3403569451622981	1397721870301
1448513-	0		0	Tue Nov 29 16:34:26 +0800 2011			3385106171684841	3385106171684841				3385106171684841	0			0	<a href=" rel="nofollow">微博 weibo.com</a>	[哈哈]			1265439835	00	3384691141095073	1397721870302
1448514-	0		0	Tue Dec 13 14:09:52 +0800 2011			3390143220413508	3390143220413508				3390143220413508	0			0	<a href=" rel="nofollow">微博 weibo.com</a>	转发微博			1265439835	00	3390142574000032	1397721870302
1448515-	0		0	Tue Dec 13 14:37:51 +0800 2011			3390150271104324	3390150271104324				3390150271104324	0			0	<a href=" rel="nofollow">微博 weibo.com</a>	牛，感觉像是在看动画片一样，呵呵			1265439835	00	3390140888461823	1397721870302
1448516-	0		0	Mon Dec 26 13:02:07 +0800 2011			3394837212696899	3394837212696899				3394837212696899	0			0	<a href=" rel="nofollow">微博 weibo.com</a>	//@老照片收藏家w: //@瑞龟吉祥: 儿时景象//@苏州画报: 转发微博。			1265439835	00	3372031490252106	1397721870302
1448517-	0		0	Thu Dec 08 08:54:40 +0800 2011			3388251958366750	3388251958366750				3388251958366750	0			0	<a href=" rel="nofollow">微博 weibo.com</a>	原来头球危害这么大，幸好我不经常顶头球，应该没超过1000次吧			1265439835	00	3385455703519598	1397721870303
1448518-	0		0	Wed Nov 16 11:05:47 +0800 2011			3380312421812854	3380312421812854				3380312421812854	0			0	<a href=" rel="nofollow">微博 weibo.com</a>	转发微博			1265439835	00	3380023912491128	1397721870303
1448519-	0		0	Wed Dec 07 09:57:20 +0800 2011			3387905341190645	3387905341190645				3387905341190645	0			0	<a href=" rel="nofollow">微博 weibo.com</a>	//@amelie0324: 同喜欢//@熊培云: ��微博			1265439835	00	3387769189086640	1397721870303
1448520-	0		0	Tue Feb 07 14:06:51 +0800 2012			3410436181447708	3410436181447708				3410436181447708	0			1	<a href=" rel="nofollow">微博 weibo.com</a>	今天天气大好，下午到桂场踢球去……			1265439835	00	0	1397721870303
1448521-	0		0	Wed Oct 26 10:33:49 +0800 2011			3372694229990502	3372694229990502				3372694229990502	0		#	0	<a href=" rel="nofollow">新浪微群</a>	//@元尚: #作家书房#Michael Longley - 原文地址：			1265439835	00	0	1397721870304
1448522-	0		1	Tue Feb 07 14:26:26 +0800 2012			3410441109471765	3410441109471765				3410441109471765	0			0	<a href=" rel="nofollow">微博 weibo.com</a>	//@maryandharry: 转发微博			1265439835	00	3410052297269721	1397721870304
1448523-	0		0	Tue Nov 08 19:09:42 +0800 2011			3377535104473142	3377535104473142				3377535104473142	0		#	0	<a href=" rel="nofollow">豆瓣读书</a>	读过《张舜徽集:中国文献学》 ★★★★★ 			1265439835	00	0	1397721870304
1448524-	0		0	Fri Dec 30 08:55:42 +0800 2011			3396224751761368	3396224751761368				3396224751761368	0			0	<a href=" rel="nofollow">微博 weibo.com</a>	//@俞晓群: 问好 //@叶新Robert:出版史这课要讲出花来，没有深厚的功力不行，还得结合现实。 // @karengchen :吴老师上学期给我们讲中国出版史，禁书的课还没开啊 // @俞晓群 : // @叶新Robert : 哈哈，安徽才子到武大。前有王星拱，后有吴永贵。听说吴博士在武大讲禁书，超多人选哦! // @郑立新_ :			1265439835	00	3385401412837028	1397721870305
1448525-	0		0	Mon Nov 28 11:25:31 +0800 2011			3384666038278003	3384666038278003				3384666038278003	0			0	<a href=" rel="nofollow">微博 weibo.com</a>	转发微博			1265439835	00	3384378782746925	1397721870305
1448526-	0		0	Tue Nov 29 16:34:26 +0800 2011			3385106171684841	3385106171684841				3385106171684841	0			0	<a href=" rel="nofollow">微博 weibo.com</a>	[哈哈]			1265439835	00	3384691141095073	1397721870305
1448527-	0		1	Mon Oct 31 14:34:49 +0800 2011			3374566820935279	3374566820935279				3374566820935279	0			0	<a href=" rel="nofollow">微博 weibo.com</a>	转发微博			1265439835	00	3373396715091507	1397721870305
1448528-	0		0	Fri Dec 02 08:52:42 +0800 2011			3386077136075776	3386077136075776				3386077136075776	0			0	<a href=" rel="nofollow">微博 weibo.com</a>	转发微博			1265439835	00	3385890552930385	1397721870306
1448529-	0		0	Wed Oct 26 10:21:55 +0800 2011			3372691235212192	3372691235212192				3372691235212192	0		#	1	<a href=" rel="nofollow">新浪微群</a>	//@元尚: #百家插图#《1860-1930：英国藏中国历史照片》低级官员 - 原文地址：			1265439835	00	0	1397721870306
1448530-	0		0	Tue Nov 08 12:57:35 +0800 2011			3377441462729566	3377441462729566				3377441462729566	0			0	<a href=" rel="nofollow">微博 weibo.com</a>	转发微博			1265439835	00	11324011108	1397721870306
1448531-	0		0	Wed Oct 26 10:28:03 +0800 2011			3372692779271778	3372692779271778				3372692779271778	0			0	<a href=" rel="nofollow">微博 weibo.com</a>	转发微博。			1265439835	00	3371392567651666	1397721870306
1448532-	0		0	Thu Nov 24 12:19:35 +0800 2011			3383230097018617	3383230097018617				3383230097018617	0			0	<a href=" rel="nofollow">微博 weibo.com</a>	转发微博			1265439835	00	3383229292130800	1397721870307
1448533-	0		0	Thu Dec 15 12:34:42 +0800 2011			3390844046606045	3390844046606045				3390844046606045	0			0	<a href=" rel="nofollow">微博 weibo.com</a>	转发微博			1265439835	00	3390842930417163	1397721870307
1448534-	0		0	Fri Dec 02 09:12:09 +0800 2011			3386082035066434	3386082035066434				3386082035066434	0			0	<a href=" rel="nofollow">微博 weibo.com</a>	超喜欢辛德勒			1265439835	00	3385821832856183	1397721870307
1448535-	0		0	Thu Jan 05 18:00:15 +0800 2012			3398536118774027	3398536118774027				3398536118774027	0			0	<a href=" rel="nofollow">微博 weibo.com</a>	今天下班回到家，就读到一篇好文章，给大家推荐一下：沈昌文：《知心的人，称心的书》（《蓬蒿人书语》序） 可敬的前辈，值得一读的文章。			1265439835	00	0	1397721870308
1448536-	0		0	Thu Dec 08 09:11:17 +0800 2011			3388256140024328	3388256140024328				3388256140024328	0			0	<a href=" rel="nofollow">微博 weibo.com</a>	转发微博			1265439835	00	3387901998368261	1397721870308
1448537-	0		0	Tue Dec 13 16:02:58 +0800 2011			3390171683120744	3390171683120744				3390171683120744	0			0	<a href=" rel="nofollow">微博 weibo.com</a>	转发微博			1265439835	00	3389416032290824	1397721870308
1448538-	0		0	Wed Oct 26 10:31:34 +0800 2011			3372693664295922	3372693664295922				3372693664295922	0		#	0	<a href=" rel="nofollow">新浪微群</a>	//@元尚: #作家书房#虹影 - 原文地址：			1265439835	00	0	1397721870308
1448539-	0		0	Wed Oct 26 10:22:25 +0800 2011			3372691361118356	3372691361118356				3372691361118356	0		#	0	<a href=" rel="nofollow">新浪微群</a>	//@元尚: #百家插图#脚夫，旧时搬运工人的称呼。 - 原文地址：			1265439835	00	0	1397721870309
1448540-	0		0	Thu Dec 15 12:37:05 +0800 2011			3390844646219241	3390844646219241				3390844646219241	0			0	<a href=" rel="nofollow">微博 weibo.com</a>	//@刘俊来: 我，有一个梦想，退休之后开家小书店，每日忙忙碌碌，看着男男女女老老少少选书挑书买书评书。			1265439835	00	3390828668864011	1397721870309
1448541-	0		0	Tue Dec 13 14:35:34 +0800 2011			3390149683712019	3390149683712019				3390149683712019	0			0	<a href=" rel="nofollow">微博 weibo.com</a>	转发微博			1265439835	00	3390140950779588	1397721870309
1448542-	0		0	Tue Dec 13 14:38:52 +0800 2011			3390150518602051	3390150518602051				3390150518602051	0			0	<a href=" rel="nofollow">微博 weibo.com</a>	转发微博			1265439835	00	3390140821197715	1397721870309
1448543-	0		0	Wed Oct 26 10:22:32 +0800 2011			3372691390478956	3372691390478956				3372691390478956	0		#	0	<a href=" rel="nofollow">新浪微群</a>	//@元尚: #百家插图#私塾是私学的一种。清代地方儒学有名无实，青少年真正读书受教育的场所，除义学外，一般都在地方或私人所办的学塾里，因此清代学塾发达，（百度百科） - 原文地址：			1265439835	00	0	1397721870310
1448544-	0		1	Wed Oct 26 10:29:56 +0800 2011			3372693252703002	3372693252703002				3372693252703002	0		#	1	<a href=" rel="nofollow">新浪微群</a>	//@元尚: #作家书房#作家锺文音书房 - 原文地址：			1265439835	00	0	1397721870310
1448545-	0		0	Fri Dec 23 17:38:42 +0800 2011			3393819652025325	3393819652025325				3393819652025325	0		#	0	<a href=" rel="nofollow">新浪微群</a>	//@三联读者俱乐部: @三联书店李昕:此书获得2011年深圳读书月“十本好书奖”。  - 原文地址：			1265439835	00	0	1397721870310
1448546-	0		1	Tue Dec 13 14:55:42 +0800 2011			3390154754593659	3390154754593659				3390154754593659	0			0	<a href=" rel="nofollow">微博 weibo.com</a>	太棒了			1265439835	00	3389883466798815	1397721870310
1448547-	0		0	Thu Dec 08 08:53:19 +0800 2011			3388251618594617	3388251618594617				3388251618594617	0			0	<a href=" rel="nofollow">微博 weibo.com</a>	转发微博			1265439835	00	3386090578297170	1397721870311
1448548-	0		0	Wed Oct 26 10:08:12 +0800 2011			3372687783248842	3372687783248842				3372687783248842	0		#	0	<a href=" rel="nofollow">新浪微群</a>	难怪“中国就没有黑社会”，原来人人都这么有正义感，哈哈哈哈//@元尚: #文房雅玩#新中国初期宣传画14 - 原文地址：			1265439835	00	0	1397721870311
1448549-	0		0	Tue Dec 20 10:57:57 +0800 2011			3392631637963977	3392631637963977				3392631637963977	0			0	<a href=" rel="nofollow">微博 weibo.com</a>	转发微博			1265439835	00	3390472388665283	1397721870311
1448550-	0		0	Tue Dec 13 16:03:12 +0800 2011			3390171741445475	3390171741445475				3390171741445475	0			0	<a href=" rel="nofollow">微博 weibo.com</a>	转发微博			1265439835	00	3389446265446266	1397721870312
1448551-	0		0	Wed Oct 26 10:27:35 +0800 2011			3372692662028800	3372692662028800				3372692662028800	0			0	<a href=" rel="nofollow">微博 weibo.com</a>	转发微博。			1265439835	00	3371403833417107	1397721870312
1448552-	0		0	Wed Oct 26 10:31:06 +0800 2011			3372693546308706	3372693546308706				3372693546308706	0		#	0	<a href=" rel="nofollow">新浪微群</a>	//@元尚: #作家书房#陈平原在 书 房 - 原文地址：			1265439835	00	0	1397721870312
1448553-	0		0	Fri Nov 25 11:40:42 +0800 2011			3383582699801038	3383582699801038				3383582699801038	0			0	<a href=" rel="nofollow">微博 weibo.com</a>	对@徐无言 说：hello			1265439835	00	0	1397721870312
1448554-	0		0	Wed Nov 16 13:08:44 +0800 2011			3380343358970680	3380343358970680				3380343358970680	0			0	<a href=" rel="nofollow">微博 weibo.com</a>	[good]			1265439835	00	3374952369517736	1397721870313
1448555-	0		0	Wed Oct 26 14:16:24 +0800 2011			3372750245531218	3372750245531218				3372750245531218	0			0	<a href=" rel="nofollow">微博 weibo.com</a>	[嘻嘻]			1265439835	00	3372749184346051	1397721870313
1448556-	0		0	Mon Nov 21 14:20:41 +0800 2011			3382173409257502	3382173409257502				3382173409257502	0			0	<a href=" rel="nofollow">微博 weibo.com</a>	我一直想自己开个书店//@雅倩爱书: 帮转~在书店工作是一种难得的幸福！			1265439835	00	3382170431596244	1397721870313
1448557-	0		0	Tue Nov 08 12:49:33 +0800 2011			3377439432793275	3377439432793275				3377439432793275	0			0	<a href=" rel="nofollow">微博 weibo.com</a>	//@字体设计: 文字与图形的结合，可再讲究深入来让读者感受“冬”的感觉			1265439835	00	3377409905044628	1397721870313
1448558-	0		0	Mon Nov 28 11:17:17 +0800 2011			3384663974634620	3384663974634620				3384663974634620	0			0	<a href=" rel="nofollow">微博 weibo.com</a>	//@王道叨叨: 毛操//@水上书: #最流行# “毛主席语录操”			1265439835	00	3384425612047515	1397721870314
1448559-	0		0	Mon Dec 26 13:00:46 +0800 2011			3394836868711897	3394836868711897				3394836868711897	0			0	<a href=" rel="nofollow">微博 weibo.com</a>	转发微博			1265439835	00	3394835648243043	1397721870314
1448560-	0		0	Wed Oct 26 10:21:31 +0800 2011			3372691134547423	3372691134547423				3372691134547423	0		#	0	<a href=" rel="nofollow">新浪微群</a>	//@元尚: #百家插图#《木曾街道六十九次之内 : 奈良井》作者：一勇�国芳 画 - 原文地址：			1265439835	00	0	1397721870314
1448561-	0		0	Thu Mar 08 19:55:22 +0800 2012			3421395524014253	3421395524014253				3421395524014253	0			0	<a href=" rel="nofollow">微博 weibo.com</a>	//@唐亮钢笔画: 这个素材是我大爱[心]//@艺缘119: 威利斯水城			1265439835	00	3417675868872816	1397721870314
1448562-	0		0	Thu Oct 27 09:08:01 +0800 2011			3373035027671899	3373035027671899				3373035027671899	0		#	0	<a href=" rel="nofollow">微博 weibo.com</a>	[话筒]#新版微博#开放升级啦。我已经抢“鲜”体验，新版很给力、功能很强大，新鲜应用、热门游戏应有尽有，两栏、三栏版本自由切换。hold不住了吧？你也来升级吧，不用邀请码哦。			1265439835	00	0	1397721870315
1448563-	0		0	Tue Dec 13 14:11:18 +0800 2011			3390143581316910	3390143581316910				3390143581316910	0			0	<a href=" rel="nofollow">微博 weibo.com</a>	//@徐峙立: 这画面拍得很像东山魁夷的画作……			1265439835	00	3389855947581351	1397721870315
1448564-	0		0	Thu Nov 24 12:19:35 +0800 2011			3383230097018617	3383230097018617				3383230097018617	0			0	<a href=" rel="nofollow">微博 weibo.com</a>	转发微博			1265439835	00	3383229292130800	1397721870315
1448565-	0		0	Tue Dec 20 10:57:57 +0800 2011			3392631637963977	3392631637963977				3392631637963977	0			0	<a href=" rel="nofollow">微博 weibo.com</a>	转发微博			1265439835	00	3390472388665283	1397721870315
1448566-	0		0	Mon Dec 19 11:32:17 +0800 2011			3392277890462869	3392277890462869				3392277890462869	0			0	<a href=" rel="nofollow">微博 weibo.com</a>	转发微博			1265439835	00	3392277752029713	1397721870316
1448567-	0		0	Thu Dec 08 09:11:17 +0800 2011			3388256140024328	3388256140024328				3388256140024328	0			0	<a href=" rel="nofollow">微博 weibo.com</a>	转发微博			1265439835	00	3387901998368261	1397721870316
1448568-	0		0	Wed Mar 28 21:54:20 +0800 2012			3428673220466328	3428673220466328				3428673220466328	0			0	<a href=" rel="nofollow">微博 weibo.com</a>	很想看今天晚上的比赛，可是明天要上班，唉……			1265439835	00	0	1397721870316
1448569-	0		0	Thu Mar 08 19:59:12 +0800 2012			3421396489104163	3421396489104163				3421396489104163	0			0	<a href=" rel="nofollow">微博 weibo.com</a>	转发微博			1265439835	00	3416963500012714	1397721870316
1448570-	0		0	Wed Oct 26 10:29:42 +0800 2011			3372693194057078	3372693194057078				3372693194057078	0		#	0	<a href=" rel="nofollow">新浪微群</a>	//@元尚: #作家书房#叶嘉莹的书房 - 原文地址：			1265439835	00	0	1397721870317
1448571-	0		0	Wed Nov 16 13:07:01 +0800 2011			3380342931360422	3380342931360422				3380342931360422	0			0	<a href=" rel="nofollow">微博 weibo.com</a>	转发微博			1265439835	00	3378985302231728	1397721870317
1448572-	0		0	Wed Nov 16 11:11:07 +0800 2011			3380313764178278	3380313764178278				3380313764178278	0			0	<a href=" rel="nofollow">微博 weibo.com</a>	转发微博			1265439835	00	3379990684692366	1397721870317
1448573-	0		0	Thu Mar 08 19:49:10 +0800 2012			3421393964095566	3421393964095566				3421393964095566	0			0	<a href=" rel="nofollow">微博 weibo.com</a>	[good]			1265439835	00	3421393570429037	1397721870317
1448574-	0		0	Tue Nov 08 12:42:25 +0800 2011			3377437641610406	3377437641610406				3377437641610406	0			0	<a href=" rel="nofollow">微博 weibo.com</a>	好漂亮啊//@令狐磊的杂志发现室: 日本，我来了～			1265439835	00	3377435766722308	1397721870318
1448575-	0		0	Thu Dec 15 12:37:05 +0800 2011			3390844646219241	3390844646219241				3390844646219241	0			0	<a href=" rel="nofollow">微博 weibo.com</a>	//@刘俊来: 我，有一个梦想，退休之后开家小书店，每日忙忙碌碌，看着男男女女老老少少选书挑书买书评书。			1265439835	00	3390828668864011	1397721870318
1448576-	0		0	Tue Dec 13 14:54:45 +0800 2011			3390154515483008	3390154515483008				3390154515483008	0			0	<a href=" rel="nofollow">微博 weibo.com</a>	很漂亮，可惜只是想象中的长安。妹尾达彦先生的文章更能让我产生穿越感。（《唐代后期的长安与传奇小说――以〈李娃传〉的分析为中心》，《日本中青年学者论中国史?六朝隋唐卷》，上海古籍出版社1995年）			1265439835	00	3390071795071619	1397721870318
1448577-	0		0	Mon Dec 19 11:34:15 +0800 2011			3392278385636774	3392278385636774				3392278385636774	0			0	<a href=" rel="nofollow">微博 weibo.com</a>	转发微博			1265439835	00	3392277584404438	1397721870318
1448578-	0		0	Thu Dec 08 09:10:38 +0800 2011			3388255976426915	3388255976426915				3388255976426915	0			0	<a href=" rel="nofollow">微博 weibo.com</a>	转发微博			1265439835	00	3387932197294128	1397721870319
1448579-	0		0	Wed Nov 16 13:04:49 +0800 2011			3380342377599475	3380342377599475				3380342377599475	0			0	<a href=" rel="nofollow">微博 weibo.com</a>	漂亮啊			1265439835	00	3376010793455458	1397721870319
1448580-	0		0	Tue Nov 08 12:57:48 +0800 2011			3377441508874393	3377441508874393				3377441508874393	0			0	<a href=" rel="nofollow">微博 weibo.com</a>	转发微博			1265439835	00	11323711444	1397721870319
1448581-	0		0	Wed Oct 26 10:22:07 +0800 2011			3372691285619792	3372691285619792				3372691285619792	0		#	0	<a href=" rel="nofollow">新浪微群</a>	//@元尚: #百家插图#中国近代警察 - 原文地址：			1265439835	00	0	1397721870320
1448582-	0		0	Wed Jan 11 08:40:36 +0800 2012			3400569605966835	3400569605966835				3400569605966835	0			0	<a href=" rel="nofollow">微博 weibo.com</a>	转发微博			1265439835	00	3400308332869478	1397721870320
1448583-	0		0	Wed Nov 16 08:50:28 +0800 2011			3380278368564355	3380278368564355				3380278368564355	0			0	<a href=" rel="nofollow">微博 weibo.com</a>	转发微博			1265439835	00	3380276308402320	1397721870320
1448584-	0		0	Tue Dec 20 10:56:27 +0800 2011			3392631268812759	3392631268812759				3392631268812759	0			0	<a href=" rel="nofollow">微博 weibo.com</a>	转发微博			1265439835	00	3391936507018580	1397721870321
1448585-	0		0	Thu Dec 08 08:48:46 +0800 2011			3388250473437873	3388250473437873				3388250473437873	0			0	<a href=" rel="nofollow">微博 weibo.com</a>	转发微博			1265439835	00	3388201077261873	1397721870321
1448586-	0		1	Thu Dec 15 12:39:17 +0800 2011			3390845199951318	3390845199951318				3390845199951318	0			0	<a href=" rel="nofollow">微博 weibo.com</a>	转发微博			1265439835	00	3390838969473475	1397721870321
1448587-	0		0	Wed Mar 28 21:53:34 +0800 2012			3428673028319266	3428673028319266				3428673028319266	0			1	<a href=" rel="nofollow">话题</a>	#巴塞罗那必胜！#有哈维、小白、小法、梅西在，没啥好担心！			1265439835	00	0	1397721870321
1448588-	0		1	Mon Apr 30 15:52:16 +0800 2012			3440540903456043	3440540903456043				3440540903456043	0			2	<a href=" rel="nofollow">微博 weibo.com</a>	就是因为生活压力太大，唉，谁造成的呢？不正常的社会//@柚子黄黄: 呵呵 //@作家金满楼: //@diana000: 国人基本生活压力太大，单是衣食住行就让人应付不过来了。整天算计着吃饭穿衣的钱，又怎么会想到买书？居无定所又怎么敢买书？ //@大体重啊小脚印:请大家谨听张老师教诲。			1265439835	00	3437734259820265	1397721870322
1448589-	0		0	Wed Oct 26 10:11:27 +0800 2011			3372688601150285	3372688601150285				3372688601150285	0		#	0	<a href=" rel="nofollow">新浪微群</a>	想看看//@三联读者俱乐部: #推介好书#@新浪文化读书:#小编说书#实体书店生存艰难、逐渐淡出人们视野的消息不断传来，今天的人们真的不再需要书店了吗？《相约在书店》是我国著名出版家范用先生有关书、书店、出版的随笔集。 - 原文地址：			1265439835	00	0	1397721870322
1448590-	0		0	Mon Dec 19 11:34:15 +0800 2011			3392278385636774	3392278385636774				3392278385636774	0			0	<a href=" rel="nofollow">微博 weibo.com</a>	转发微博			1265439835	00	3392277584404438	1397721870322
1448591-	0		0	Mon Nov 21 14:24:50 +0800 2011			3382174449581610	3382174449581610				3382174449581610	0			0	<a href=" rel="nofollow">微博 weibo.com</a>	转发微博			1265439835	00	3382169277719208	1397721870323
1448592-	0		0	Wed Oct 26 10:27:40 +0800 2011			3372692683000952	3372692683000952				3372692683000952	0			0	<a href=" rel="nofollow">微博 weibo.com</a>	转发微博。			1265439835	00	3371404416559476	1397721870323
1448593-	0		0	Wed Oct 26 10:38:24 +0800 2011			3372695383516531	3372695383516531				3372695383516531	0		#	0	<a href=" rel="nofollow">新浪微群</a>	//@元尚: #作家书房#Beryl Bainbridge - 原文地址：			1265439835	00	0	1397721870323
1448594-	0		0	Mon Nov 28 15:52:46 +0800 2011			3384733306617982	3384733306617982				3384733306617982	0			0	<a href=" rel="nofollow">微博 weibo.com</a>	//@楚天都市报: 新闻稿写的蛮到位嘛，“惊挖”……[偷笑]			1265439835	00	3384714715325996	1397721870323
1448595-	0		0	Thu Dec 08 08:48:46 +0800 2011			3388250473437873	3388250473437873				3388250473437873	0			0	<a href=" rel="nofollow">微博 weibo.com</a>	转发微博			1265439835	00	3388201077261873	1397721870324
1448596-	0		0	Tue Dec 13 14:43:09 +0800 2011			3390151596688628	3390151596688628				3390151596688628	0			0	<a href=" rel="nofollow">微博 weibo.com</a>	转发微博			1265439835	00	3390086328290097	1397721870324
1448597-	0		0	Wed Oct 26 12:15:44 +0800 2011			3372719878882204	3372719878882204				3372719878882204	0			0	<a href=" rel="nofollow">微博 weibo.com</a>	//@学虎在线：[good]//@记者薛永璧: //@望岳归: [good]			1265439835	00	3372401947640846	1397721870324
1448598-	0		0	Wed Nov 16 10:57:42 +0800 2011			3380310385711175	3380310385711175				3380310385711175	0		#	0	<a href=" rel="nofollow">新浪微群</a>	//@Miss_Amy1209: 孤寂总是无声的蔓延。我们哭泣 在烦乱的夜，我们遥望 在本能伸手可及的街。我们懦弱，却放不下彼此心里的伤。我们 爱，但永远不及对自己的爱！―― 2011年5月摄于西班牙 - 原文地址：			1265439835	00	0	1397721870325
1448599-	0		0	Wed Oct 26 10:31:19 +0800 2011			3372693601379439	3372693601379439				3372693601379439	0		#	0	<a href=" rel="nofollow">新浪微群</a>	//@元尚: #作家书房#李敖先生的书房 - 原文地址：			1265439835	00	0	1397721870325
1448600-	0		0	Wed Nov 16 08:53:21 +0800 2011			3380279094251620	3380279094251620				3380279094251620	0			0	<a href=" rel="nofollow">微博 weibo.com</a>	[哈哈]//@陈冰青CBQ: 转发微博			1265439835	00	3380258231803832	1397721870325
1448601-	0		0	Tue Nov 08 12:49:25 +0800 2011			3377439399232666	3377439399232666				3377439399232666	0			0	<a href=" rel="nofollow">微博 weibo.com</a>	转发微博			1265439835	00	3377437096692739	1397721870325
1448602-	0		0	Fri Dec 30 11:17:55 +0800 2011			3396260541389555	3396260541389555				3396260541389555	0			0	<a href=" rel="nofollow">专业版微博</a>	对@青豆书坊 说：请问贵公司有没有兴趣跟湖北人民出版社合作？我们社主要人文社科、亲子生活等方面的图书。			1265439835	00	0	1397721870326
1448603-	0		0	Tue Nov 08 12:40:53 +0800 2011			3377437247713133	3377437247713133				3377437247713133	0			0	<a href=" rel="nofollow">微博 weibo.com</a>	//@阳光一米六: 立冬。冬天来了，天冷了，可春天也会不远了			1265439835	00	3377373724985707	1397721870326
1448604-	0		0	Wed Nov 16 08:48:10 +0800 2011			3380277785499957	3380277785499957				3380277785499957	0			0	<a href=" rel="nofollow">微博 weibo.com</a>	以前也见过，确实很吓人			1265439835	00	3380277197722735	1397721870326
1448605-	0		0	Thu Dec 08 08:44:30 +0800 2011			3388249399887899	3388249399887899				3388249399887899	0			0	<a href=" rel="nofollow">微博 weibo.com</a>	他应该明白，碰到梅西、小白，他一向都没有好运气，哈哈哈哈			1265439835	00	3388063079855372	1397721870326
1448606-	0		0	Wed Nov 16 13:07:28 +0800 2011			3380343044345375	3380343044345375				3380343044345375	0			0	<a href=" rel="nofollow">微博 weibo.com</a>	转发微博			1265439835	00	3378203521438610	1397721870327
1448607-	0		0	Mon Dec 19 11:32:17 +0800 2011			3392277890462869	3392277890462869				3392277890462869	0			0	<a href=" rel="nofollow">微博 weibo.com</a>	转发微博			1265439835	00	3392277752029713	1397721870327
1448608-	0		0	Mon Nov 28 11:25:31 +0800 2011			3384666038278003	3384666038278003				3384666038278003	0			0	<a href=" rel="nofollow">微博 weibo.com</a>	转发微博			1265439835	00	3384378782746925	1397721870327
1448609-	0		0	Tue Dec 06 12:02:30 +0800 2011			3387574451014720	3387574451014720				3387574451014720	0		#	0	<a href=" rel="nofollow">新浪微群</a>	好书啊，就是有点贵 - 原文地址：			1265439835	00	0	1397721870327
1448610-	0		0	Wed Oct 26 10:22:16 +0800 2011			3372691323293979	3372691323293979				3372691323293979	0		#	0	<a href=" rel="nofollow">新浪微群</a>	//@元尚: #百家插图#中国古代家祀祠堂 - 原文地址：			1265439835	00	0	1397721870328
1448611-	0		0	Tue Nov 15 09:06:06 +0800 2011			3379919914833690	3379919914833690				3379919914833690	0			0	<a href=" rel="nofollow">微博 weibo.com</a>	转发微博			1265439835	00	3379919540942338	1397721870328
1448612-	0		0	Wed Oct 26 12:12:09 +0800 2011			3372718976879358	3372718976879358				3372718976879358	0			0	<a href=" rel="nofollow">微博 weibo.com</a>	//@诗人陈立红：哈哈//@青歌漫舞: 一看就是跟中国学滴～～[挖鼻屎][偷笑]//@染香:奥巴马亲自带着一群枪手扑向菜场，这个阵势挺吓人的！ // @石华宁 :感觉这是要到菜市场去打猎，比康熙皇帝出行威猛多了。打猎成果也很丰富，一筐大南瓜。用大南瓜表演给大傻瓜。			1265439835	00	3372709888028109	1397721870328
1448613-	0		0	Thu Mar 08 19:52:07 +0800 2012			3421394706113182	3421394706113182				3421394706113182	0			0	<a href=" rel="nofollow">微博 weibo.com</a>	//@唐亮钢笔画: 发挥想象力-----			1265439835	00	3420224076757560	1397721870328
1448614-	0		0	Wed Nov 16 11:05:11 +0800 2011			3380312270794302	3380312270794302				3380312270794302	0			0	<a href=" rel="nofollow">微博 weibo.com</a>	[哈哈]			1265439835	00	3380042535022226	1397721870329
1448615-	0		0	Mon Nov 28 11:25:01 +0800 2011			3384665916624893	3384665916624893				3384665916624893	0			0	<a href=" rel="nofollow">微博 weibo.com</a>	转发微博			1265439835	00	3384371229000125	1397721870329
1448616-	0		0	Sat Nov 26 09:07:50 +0800 2011			3383906616738539	3383906616738539				3383906616738539	0			0	<a href=" rel="nofollow">微博 weibo.com</a>	转发微博			1265439835	00	3383904671256195	1397721870329
1448617-	0		0	Sat Feb 11 11:44:01 +0800 2012			3411849792152277	3411849792152277				3411849792152277	0		#	0	<a href=" rel="nofollow">勋章馆</a>	我获得微身份勋章啦！我是个有身份的人了，你也快点来领取吧。咱们都是靠谱的人！  			1265439835	00	0	1397721870329
1448618-	0		0	Wed Oct 26 10:10:43 +0800 2011			3372688416598169	3372688416598169				3372688416598169	0		#	0	<a href=" rel="nofollow">新浪微群</a>	//@三联读者俱乐部: 关注！@京城文人:@三联书店；@三联读者俱乐部 - //@京城文人:十月31日晚9:40，#旅游卫视#“书说北京”节目播出《京味儿》专辑。带您光顾张国荣在北京去过的唯一小吃店，聆听旷世名琴演奏的天籁之声――沧海一声笑。 - 原文地址：			1265439835	00	0	1397721870330
1448619-	0		0	Tue Nov 01 16:20:25 +0800 2011			3374955783952842	3374955783952842				3374955783952842	0			0	<a href=" rel="nofollow">微博 weibo.com</a>	//@中华书局李世文: 京都书肆记之别篇			1265439835	00	3369143408276176	1397721870330
1448620-	0		0	Mon Nov 28 09:17:46 +0800 2011			3384633893229504	3384633893229504				3384633893229504	0			0	<a href=" rel="nofollow">微博 weibo.com</a>	//@老照片收藏家w: 转发微博			1265439835	00	3370698932889160	1397721870330
1448621-	0		0	Wed Mar 28 21:53:34 +0800 2012			3428673028319266	3428673028319266				3428673028319266	0			1	<a href=" rel="nofollow">话题</a>	#巴塞罗那必胜！#有哈维、小白、小法、梅西在，没啥好担心！			1265439835	00	0	1397721870330
1448622-	0		0	Thu Mar 08 19:52:07 +0800 2012			3421394706113182	3421394706113182				3421394706113182	0			0	<a href=" rel="nofollow">微博 weibo.com</a>	//@唐亮钢笔画: 发挥想象力-----			1265439835	00	3420224076757560	1397721870331
1448623-	0		0	Wed Oct 26 10:32:53 +0800 2011			3372693995105931	3372693995105931				3372693995105931	0		#	1	<a href=" rel="nofollow">新浪微群</a>	好想有个这样的书房啊//@元尚: #作家书房#金庸 - 原文地址：			1265439835	00	0	1397721870331
1448624-	0		0	Thu Dec 15 12:38:29 +0800 2011			3390844998857117	3390844998857117				3390844998857117	0			0	<a href=" rel="nofollow">微博 weibo.com</a>	转发微博			1265439835	00	3390839801760862	1397721870331
1448625-	0		0	Wed Mar 28 21:54:20 +0800 2012			3428673220466328	3428673220466328				3428673220466328	0			0	<a href=" rel="nofollow">微博 weibo.com</a>	很想看今天晚上的比赛，可是明天要上班，唉……			1265439835	00	0	1397721870332
1448626-	0		0	Thu Dec 08 08:41:42 +0800 2011			3388248695443281	3388248695443281				3388248695443281	0			0	<a href=" rel="nofollow">微活动</a>	有奖转发支持巴萨 地址：			1265439835	00	3387926337770765	1397721870332
1448627-	0		0	Thu Jan 05 18:00:15 +0800 2012			3398536118774027	3398536118774027				3398536118774027	0			0	<a href=" rel="nofollow">微博 weibo.com</a>	今天下班回到家，就读到一篇好文章，给大家推荐一下：沈昌文：《知心的人，称心的书》（《蓬蒿人书语》序） 可敬的前辈，值得一读的文章。			1265439835	00	0	1397721870332
1448628-	0		0	Thu Mar 08 19:55:22 +0800 2012			3421395524014253	3421395524014253				3421395524014253	0			0	<a href=" rel="nofollow">微博 weibo.com</a>	//@唐亮钢笔画: 这个素材是我大爱[心]//@艺缘119: 威利斯水城			1265439835	00	3417675868872816	1397721870333
1448629-	0		0	Wed Jan 11 08:40:36 +0800 2012			3400569605966835	3400569605966835				3400569605966835	0			0	<a href=" rel="nofollow">微博 weibo.com</a>	转发微博			1265439835	00	3400308332869478	1397721870333
1448630-	0		0	Mon Nov 28 09:18:06 +0800 2011			3384633972520929	3384633972520929				3384633972520929	0			0	<a href=" rel="nofollow">微博 weibo.com</a>	//@老照片收藏家w: 转发微博			1265439835	00	3371429809071775	1397721870333
1448631-	0		0	Mon Nov 07 10:03:43 +0800 2011			3377035307125222	3377035307125222				3377035307125222	0			0	<a href=" rel="nofollow">微博 weibo.com</a>	转发微博			1265439835	00	3377028307217157	1397721870333
1448632-	0		0	Tue Dec 06 11:54:40 +0800 2011			3387572479664137	3387572479664137				3387572479664137	0			0	<a href=" rel="nofollow">新浪微群</a>	我参与了【【微群投票】十二月上映的电影，你最期待哪些？】，投给了 "《魔法奇幻秀》约翰尼・德普主演。" 等2个选项。 			1265439835	00	0	1397721870334
1448633-	0		0	Tue Dec 13 14:27:08 +0800 2011			3390147561342466	3390147561342466				3390147561342466	0			0	<a href=" rel="nofollow">微博 weibo.com</a>	//@盘索: //@王虹艳-holly2013: 有点诡异 //@全球精华搜罗:2005年《国家地理杂志》最美图片之一			1265439835	00	3390106813659505	1397721870334
1448634-	0		1	Mon Apr 30 15:44:16 +0800 2012			3440538898855368	3440538898855368				3440538898855368	0			2	<a href=" rel="nofollow">微博 weibo.com</a>	啊，可惜那天我在上班，你没有没有多的，要不送我一本（签名的），呵呵			1265439835	00	3439893156178342	1397721870334
1448635-	0		0	Thu Mar 08 19:56:19 +0800 2012			3421395763092950	3421395763092950				3421395763092950	0			0	<a href=" rel="nofollow">微博 weibo.com</a>	[good]//@唐亮钢笔画: #每日分享#[钻石]香港的特点抓的不错,可爱的小细节，充满了感情。[赞]			1265439835	00	3419932111163534	1397721870334
1448636-	0		0	Tue Dec 27 08:49:46 +0800 2011			3395136094678880	3395136094678880				3395136094678880	0			0	<a href=" rel="nofollow">微博 weibo.com</a>	转发微博			1265439835	00	3394790412764406	1397721870335
1448637-	0		0	Thu Mar 08 19:55:48 +0800 2012			3421395633067713	3421395633067713				3421395633067713	0			0	<a href=" rel="nofollow">微博 weibo.com</a>	//@唐亮钢笔画: .威尼斯水城[围观]			1265439835	00	3419812410162953	1397721870335
1448638-	0		0	Tue Dec 06 12:06:13 +0800 2011			3387575383475785	3387575383475785				3387575383475785	0			0	<a href=" rel="nofollow">微博 weibo.com</a>	//@三联读者俱乐部: //@倪雪君: “杨树达治学，成果极为丰硕，被公认为经典之作。他在语法学、修辞学、训诂学、语源学、文字学、古文字学、古文献学、考古学等诸方面均卓有建树。张岱年在《大公报》上撰文，谓当时中国学术，只有冯友兰之哲学，陈垣之史学，杨树达之训诂学，足以抗衡日本。”			1265439835	00	3387226719385357	1397721870335
1448639-	0		0	Thu Dec 15 12:38:29 +0800 2011			3390844998857117	3390844998857117				3390844998857117	0			0	<a href=" rel="nofollow">微博 weibo.com</a>	转发微博			1265439835	00	3390839801760862	1397721870336
1448640-	0		0	Wed Oct 26 10:19:22 +0800 2011			3372690594178040	3372690594178040				3372690594178040	0			0	<a href=" rel="nofollow">微博 weibo.com</a>	//@mito_weideng：好漂亮！			1265439835	00	3365626947123399	1397721870336
1448641-	0		0	Mon Nov 28 11:17:17 +0800 2011			3384663974634620	3384663974634620				3384663974634620	0			0	<a href=" rel="nofollow">微博 weibo.com</a>	//@王道叨叨: 毛操//@水上书: #最流行# “毛主席语录操”			1265439835	00	3384425612047515	1397721870336
1448642-	0		1	Wed Oct 26 10:23:30 +0800 2011			3372691633752134	3372691633752134				3372691633752134	0		#	1	<a href=" rel="nofollow">新浪微群</a>	//@元尚: #百家插图#《1860-1930：英国藏中国历史照片》清朝官员家 - 原文地址：			1265439835	00	0	1397721870336
1448643-	0		0	Mon Nov 14 09:20:08 +0800 2011			3379561058499405	3379561058499405				3379561058499405	0			0	<a href=" rel="nofollow">微博 weibo.com</a>	转发微博			1265439835	00	3379554838423305	1397721870337
1448644-	0		0	Tue Nov 08 12:48:55 +0800 2011			3377439273644601	3377439273644601				3377439273644601	0			0	<a href=" rel="nofollow">微博 weibo.com</a>	//@字体设计: 转发微博			1265439835	00	3377073534469542	1397721870337
1448645-	0		0	Fri Nov 18 09:31:52 +0800 2011			3381013562970661	3381013562970661				3381013562970661	0			0	<a href=" rel="nofollow">微博 weibo.com</a>	喜欢			1265439835	00	3381012095021940	1397721870337
1448646-	0		1	Mon Apr 30 15:44:16 +0800 2012			3440538898855368	3440538898855368				3440538898855368	0			2	<a href=" rel="nofollow">微博 weibo.com</a>	啊，可惜那天我在上班，你没有没有多的，要不送我一本（签名的），呵呵			1265439835	00	3439893156178342	1397721870337
1448647-	0		0	Wed Oct 26 10:30:59 +0800 2011			3372693516948130	3372693516948130				3372693516948130	0		#	0	<a href=" rel="nofollow">新浪微群</a>	//@元尚: #作家书房#季羡林在家中书房 - 原文地址：			1265439835	00	0	1397721870338
1448648-	1		5	Mon Apr 30 15:56:53 +0800 2012			3440542065211793	3440542065211793				3440542065211793	0			20	<a href=" rel="nofollow">微博 weibo.com</a>	//@柚子黄黄: 1917年的北大，是一个什么情形呢？当时全国有几所国立大学？北大当年的成功，恐怕是多种条件合力的结果。 //@出版人刘耀辉:今日之北大还是有宿白、田余庆、叶朗、王博、钱理群、曹文轩、陈平原等诸先生嘛			1265439835	00	3436303475682801	1397721870338
1448649-	0		0	Thu Dec 08 08:44:30 +0800 2011			3388249399887899	3388249399887899				3388249399887899	0			0	<a href=" rel="nofollow">微博 weibo.com</a>	他应该明白，碰到梅西、小白，他一向都没有好运气，哈哈哈哈			1265439835	00	3388063079855372	1397721870338
1448650-	0		0	Tue Dec 13 14:11:18 +0800 2011			3390143581316910	3390143581316910				3390143581316910	0			0	<a href=" rel="nofollow">微博 weibo.com</a>	//@徐峙立: 这画面拍得很像东山魁夷的画作……			1265439835	00	3389855947581351	1397721870338
1448651-	0		0	Thu Mar 08 19:55:07 +0800 2012			3421395469487582	3421395469487582				3421395469487582	0			0	<a href=" rel="nofollow">微博 weibo.com</a>	威尼斯的圣马可广场，真漂亮！			1265439835	00	3420685537996234	1397721870339
1448652-	0		0	Thu Mar 08 19:49:10 +0800 2012			3421393964095566	3421393964095566				3421393964095566	0			0	<a href=" rel="nofollow">微博 weibo.com</a>	[good]			1265439835	00	3421393570429037	1397721870339
1448653-	0		0	Tue Dec 13 14:43:09 +0800 2011			3390151596688628	3390151596688628				3390151596688628	0			0	<a href=" rel="nofollow">微博 weibo.com</a>	转发微博			1265439835	00	3390086328290097	1397721870339
1448654-	0		0	Tue Dec 13 14:54:45 +0800 2011			3390154515483008	3390154515483008				3390154515483008	0			0	<a href=" rel="nofollow">微博 weibo.com</a>	很漂亮，可惜只是想象中的长安。妹尾达彦先生的文章更能让我产生穿越感。（《唐代后期的长安与传奇小说――以〈李娃传〉的分析为中心》，《日本中青年学者论中国史?六朝隋唐卷》，上海古籍出版社1995年）			1265439835	00	3390071795071619	1397721870339
1448655-	0		0	Sat Nov 26 09:07:28 +0800 2011			3383906529094937	3383906529094937				3383906529094937	0			0	<a href=" rel="nofollow">微博 weibo.com</a>	转发微博			1265439835	00	3383904713375526	1397721870340
1448656-	0		0	Mon Nov 28 11:25:01 +0800 2011			3384665916624893	3384665916624893				3384665916624893	0			0	<a href=" rel="nofollow">微博 weibo.com</a>	转发微博			1265439835	00	3384371229000125	1397721870340
1448657-	0		0	Fri Dec 02 08:58:14 +0800 2011			3386078533014757	3386078533014757				3386078533014757	0			0	<a href=" rel="nofollow">微博 weibo.com</a>	//@创意工坊: 太坏了			1265439835	00	3385799657509449	1397721870340
1448658-	0		0	Wed Nov 16 08:49:03 +0800 2011			3380278012013711	3380278012013711				3380278012013711	0			0	<a href=" rel="nofollow">微博 weibo.com</a>	[good]			1265439835	00	3380277045281367	1397721870340
1448659-	0		1	Thu Mar 08 20:01:04 +0800 2012			3421396959107205	3421396959107205				3421396959107205	0			0	<a href=" rel="nofollow">微博 weibo.com</a>	喜欢威尼斯，喜欢钢笔画[嘻嘻]			1265439835	00	7738547549	1397721870341
1448660-	0		0	Fri Dec 09 17:32:15 +0800 2011			3388744604344439	3388744604344439				3388744604344439	0			1	<a href=" rel="nofollow">微博 weibo.com</a>	[嘻嘻]//@南北雪: 狼友必读[偷笑]//@amelie0324: 这本书真的不错，而且精美雅致，推荐！！			1265439835	00	3388738665049565	1397721870341
1448661-	0		0	Thu Dec 08 08:41:42 +0800 2011			3388248695443281	3388248695443281				3388248695443281	0			0	<a href=" rel="nofollow">微活动</a>	有奖转发支持巴萨 地址：			1265439835	00	3387926337770765	1397721870341
1448662-	0		0	Sat Nov 26 09:07:50 +0800 2011			3383906616738539	3383906616738539				3383906616738539	0			0	<a href=" rel="nofollow">微博 weibo.com</a>	转发微博			1265439835	00	3383904671256195	1397721870341
1448663-	0		0	Mon Oct 31 14:17:31 +0800 2011			3374562467406175	3374562467406175				3374562467406175	0			0	<a href=" rel="nofollow">微博 weibo.com</a>	转发微博			1265439835	00	3372781807497794	1397721870342
1448664-	0		1	Thu Dec 15 12:39:17 +0800 2011			3390845199951318	3390845199951318				3390845199951318	0			0	<a href=" rel="nofollow">微博 weibo.com</a>	转发微博			1265439835	00	3390838969473475	1397721870342
1448665-	0		4	Tue Nov 22 09:11:03 +0800 2011			3382457871520773	3382457871520773				3382457871520773	0			0	<a href=" rel="nofollow">微博 weibo.com</a>	//@湖北人民出版社爱读: 转发微博			1265439835	00	3382452691370196	1397721870342
1448666-	0		0	Tue Feb 07 14:06:51 +0800 2012			3410436181447708	3410436181447708				3410436181447708	0			1	<a href=" rel="nofollow">微博 weibo.com</a>	今天天气大好，下午到桂场踢球去……			1265439835	00	0	1397721870342
1448667-	0		0	Mon Apr 30 15:42:20 +0800 2012			3440538403486769	3440538403486769				3440538403486769	0			0	<a href=" rel="nofollow">微博 weibo.com</a>	//@湖北人民出版社爱读: 转发微博			1265439835	00	3439807806231476	1397721870343
1448668-	0		0	Tue Dec 20 10:57:39 +0800 2011			3392631562455747	3392631562455747				3392631562455747	0			0	<a href=" rel="nofollow">微博 weibo.com</a>	转发微博			1265439835	00	3390864715469303	1397721870343
1448669-	0		0	Thu Dec 08 14:28:02 +0800 2011			3388335848936013	3388335848936013				3388335848936013	0			0	<a href=" rel="nofollow">微博 weibo.com</a>	转发微博			1265439835	00	3388334723178964	1397721870343
1448670-	0		0	Wed Nov 02 14:52:15 +0800 2011			3375295984038226	3375295984038226				3375295984038226	0			0	<a href=" rel="nofollow">微博 weibo.com</a>	转发微博			1265439835	00	3375295480655389	1397721870343
1448671-	0		0	Mon Dec 26 13:02:07 +0800 2011			3394837212696899	3394837212696899				3394837212696899	0			0	<a href=" rel="nofollow">微博 weibo.com</a>	//@老照片收藏家w: //@瑞龟吉祥: 儿时景象//@苏州画报: 转发微博。			1265439835	00	3372031490252106	1397721870344
1448672-	0		0	Thu Dec 08 09:09:57 +0800 2011			3388255804768410	3388255804768410				3388255804768410	0			0	<a href=" rel="nofollow">微博 weibo.com</a>	转发微博			1265439835	00	3388064871331498	1397721870344
1448673-	0		1	Tue Feb 07 14:26:26 +0800 2012			3410441109471765	3410441109471765				3410441109471765	0			0	<a href=" rel="nofollow">微博 weibo.com</a>	//@maryandharry: 转发微博			1265439835	00	3410052297269721	1397721870344
1448674-	0		1	Mon Nov 28 15:49:21 +0800 2011			3384732438125025	3384732438125025				3384732438125025	0			0	<a href=" rel="nofollow">微博 weibo.com</a>	哈哈，有意思			1265439835	00	3384731741766798	1397721870344
1448675-	0		0	Tue Dec 13 14:35:34 +0800 2011			3390149683712019	3390149683712019				3390149683712019	0			0	<a href=" rel="nofollow">微博 weibo.com</a>	转发微博			1265439835	00	3390140950779588	1397721870345
1448676-	0		0	Sat Nov 26 09:07:28 +0800 2011			3383906529094937	3383906529094937				3383906529094937	0			0	<a href=" rel="nofollow">微博 weibo.com</a>	转发微博			1265439835	00	3383904713375526	1397721870345
1448677-	0		0	Fri Dec 02 09:03:49 +0800 2011			3386079934072448	3386079934072448				3386079934072448	0			0	<a href=" rel="nofollow">微博 weibo.com</a>	哈哈，第二档是死亡之组。不过，我更关心第一档。			1265439835	00	3386071477437703	1397721870345
1448678-	0		0	Sun Apr 08 10:32:03 +0800 2012			3432487785257255	3432487785257255				3432487785257255	0		#	3	<a href=" rel="nofollow">豆瓣读书</a>	想读《Deng Xiaoping and the Transformation of China》 			1265439835	00	0	1397721870346
1448679-	0		0	Tue Nov 08 13:04:04 +0800 2011			3377443086139926	3377443086139926				3377443086139926	0			0	<a href=" rel="nofollow">微博 weibo.com</a>	转发微博			1265439835	00	3376450113983984	1397721870346
1448680-	0		0	Thu Dec 08 08:45:45 +0800 2011			3388249714198280	3388249714198280				3388249714198280	0			0	<a href=" rel="nofollow">微博 weibo.com</a>	转发微博			1265439835	00	3388237588964649	1397721870346
1448681-	0		0	Fri Dec 02 08:58:14 +0800 2011			3386078533014757	3386078533014757				3386078533014757	0			0	<a href=" rel="nofollow">微博 weibo.com</a>	//@创意工坊: 太坏了			1265439835	00	3385799657509449	1397721870347
1448682-	0		0	Wed Oct 26 10:40:52 +0800 2011			3372696004282741	3372696004282741				3372696004282741	0		#	0	<a href=" rel="nofollow">新浪微群</a>	//@元尚: #留住胡同#《留住胡同》9 - 原文地址：			1265439835	00	0	1397721870347
1448683-	0		0	Thu Mar 08 19:59:12 +0800 2012			3421396489104163	3421396489104163				3421396489104163	0			0	<a href=" rel="nofollow">微博 weibo.com</a>	转发微博			1265439835	00	3416963500012714	1397721870347
1448684-	0		0	Wed Oct 26 10:30:52 +0800 2011			3372693487587596	3372693487587596				3372693487587596	0		#	0	<a href=" rel="nofollow">新浪微群</a>	//@元尚: #作家书房#钟敬文教授的书房名“致远斋” - 原文地址：			1265439835	00	0	1397721870347
1448685-	0		0	Tue Dec 06 11:54:40 +0800 2011			3387572479664137	3387572479664137				3387572479664137	0			0	<a href=" rel="nofollow">新浪微群</a>	我参与了【【微群投票】十二月上映的电影，你最期待哪些？】，投给了 "《魔法奇幻秀》约翰尼・德普主演。" 等2个选项。 			1265439835	00	0	1397721870348
1448686-	0		0	Thu Nov 03 09:29:10 +0800 2011			3375577065183951	3375577065183951				3375577065183951	0			0	<a href=" rel="nofollow">微博 weibo.com</a>	转发微博			1265439835	00	3375575332806175	1397721870348
1448687-	0		0	Wed Dec 07 09:57:20 +0800 2011			3387905341190645	3387905341190645				3387905341190645	0			0	<a href=" rel="nofollow">微博 weibo.com</a>	//@amelie0324: 同喜欢//@熊培云: ��微博			1265439835	00	3387769189086640	1397721870348
1448688-	0		4	Tue Nov 22 09:11:03 +0800 2011			3382457871520773	3382457871520773				3382457871520773	0			0	<a href=" rel="nofollow">微博 weibo.com</a>	//@湖北人民出版社爱读: 转发微博			1265439835	00	3382452691370196	1397721870348
1448689-	0		0	Mon Nov 28 09:17:46 +0800 2011			3384633893229504	3384633893229504				3384633893229504	0			0	<a href=" rel="nofollow">微博 weibo.com</a>	//@老照片收藏家w: 转发微博			1265439835	00	3370698932889160	1397721870349
1448690-	0		0	Tue Nov 08 13:03:48 +0800 2011			3377443018814643	3377443018814643				3377443018814643	0			0	<a href=" rel="nofollow">微博 weibo.com</a>	转发微博			1265439835	00	3376667093481100	1397721870349
1448691-	0		0	Wed Oct 26 10:23:22 +0800 2011			3372691600197223	3372691600197223				3372691600197223	0		#	3	<a href=" rel="nofollow">新浪微群</a>	//@元尚: #百家插图#《1860-1930：英国藏中国历史照片》出行坐独轮车 - 原文地址：			1265439835	00	0	1397721870349
1448692-	0		0	Thu Dec 08 08:45:45 +0800 2011			3388249714198280	3388249714198280				3388249714198280	0			0	<a href=" rel="nofollow">微博 weibo.com</a>	转发微博			1265439835	00	3388237588964649	1397721870349
1448693-	0		0	Fri Dec 02 08:52:42 +0800 2011			3386077136075776	3386077136075776				3386077136075776	0			0	<a href=" rel="nofollow">微博 weibo.com</a>	转发微博			1265439835	00	3385890552930385	1397721870350
1448694-	0		0	Tue Dec 27 08:49:25 +0800 2011			3395136006710387	3395136006710387				3395136006710387	0			0	<a href=" rel="nofollow">微博 weibo.com</a>	//@唐亮钢笔画: 钢笔速写[俄罗斯大街]			1265439835	00	3394583319108313	1397721870350
1448695-	0		0	Mon Nov 21 14:24:50 +0800 2011			3382174449581610	3382174449581610				3382174449581610	0			0	<a href=" rel="nofollow">微博 weibo.com</a>	转发微博			1265439835	00	3382169277719208	1397721870350
1448696-	0		0	Fri Dec 09 17:32:15 +0800 2011			3388744604344439	3388744604344439				3388744604344439	0			1	<a href=" rel="nofollow">微博 weibo.com</a>	[嘻嘻]//@南北雪: 狼友必读[偷笑]//@amelie0324: 这本书真的不错，而且精美雅致，推荐！！			1265439835	00	3388738665049565	1397721870350
1448697-	0		1	Tue Dec 13 14:55:42 +0800 2011			3390154754593659	3390154754593659				3390154754593659	0			0	<a href=" rel="nofollow">微博 weibo.com</a>	太棒了			1265439835	00	3389883466798815	1397721870351
1448698-	0		0	Tue Dec 13 14:27:08 +0800 2011			3390147561342466	3390147561342466				3390147561342466	0			0	<a href=" rel="nofollow">微博 weibo.com</a>	//@盘索: //@王虹艳-holly2013: 有点诡异 //@全球精华搜罗:2005年《国家地理杂志》最美图片之一			1265439835	00	3390106813659505	1397721870351
1448699-	0		0	Tue Dec 06 12:12:00 +0800 2011			3387576841802620	3387576841802620				3387576841802620	0		#	0	<a href=" rel="nofollow">新浪微群</a>	喜欢学者们的回忆录//@三联读者俱乐部: 《钻石婚杂忆》所说的“钻石婚杂忆”是以结婚的每个“十年纪念”为纲，同时追忆这期间的一些事情，因而称之为“杂忆”。 - 原文地址：			1265439835	00	0	1397721870351
1448700-	0		0	Mon Apr 30 15:42:20 +0800 2012			3440538403486769	3440538403486769				3440538403486769	0			0	<a href=" rel="nofollow">微博 weibo.com</a>	//@湖北人民出版社爱读: 转发微博			1265439835	00	3439807806231476	1397721870352
1448701-	0		0	Wed Nov 16 13:05:27 +0800 2011			3380342537010852	3380342537010852				3380342537010852	0			0	<a href=" rel="nofollow">微博 weibo.com</a>	转发微博			1265439835	00	3380009810711948	1397721870352
1448702-	0		0	Fri Dec 02 09:03:49 +0800 2011			3386079934072448	3386079934072448				3386079934072448	0			0	<a href=" rel="nofollow">微博 weibo.com</a>	哈哈，第二档是死亡之组。不过，我更关心第一档。			1265439835	00	3386071477437703	1397721870352
1448703-	0		1	Thu Mar 08 20:01:04 +0800 2012			3421396959107205	3421396959107205				3421396959107205	0			0	<a href=" rel="nofollow">微博 weibo.com</a>	喜欢威尼斯，喜欢钢笔画[嘻嘻]			1265439835	00	7738547549	1397721870352
1448704-	0		0	Tue Dec 13 14:37:51 +0800 2011			3390150271104324	3390150271104324				3390150271104324	0			0	<a href=" rel="nofollow">微博 weibo.com</a>	牛，感觉像是在看动画片一样，呵呵			1265439835	00	3390140888461823	1397721870353
1448705-	0		0	Tue Dec 06 12:14:51 +0800 2011			3387577559039234	3387577559039234				3387577559039234	0		#	0	<a href=" rel="nofollow">新浪微群</a>	很想看这本书 - 原文地址：			1265439835	00	0	1397721870353
1448706-	0		0	Tue Nov 08 13:01:37 +0800 2011			3377442469470963	3377442469470963				3377442469470963	0			0	<a href=" rel="nofollow">微博 weibo.com</a>	转发微博			1265439835	00	3374639011453386	1397721870353
1448707-	0		0	Tue Nov 08 12:57:30 +0800 2011			3377441433364325	3377441433364325				3377441433364325	0			0	<a href=" rel="nofollow">微博 weibo.com</a>	转发微博			1265439835	00	11325027116	1397721870353
1448708-	0		0	Tue Dec 13 16:02:58 +0800 2011			3390171683120744	3390171683120744				3390171683120744	0			0	<a href=" rel="nofollow">微博 weibo.com</a>	转发微博			1265439835	00	3389416032290824	1397721870354
1448709-	0		3	Thu Jan 19 23:55:54 +0800 2012			3403699064227071	3403699064227071				3403699064227071	0			0	<a href=" rel="nofollow">微博 weibo.com</a>	哈哈，看到 黄沙了			1265439835	00	3403573432193711	1397721870354
1448710-	0		0	Tue Dec 20 10:56:27 +0800 2011			3392631268812759	3392631268812759				3392631268812759	0			0	<a href=" rel="nofollow">微博 weibo.com</a>	转发微博			1265439835	00	3391936507018580	1397721870354
1448711-	0		0	Thu Dec 15 12:52:04 +0800 2011			3390848415696705	3390848415696705				3390848415696705	0		#	0	<a href=" rel="nofollow">新浪微群</a>	//@卢雯2011: 分享图片：张慧芳 演《珠帘寨》，在逸夫舞台化妆中。。。 - 原文地址：			1265439835	00	0	1397721870355
1448712-	0		0	Fri Nov 25 11:40:42 +0800 2011			3383582699801038	3383582699801038				3383582699801038	0			0	<a href=" rel="nofollow">微博 weibo.com</a>	对@徐无言 说：hello			1265439835	00	0	1397721870355
1448713-	0		0	Mon Nov 28 11:15:04 +0800 2011			3384663412410664	3384663412410664				3384663412410664	0			0	<a href=" rel="nofollow">微博 weibo.com</a>	//@北京师范大学: 这个很早之前发过哈~不过好多童鞋估计没看到~再扩散下~			1265439835	00	3384653953913148	1397721870355
1448714-	0		0	Thu Dec 08 08:53:19 +0800 2011			3388251618594617	3388251618594617				3388251618594617	0			0	<a href=" rel="nofollow">微博 weibo.com</a>	转发微博			1265439835	00	3386090578297170	1397721870355
1448715-	0		0	Wed Nov 16 13:03:25 +0800 2011			3380342021309255	3380342021309255				3380342021309255	0			0	<a href=" rel="nofollow">微博 weibo.com</a>	转发微博			1265439835	00	3377061278451825	1397721870356
1448716-	0		0	Sun Apr 08 10:32:03 +0800 2012			3432487785257255	3432487785257255				3432487785257255	0		#	3	<a href=" rel="nofollow">豆瓣读书</a>	想读《Deng Xiaoping and the Transformation of China》 			1265439835	00	0	1397721870356
1448717-	0		0	Tue Oct 25 12:32:59 +0800 2011			3372361831971307	3372361831971307				3372361831971307	0			0	<a href=" rel="nofollow">微博 weibo.com</a>	转发微博。			1265439835	00	3369802840771170	1397721870356
1448718-	0		0	Wed Nov 16 11:06:38 +0800 2011			3380312644144404	3380312644144404				3380312644144404	0			0	<a href=" rel="nofollow">微博 weibo.com</a>	转发微博			1265439835	00	3379968044190360	1397721870356
1448719-	0		0	Thu Dec 08 09:09:57 +0800 2011			3388255804768410	3388255804768410				3388255804768410	0			0	<a href=" rel="nofollow">微博 weibo.com</a>	转发微博			1265439835	00	3388064871331498	1397721870357
1448720-	0		0	Mon Nov 28 11:15:04 +0800 2011			3384663412410664	3384663412410664				3384663412410664	0			0	<a href=" rel="nofollow">微博 weibo.com</a>	//@北京师范大学: 这个很早之前发过哈~不过好多童鞋估计没看到~再扩散下~			1265439835	00	3384653953913148	1397721870357
1448721-	0		1	Mon Nov 28 15:49:21 +0800 2011			3384732438125025	3384732438125025				3384732438125025	0			0	<a href=" rel="nofollow">微博 weibo.com</a>	哈哈，有意思			1265439835	00	3384731741766798	1397721870357
1448722-	0		0	Wed Oct 26 10:30:20 +0800 2011			3372693353367889	3372693353367889				3372693353367889	0		#	0	<a href=" rel="nofollow">新浪微群</a>	//@元尚: #作家书房#莫里森的书房 - 原文地址：			1265439835	00	0	1397721870357
1448723-	0		0	Wed Nov 16 10:58:28 +0800 2011			3380310579196942	3380310579196942				3380310579196942	0			0	<a href=" rel="nofollow">新浪微群</a>	//@XxLao墓二世: 分享微博 - 原文地址：			1265439835	00	0	1397721870358
1448724-	0		0	Wed Nov 16 13:04:01 +0800 2011			3380342176237886	3380342176237886				3380342176237886	0			0	<a href=" rel="nofollow">微博 weibo.com</a>	转发微博			1265439835	00	3376355041777854	1397721870358
1448725-	1		5	Mon Apr 30 15:56:53 +0800 2012			3440542065211793	3440542065211793				3440542065211793	0			20	<a href=" rel="nofollow">微博 weibo.com</a>	//@柚子黄黄: 1917年的北大，是一个什么情形呢？当时全国有几所国立大学？北大当年的成功，恐怕是多种条件合力的结果。 //@出版人刘耀辉:今日之北大还是有宿白、田余庆、叶朗、王博、钱理群、曹文轩、陈平原等诸先生嘛			1265439835	00	3436303475682801	1397721870358
1448726-	0		3	Thu Jan 19 23:55:54 +0800 2012			3403699064227071	3403699064227071				3403699064227071	0			0	<a href=" rel="nofollow">微博 weibo.com</a>	哈哈，看到 黄沙了			1265439835	00	3403573432193711	1397721870359
1448727-	0		0	Tue Dec 13 14:38:19 +0800 2011			3390150375976091	3390150375976091				3390150375976091	0			0	<a href=" rel="nofollow">微博 weibo.com</a>	转发微博			1265439835	00	3390140866892170	1397721870359
1448728-	0		0	Wed Oct 26 10:29:48 +0800 2011			3372693219148132	3372693219148132				3372693219148132	0		#	0	<a href=" rel="nofollow">新浪微群</a>	//@元尚: #作家书房#法国著名作家左拉的故居 - 原文地址：			1265439835	00	0	1397721870359
1448729-	0		0	Tue Dec 06 12:12:00 +0800 2011			3387576841802620	3387576841802620				3387576841802620	0		#	0	<a href=" rel="nofollow">新浪微群</a>	喜欢学者们的回忆录//@三联读者俱乐部: 《钻石婚杂忆》所说的“钻石婚杂忆”是以结婚的每个“十年纪念”为纲，同时追忆这期间的一些事情，因而称之为“杂忆”。 - 原文地址：			1265439835	00	0	1397721870359
1448730-	0		0	Thu Mar 08 19:55:48 +0800 2012			3421395633067713	3421395633067713				3421395633067713	0			0	<a href=" rel="nofollow">微博 weibo.com</a>	//@唐亮钢笔画: .威尼斯水城[围观]			1265439835	00	3419812410162953	1397721870360
1448731-	0		0	Tue Dec 06 12:06:13 +0800 2011			3387575383475785	3387575383475785				3387575383475785	0			0	<a href=" rel="nofollow">微博 weibo.com</a>	//@三联读者俱乐部: //@倪雪君: “杨树达治学，成果极为丰硕，被公认为经典之作。他在语法学、修辞学、训诂学、语源学、文字学、古文字学、古文献学、考古学等诸方面均卓有建树。张岱年在《大公报》上撰文，谓当时中国学术，只有冯友兰之哲学，陈垣之史学，杨树达之训诂学，足以抗衡日本。”			1265439835	00	3387226719385357	1397721870360
1448732-	0		0	Tue Dec 13 14:38:19 +0800 2011			3390150375976091	3390150375976091				3390150375976091	0			0	<a href=" rel="nofollow">微博 weibo.com</a>	转发微博			1265439835	00	3390140866892170	1397721870360
1448733-	0		0	Mon Nov 28 15:56:33 +0800 2011			3384734250210319	3384734250210319				3384734250210319	0			0	<a href=" rel="nofollow">微博 weibo.com</a>	[good]，我也想买个这样的钱包//@瑶草: 这个创意好！钱包不容易丢。 //@曹晓丹:哦好帅			1265439835	00	3384312529170653	1397721870361
1448734-	0		0	Wed Nov 16 08:51:53 +0800 2011			3380278724672997	3380278724672997				3380278724672997	0			0	<a href=" rel="nofollow">微博 weibo.com</a>	//@凯琳版权代理: //@红袖也添乱: //@每日好书推荐:专业态度，值得学习 //@李开复:这本书是著名学者高希均教授的天下文化出的。我的每一本书在台湾出版都会被出版社编辑、校对的精神感动。虽然销售的数量小的可怜，但是他们的专业知识、认真敬业值得大陆同行学习。 //@薛蛮子 : 期待一阅			1265439835	00	3380147181143639	1397721870361
1448735-	0		0	Mon Nov 28 15:52:46 +0800 2011			3384733306617982	3384733306617982				3384733306617982	0			0	<a href=" rel="nofollow">微博 weibo.com</a>	//@楚天都市报: 新闻稿写的蛮到位嘛，“惊挖”……[偷笑]			1265439835	00	3384714715325996	1397721870361
1448736-	0		0	Tue Dec 13 14:33:52 +0800 2011			3390149260398609	3390149260398609				3390149260398609	0			0	<a href=" rel="nofollow">微博 weibo.com</a>	//@止庵: 书还是有这种买法啊。			1265439835	00	3390122932764117	1397721870361
1448737-	0		0	Mon Dec 26 13:00:46 +0800 2011			3394836868711897	3394836868711897				3394836868711897	0			0	<a href=" rel="nofollow">微博 weibo.com</a>	转发微博			1265439835	00	3394835648243043	1397721870362
1448738-	0		0	Tue Dec 13 14:09:52 +0800 2011			3390143220413508	3390143220413508				3390143220413508	0			0	<a href=" rel="nofollow">微博 weibo.com</a>	转发微博			1265439835	00	3390142574000032	1397721870362
1448739-	0		0	Thu Dec 08 08:45:28 +0800 2011			3388249643180894	3388249643180894				3388249643180894	0			0	<a href=" rel="nofollow">微博 weibo.com</a>	前两天的消息了，仍然转一下			1265439835	00	3387945043973846	1397721870362
1448740-	0		0	Thu Dec 08 14:28:02 +0800 2011			3388335848936013	3388335848936013				3388335848936013	0			0	<a href=" rel="nofollow">微博 weibo.com</a>	转发微博			1265439835	00	3388334723178964	1397721870362
1448741-	0		0	Fri Dec 02 09:05:31 +0800 2011			3386080361941959	3386080361941959				3386080361941959	0			0	<a href=" rel="nofollow">微博 weibo.com</a>	//@生活月刊: 转发微博			1265439835	00	3385136815478069	1397721870363
1448742-	0		0	Thu Dec 15 12:52:04 +0800 2011			3390848415696705	3390848415696705				3390848415696705	0		#	0	<a href=" rel="nofollow">新浪微群</a>	//@卢雯2011: 分享图片：张慧芳 演《珠帘寨》，在逸夫舞台化妆中。。。 - 原文地址：			1265439835	00	0	1397721870363
1448743-	0		0	Tue Dec 06 12:08:30 +0800 2011			3387575960985784	3387575960985784				3387575960985784	0		#	0	<a href=" rel="nofollow">新浪微群</a>	//@洛水钓徒: #推介好书#企鹅版霍克斯的石头记。最好的英译本。真漂亮。 - 原文地址：			1265439835	00	0	1397721870363
1448744-	0		0	Thu Dec 08 08:51:34 +0800 2011			3388251182344429	3388251182344429				3388251182344429	0			0	<a href=" rel="nofollow">微博 weibo.com</a>	转发微博			1265439835	00	3388018385419322	1397721870363
1448745-	0		0	Thu Dec 08 09:10:38 +0800 2011			3388255976426915	3388255976426915				3388255976426915	0			0	<a href=" rel="nofollow">微博 weibo.com</a>	转发微博			1265439835	00	3387932197294128	1397721870364
1448746-	0		0	Thu Mar 08 19:58:09 +0800 2012			3421396224859078	3421396224859078				3421396224859078	0			0	<a href=" rel="nofollow">微博 weibo.com</a>	转发微博			1265439835	00	3417324621377249	1397721870364
1448747-	0		0	Tue Dec 06 12:08:30 +0800 2011			3387575960985784	3387575960985784				3387575960985784	0		#	0	<a href=" rel="nofollow">新浪微群</a>	//@洛水钓徒: #推介好书#企鹅版霍克斯的石头记。最好的英译本。真漂亮。 - 原文地址：			1265439835	00	0	1397721870364
1448748-	0		0	Tue Nov 08 13:04:36 +0800 2011			3377443220174680	3377443220174680				3377443220174680	0			0	<a href=" rel="nofollow">微博 weibo.com</a>	//@唐亮钢笔画: 【今日美图】[钻石] 有创作的感�----[good]			1265439835	00	3365632263347925	1397721870364
1448749-	0		0	Mon Nov 21 14:21:57 +0800 2011			3382173728478288	3382173728478288				3382173728478288	0			0	<a href=" rel="nofollow">微博 weibo.com</a>	呵呵，有趣			1265439835	00	3382170791656215	1397721870365
1448750-	0		0	Wed Jan 15 03:39:24 +0800 2014			3666848887509711	3666848887509711				3666848887509711	0		#	0	<a href=" rel="nofollow">FT中文网</a>	【2014：中国经济黑天鹅 ?】FT中文网专栏作家徐瑾：2014年的难题在于转型的被动进行，过去主动降低增长的筹码所剩无几，债务问题仍可能成为中国经济黑天鹅。真实利率的走高揭示可能而来的雪崩，今年投资者更该系好安全带。 （分享自 @FT中文网）  			1667190344	00	0	1397721874343
1448751-	0		1	Tue Apr 01 18:38:42 +0800 2014			3694616681838116	3694616681838116				3694616681838116	0		#	5	<a href=" rel="nofollow">分享按钮</a>	【张奇谈《数学的故事》：给所有对数学不感兴趣的人的书】百道网   			1667190344	00	0	1397721874402
1448752-	0		0	Sat May 25 04:51:46 +0800 2013			3581705950849730	3581705950849730				3581705950849730	0		#	0	<a href=" rel="nofollow">FT中文网</a>	【媒�札�：拜登的“傲慢”】FT中文���作家徐��：比起“�政”之�，美�副��拜登批�中�不能“自由呼吸”的�，在中�激起的不算�然大波，但也因人�感知不同而激�不同反�。   （分享自 @FT中文网）			1667190344	00	0	1397721874403
1448753-	0		1	Thu Feb 27 09:35:28 +0800 2014			3682521172815600	3682521172815600				3682521172815600	0			4	<a href=" rel="nofollow">微博 weibo.com</a>	[赞]			1667190344	00	3682519519696820	1397721874403
1448754-	0		0	Tue Mar 25 04:27:04 +0800 2014			3691865646238625	3691865646238625				3691865646238625	0			1	<a href=" rel="nofollow">分享按钮</a>	【李媛：寻找一种吸引小读者的方式来解读霍金的《时间简史》】百道网   			1667190344	00	0	1397721874404
1448755-	0		0	Thu May 30 10:33:06 +0800 2013			3583603793784588	3583603793784588				3583603793784588	0		#	0	<a href=" rel="nofollow">FT中文网</a>	【谁将接任伯南克？】FT专栏作家卢斯：当华尔街预言华盛顿会发生什么事时，押注于相反情况往往是明智的。目前，华尔街一边倒地认为，现任美联储副主席耶伦最有希望接替伯南克，升任主席一职。但我认为，前财长萨默斯更适合这一职位。   （分享自 @FT中文网）			1667190344	00	0	1397721874404
1448756-	0		1	Tue Aug 23 07:53:13 +0800 2011			3349460992158431	3349460992158431				3349460992158431	0			0	<a href=" rel="nofollow">新浪博客</a>	��：很高���你。 ――看到周浩正的博文《兴趣广泛的我》有感而发的评论。			1667190344	00	0	1397721874404
1448757-	0		0	Mon Jul 01 04:39:21 +0800 2013			3595111163786846	3595111163786846				3595111163786846	0			0	<a href=" rel="nofollow">微博 weibo.com</a>	＜开发月球，踏足火星＞／巴兹・奥尔德林（ 2013年06月29日）：地球已经不再是我们唯一的世界，到了寻找新的拓荒地的时候了。《纽约时报中文网》			1667190344	00	0	1397721874405
1448758-	0		0	Wed May 22 05:09:06 +0800 2013			3580623149435799	3580623149435799				3580623149435799	0		#	1	<a href=" rel="nofollow">分享按钮</a>	传奇人物张发奎-百道网 			1667190344	00	0	1397721874405
1448759-	0		0	Sun Aug 07 09:16:13 +0800 2011			3343683673961349	3343683673961349				3343683673961349	0		#	0	<a href=" rel="nofollow">勋章馆</a>	三寸之舌，强于百万粉丝。昔日帝王一言九鼎，如今同学我才气逼人一言众人顶，并获得微博特发【一言九“顶”】勋章。			1667190344	00	0	1397721874405
1448760-	0		0	Fri May 17 08:56:47 +0800 2013			3578868508191678	3578868508191678				3578868508191678	0			0	<a href=" rel="nofollow">FT中文网</a>	【中国水危机 - FT中文网】   （分享自 @FT中文网）			1667190344	00	0	1397721874406
1448761-	0		0	Mon Apr 14 04:37:04 +0800 2014			3699115923538226	3699115923538226				3699115923538226	0			0	<a href=" rel="nofollow">财新网</a>	财新网?文化【《红与黑》中的“贵族范儿”】像瓦勒诺这样惟利是图、寡廉鲜耻的暴发户，正在逐步取代贵族成为社会上最有权势的人。 			1667190344	00	0	1397721874406
1448762-	1		0	Wed Mar 12 10:36:42 +0800 2014			3687247624857576	3687247624857576				3687247624857576	0		#	0	<a href=" rel="nofollow">新浪博客</a>	分享自马汝军  《打造数字化大百科》/作者:王玉娟  (来自 @头条博客)  			1667190344	00	0	1397721874419
1448763-	0		2	Thu Jun 16 07:06:25 +0800 2011			12415369058	12415369058				5618586817572631245	0			9	<a href=" rel="nofollow">微博 weibo.com</a>	�果的服�步�藏在五�字母中，Ａ代表Approach（接�），用�人化的�切�度接��客；Ｐ代表Probe（探�），�貌地探��客的需求；另一�Ｐ代表Present（介�），介�一�解��法��客今天�回家；Ｌ代表Listen（��），���客的���解�；Ｅ代表End（�尾），�尾��切道���迎再光�。			1667190344	00	0	1397721874420
1448764-	0		0	Fri Jul 15 07:31:03 +0800 2011			14458242942	14458242942				3335322285771033	0			3	<a href=" rel="nofollow">微博 weibo.com</a>	拉文德��，他不後悔5月��了���形金�，有了�款罕�的多功能�品後，竟�他使用的�子�品�量�少，不像�果�品�愈�愈多。			1667190344	00	0	1397721874420
1448765-	0		0	Fri Mar 21 04:54:11 +0800 2014			3690422918121862	3690422918121862				3690422918121862	0			19	<a href=" rel="nofollow">微博 weibo.com</a>	�《�江日�》��，作�莫言�多名篇的文���，��近年��文教育的批判，引起�大�注。他的新版�本共分4�，目前完成2�。�入胡�、巴金、�子�、���治等大�的名篇；��在每篇文章後面�了一段�析解�的小文，或交代背景，或介�情�，或延展��等等。			1667190344	00	3690421924909575	1397721874420
1448766-	2		2	Fri May 24 14:23:58 +0800 2013			3581487561891741	3581487561891741				3581487561891741	0		#	4	<a href=" rel="nofollow">分享按钮</a>	【每日一句�管理】��士?�迪生（Thomas Edison）：「我�失�，我只是找到一��行不通的方法。」  			1667190344	00	0	1397721874421
1448767-	0		0	Sun Sep 01 11:30:20 +0800 2013			3617682651924426	3617682651924426				3617682651924426	0		#	0	<a href=" rel="nofollow">华尔街日报中文版</a>	【基因操作可将老鼠寿命延长20%】科学家说，通过减少某种基因的活动，他们将老鼠的寿命平均延长了20%左右。这可谓是一项壮举，换算到人类身上，相当于延长约15年的寿命。  			1667190344	00	0	1397721874421
1448768-	0		0	Wed Mar 05 14:43:03 +0800 2014			3684772906223354	3684772906223354				3684772906223354	0		#	0	<a href=" rel="nofollow">华尔街日报中文版</a>	【找一台能干正事的平板电脑-】平板电脑多用于娱乐。虽然已经出现了具有相当工作效率的平板电脑，但是测试发现，它们在功能上还无法真正与笔记本电脑媲美。  			1667190344	00	0	1397721874421
1448769-	0		1	Wed Dec 25 05:18:32 +0800 2013			3659263689990235	3659263689990235				3659263689990235	0			1	<a href=" rel="nofollow">分享按钮</a>	【《资本论》是一个经得起不断挖掘的宝藏】百道网   			1667190344	00	0	1397721874422
1448770-	0		0	Tue Oct 01 10:07:12 +0800 2013			3628533366991608	3628533366991608				3628533366991608	0		#	0	<a href=" rel="nofollow">华尔街日报中文版</a>	【读报：中国军事实力究竟是强是弱】（华尔街日报） 美国研究人员称，中国正对美国在亚太的军事优势构成越来越大的挑战，但也有驻华外交人士说，由于军内腐败等原因，中国军队的作战效率远非其自己认为的那么高。  			1667190344	00	0	1397721874422
1448771-	0		0	Fri Mar 07 04:00:31 +0800 2014			3685335983130136	3685335983130136				3685335983130136	0		#	0	<a href=" rel="nofollow">华尔街日报中文版</a>	【华谊兄弟进军好莱坞，计划投资电影制作】华谊兄弟正在展开谈判，拟联合其他出资方一起对华纳兄弟前掌门人罗比诺夫投资数亿美元，而后者凭藉这笔资金将每年制作大约五部电影。  			1667190344	00	0	1397721874423
1448772-	0		0	Mon Aug 29 11:25:55 +0800 2011			3351688845560455	3351688845560455				3351688845560455	0		#	0	<a href=" rel="nofollow">FT中文网</a>	一�MBA�生的事�心 - FT中文�   （分享自 @FT中文网）			1667190344	00	0	1397721874423
1448773-	0		1	Tue Dec 10 11:35:54 +0800 2013			3653922843677587	3653922843677587				3653922843677587	0		#	1	<a href=" rel="nofollow">加网分享按钮</a>	【数字化教育出版的24个基本原则】中国数字出版在线-数字出版产业门户，数字出版、新媒体、新技术、新商业互动交流平台。  			1667190344	00	0	1397721874423
1448774-	0		0	Sat Sep 10 10:45:44 +0800 2011			3356027387476912	3356027387476912				3356027387476912	0			0	<a href=" rel="nofollow">分享按钮</a>	连线：亚马逊发展潜力超过谷歌苹果微软-百道网 			1667190344	00	0	1397721874423
1448775-	0		0	Fri Apr 11 13:29:44 +0800 2014			3698162806313183	3698162806313183				3698162806313183	0		#	0	<a href=" rel="nofollow">新浪博客</a>	分享自踏浪行歌Booklover  《[转载]高级机械原理――全动画图解》 - 原文地址：高级机械原理――全动画图解作者：首钢人高级机械原理――全动画图解   （2011年1月27日从秦华云的QQ空...  (来自 @头条博客) -  			1667190344	00	0	1397721874424
1448776-	0		0	Thu Apr 03 16:04:10 +0800 2014			3695302567723057	3695302567723057				3695302567723057	0		#	0	<a href=" rel="nofollow">分享按钮</a>	【每日一句�管理】「��比的是什�？比如何比�手更加快�地完善自己，以及如何��手愈�愈生�。」――��，阿里巴巴��人  			1667190344	00	0	1397721874424
1448777-	0		0	Tue Feb 11 05:16:27 +0800 2014			3676657783302777	3676657783302777				3676657783302777	0		#	0	<a href=" rel="nofollow">分享按钮</a>	【安少社新春十一条：三十而立，欲举三大战略】百道网   			1667190344	00	0	1397721874424
1448778-	0		0	Thu Mar 06 02:59:24 +0800 2014			3684958214559764	3684958214559764				3684958214559764	0		#	0	<a href=" rel="nofollow">分享按钮</a>	【把历史的“铁疙瘩”带入现实：读阿来新著《瞻对：一个两百年的康巴传奇》】百道网   			1667190344	00	0	1397721874425
1448779-	0		0	Sat Sep 28 03:57:44 +0800 2013			3627353224009446	3627353224009446				3627353224009446	0		#	0	<a href=" rel="nofollow">分享按钮</a>	【为什么人们喜欢沉浸在虚构的阅读世界中？】百道网   			1667190344	00	0	1397721874425
1448780-	0		0	Fri Jul 12 10:38:53 +0800 2013			3599187918674990	3599187918674990				3599187918674990	0			0	<a href=" rel="nofollow">微博 weibo.com</a>	【「福岛核电站」核污水，可能已经流入海洋。】日本的核监管机构称，自从地震和海啸造成严重损失两年以来，受损的福岛核电站很可能一直在向海洋泄漏核污水。原子能管制委员会的主席田中俊一在这番异常坦率的言论中说，他的员工和发电厂的运营商都不知道泄漏的具体来源和阻止方法。			1667190344	00	0	1397721874425
1448781-	0		0	Fri Aug 16 11:22:50 +0800 2013			3611882558843639	3611882558843639				3611882558843639	0		#	0	<a href=" rel="nofollow">分享按钮</a>	[何����] 夥伴、良�、天使──�有�、有�老�的信 。  			1667190344	00	0	1397721874426
1448782-	0		0	Sun Jul 14 11:18:54 +0800 2013			3599922773313240	3599922773313240				3599922773313240	0			1	<a href=" rel="nofollow">微博 weibo.com</a>	【全球最�����：北京、上海�冠��】在大�坐��，您一定有��的��：��率超高。大�航班的��率也��香港，根��告，香港����率，在世界35大����中排行倒�第6。香港��有10-20%的航班�大�，大�一Delay，��使得香港��班�也��。（�者�相如 ）			1667190344	00	0	1397721874426
1448783-	0		0	Mon Jul 18 07:28:55 +0800 2011			14675154928	14675154928				3336408912116437	0			4	<a href=" rel="nofollow">微博 weibo.com</a>	第十五�青少年�器人世界�（RoboCupJunior）中，��智入�「�洲�新�」，��智��是�台�技�「跨界」能力的肯定，「台���技�都很�，就是缺乏跨界能力！」   Power By udn.com			1667190344	00	0	1397721874426
1448784-	0		0	Wed May 18 08:25:08 +0800 2011			10790512274	10790512274				5607845632656807951	0			1	<a href=" rel="nofollow">微博 weibo.com</a>	特�推�：亚马超级逊成功之谜 / 图解隐形帝国亚马超级逊成功之谜-百道网			1667190344	00	0	1397721874426
1448785-	1		0	Sat Jan 25 04:09:33 +0800 2014			3670480353902885	3670480353902885				3670480353902885	0			0	<a href=" rel="nofollow">分享按钮</a>	【电子书媒介并不适用于所有题材的文本】百道网   			1667190344	00	0	1397721874427
1448786-	2		0	Mon Aug 19 17:17:48 +0800 2013			3613059061042128	3613059061042128				3613059061042128	0		#	2	<a href=" rel="nofollow">分享按钮</a>	【每日一句�管理】英�前首相柴契�夫人：「注意你的思想，它����言�。」  			1667190344	00	0	1397721874427
1448787-	1		0	Wed Dec 18 05:37:40 +0800 2013			3656731794349436	3656731794349436				3656731794349436	0		#	0	<a href=" rel="nofollow">分享按钮</a>	【蒋晓云谈《百年好合：民国素人志》】百道网   			1667190344	00	0	1397721874427
1448788-	0		0	Thu Nov 14 03:41:05 +0800 2013			3644381263589478	3644381263589478				3644381263589478	0		#	0	<a href=" rel="nofollow">分享按钮</a>	【王思迅：出版人可以从尼采身上学到的五句话】百道网   			1667190344	00	0	1397721874428
1448789-	0		0	Wed Mar 19 05:18:00 +0800 2014			3689704140774007	3689704140774007				3689704140774007	0			0	<a href=" rel="nofollow">分享按钮</a>	【拜厄特：“我想要那些会消失不见的东西”】百道网   			1667190344	00	0	1397721874428
1448790-	1		5	Mon Jul 15 16:07:37 +0800 2013			3600357814809976	3600357814809976				3600357814809976	0			3	<a href=" rel="nofollow">微博 weibo.com</a>	由「中央研究院�位文化中心」��的《�位文化�子�》第1期在台北正式�行，可上网免���			1667190344	00	0	1397721874428
1448791-	0		0	Tue Jul 16 09:13:42 +0800 2013			3600616037770530	3600616037770530				3600616037770530	0		#	0	<a href=" rel="nofollow">FT中文网</a>	【50 Ideas：社交媒体】“社交媒体”是评委会选出的“50个改变今日商业的观念”之一。企业开始在社交媒体平台上关注自己的客户，它们不仅能够直接与受众交流，而且成本要低于电视和报纸等传统媒体。   （分享自 @FT中文网）			1667190344	00	0	1397721874429
1448792-	0		1	Tue Jul 16 09:11:59 +0800 2013			3600615605689316	3600615605689316				3600615605689316	0			0	<a href=" rel="nofollow">FT中文网</a>	【不能让大数据变成“老大哥”】FT专栏作家加普：美国国家安全局和那些大数据公司将自己的数据库和计算能力用于不同的用途。我们都不知道大数据技术意味着什么，因为大数据时代才刚刚开始。   （分享自 @FT中文网）			1667190344	00	0	1397721874429
1448793-	0		0	Sun Jul 31 13:40:13 +0800 2011			15741431132	15741431132				3341213395558806	0			0	<a href=" rel="nofollow">微博 weibo.com</a>	《我是黎智英》：「千�不要�『推�故事』�成生�的��，更不能�超乎自己本事的生意。」			1667190344	00	0	1397721874429
1448794-	0		0	Tue Sep 24 03:39:50 +0800 2013			3625899172125356	3625899172125356				3625899172125356	0		#	2	<a href=" rel="nofollow">FT中文网</a>	【�春秋】FT中文���作家何帆：中��史，在春秋前�焉不�，到秦�後越�沉�，唯春秋�段�能��理，中�文明的基因基本可追溯到此。本文�新��《一知半解》首篇。 （分享自 @FT中文网）  			1667190344	00	0	1397721874429
1448795-	1		1	Thu Jan 02 14:53:05 +0800 2014			3662307379223081	3662307379223081				3662307379223081	0		#	1	<a href=" rel="nofollow">百度分享</a>	【如何培养创造力】塞缪尔・阿贝斯曼称，这个世界需要通才。他指出，科学和技术知识的领域变得如此之大，没人能通晓一切。人们往往专注于一个领域。这是个问题，因为“最令人兴奋的发明都出现在各学科的边缘、在那些能够把不同领域的不同观点综合在一起的人当中。”  			1667190344	00	0	1397721874430
1448796-	0		0	Mon Aug 26 05:22:10 +0800 2013			3615415676955604	3615415676955604				3615415676955604	0			0	<a href=" rel="nofollow">分享按钮</a>	1959年的��社� Part I (HD).  			1667190344	00	0	1397721874430
1448797-	0		0	Mon Jul 01 14:05:07 +0800 2013			3595253557108473	3595253557108473				3595253557108473	0			0	<a href=" rel="nofollow">分享按钮</a>	夏川里美＜�光��＞／我心�的歌／ 			1667190344	00	0	1397721874430
1448798-	0		0	Thu Aug 25 07:53:54 +0800 2011			3350185938750839	3350185938750839				3350185938750839	0			0	<a href=" rel="nofollow">FT中文网</a>	媒体札记：不平静的夏天 - FT中文网#s=p#s=p#s=p   （分享自 @FT中文网）			1667190344	00	0	1397721874431
1448799-	0		0	Thu Oct 31 04:43:19 +0800 2013			3639323494608835	3639323494608835				3639323494608835	0		#	0	<a href=" rel="nofollow">FT中文网</a>	【媒体札记：热词“383”】FT中文网专栏作家徐达内：三中全会时间公布，改革期许、刘鹤与“383”方案成为焦点。而网民们出于“政左经右”的时局判断，对政治改革能否重启的预测多为悲观。 （分享自 @FT中文网）  			1667190344	00	0	1397721874431
1448800-	0		0	Wed Jul 24 16:00:01 +0800 2013			3603617393380442	3603617393380442				3603617393380442	0		#	0	<a href=" rel="nofollow">分享按钮</a>	【每日一句�管理】�志大�拿破�?希�（Napoleon Hill）：「不要等待，��永�不�恰到好�。」 			1667190344	00	0	1397721874431
1448801-	0		0	Tue Mar 18 13:30:11 +0800 2014			3689465610934373	3689465610934373				3689465610934373	0		#	0	<a href=" rel="nofollow">FT中文网</a>	【亲密爱人】FT中文网专栏作家何帆：经济学家凯恩斯和他那个时代的很多年轻人一样是同性恋。但1921年他爱上了莉迪亚，一个波希米亚风格的俄罗斯舞女，还最终和她厮守到老。 （分享自 @FT中文网）  			1667190344	00	0	1397721874431
1448802-	0		0	Tue Feb 18 05:51:43 +0800 2014			3679203373547507	3679203373547507				3679203373547507	0		#	0	<a href=" rel="nofollow">分享按钮</a>	【休豪伊报告：你所知道的关于电子书的一切，都是错误的。】百道网   			1667190344	00	0	1397721874432
1448803-	0		4	Tue Aug 16 15:41:18 +0800 2011			3347042072807743	3347042072807743				3347042072807743	0			1	<a href=" rel="nofollow">微博 weibo.com</a>	欣�《清明上河?�》之後，�迎中午，想去台北知名的「阜杭豆�店」解�，�果是人山人海，比往常排�的人多出一倍以上，算算��至少排1�半小�，只好放�。			1667190344	00	0	1397721874432
1448804-	0		0	Thu Aug 25 09:17:14 +0800 2011			3350206910163692	3350206910163692				3350206910163692	0		#	0	<a href=" rel="nofollow">FT中文网</a>	FT社�：不要指望QE3 - FT中文�   （分享自 @FT中文网）			1667190344	00	0	1397721874432
1448805-	0		4	Thu Jun 13 08:26:04 +0800 2013			3588645249951997	3588645249951997				3588645249951997	0			6	<a href=" rel="nofollow">微博 weibo.com</a>	�字出版，�算�何？			1667190344	00	0	1397721874433
1448806-	0		0	Sat Aug 17 04:39:33 +0800 2013			3612143457302498	3612143457302498				3612143457302498	0		#	0	<a href=" rel="nofollow">分享按钮</a>	摄影界传奇出版社的故事：请Steidl做一本书-百道网   			1667190344	00	0	1397721874433
1448807-	0		0	Thu Feb 20 09:41:27 +0800 2014			3679985967759697	3679985967759697				3679985967759697	0			0	<a href=" rel="nofollow">华尔街日报中文版</a>	【Tesla不是下一个亚马逊】现在一种流行的观点认为，电动汽车制造商Tesla是下一个亚马逊公司。但本文作者认为，虽然二者有许多相似之处，但把两家公司相提并论是大错特错。  			1667190344	00	0	1397721874433
1448808-	0		0	Sat Aug 13 09:35:14 +0800 2011			3345862785674187	3345862785674187				3345862785674187	0			0	<a href=" rel="nofollow">微博 weibo.com</a>	中�大�和日本一�最新的�合民意�查�示，大�和日本民���方�家的「�感度」都�有�查以�的新高。 全文�址: 大�、日本彼此�感�新高 | ��焦� | 全球�察 | �合新��   Power By udn.com			1667190344	00	0	1397721874433
1448809-	0		0	Thu Jul 11 04:13:09 +0800 2013			3598728462206743	3598728462206743				3598728462206743	0		#	1	<a href=" rel="nofollow">新浪博客</a>	分享自红尘文化  《雪小禅的文字、标点、语感、文风断想》 -   雪小禅说，有人批评她乱造词。我说哪里呢，你的词多有出处，只是现代汉语不常用了，别人就以为是你造的――全书真正自造...  (来自 @头条博客) -   			1667190344	00	0	1397721874434
1448810-	0		1	Thu Apr 21 07:49:05 +0800 2011			9429544078	9429544078				221110421460137116	0			2	<a href=" rel="nofollow">微博 weibo.com</a>	�我��在���本�死活��，�佐斯早跳���的��，考��Kindle的市�一剖�二：一是KindleReaders，是手持��；一是KindleBooks，是�子��。他把Kindle做成��各自�立的生意，前者是平�，後者是�容。太了不起了，�些先��，他���而�近使用者的思�。			1667190344	00	0	1397721874434
1448811-	0		0	Tue Jun 04 04:41:40 +0800 2013			3585327287765818	3585327287765818				3585327287765818	0		#	0	<a href=" rel="nofollow">分享按钮</a>	企��格哪�看？「社食.com」�你一探日本HP�工餐�！  			1667190344	00	0	1397721874434
1448812-	0		0	Tue Jun 21 07:22:29 +0800 2011			12704925310	12704925310				5620446383807384146	0			1	<a href=" rel="nofollow">微博 weibo.com</a>	谷歌�言人巴隆（Peter Barron）表示，谷歌在3年���描18和19世�的著作。谷歌已�各家���合作，目前可在�路上取得超�1300�本�子�。巴隆在�明中表示：「公共��是世界��重要的一部分，能�大英���合作，���些�源�放��百�名英�民�和海外人士，我�相�引以�傲。」			1667190344	00	0	1397721874435
1448813-	0		1	Mon Aug 01 09:06:52 +0800 2011			15785825989	15785825989				3341506992505544	0			2	<a href=" rel="nofollow">微博 weibo.com</a>	《我是黎智英》：「有入�，�作就是打破��──如果�作就是打破��，那麽��又是�哪�跑出�的？�作是承先�後，既是秉承也是�造��──��是�去的�作，今日的�作�造未�的��。停止�作，我�便掉���的�缸�去。」			1667190344	00	0	1397721874435
1448814-	0		0	Mon May 23 07:54:23 +0800 2011			11057227270	11057227270				5609693134304815743	0			0	<a href=" rel="nofollow">微博 weibo.com</a>	��?�柯布：�有人真正多工；��上，我�是在不同工作中，切�，每次只�注一件事；			1667190344	00	0	1397721874435
1448815-	0		0	Wed Jul 31 05:05:58 +0800 2013			3605989511183284	3605989511183284				3605989511183284	0		#	0	<a href=" rel="nofollow">FT中文网</a>	【50 Ideas：人造�星】2012年全球商�航天活�的�值已�超�2000�美元。�星�播是目前航天市�的主角，但�星�航和地球��也有巨大的商��值。 （分享自 @FT中文网）  			1667190344	00	0	1397721874435
1448816-	0		0	Sat Aug 17 04:38:32 +0800 2013			3612143201405510	3612143201405510				3612143201405510	0		#	1	<a href=" rel="nofollow">分享按钮</a>	字里行间书店逆风前行三年站稳北京目标全国连锁-百道网   			1667190344	00	0	1397721874436
1448817-	0		0	Sat Jul 16 10:55:21 +0800 2011			14547677726	14547677726				3335736087192173	0			0	<a href=" rel="nofollow">微博 weibo.com</a>	�邦媛： �中人物有�多也是他生命中的人物，自幼耳�目睹，他知道他�打�的每一�仗，跑�的每一���路，知道他�所秉持的理想和�住的��的人性光�，�不能粗陋地以成��英雄。感�他鼓�我，回��代暴虐和�史�常的最好方法，就是以文���超越政治成�的人�事。			1667190344	00	0	1397721874436
1448818-	1		1	Mon Jul 01 16:51:55 +0800 2013			3595295524422118	3595295524422118				3595295524422118	0			0	<a href=" rel="nofollow">微博 weibo.com</a>	日本漫�家�山�的漫�作品《��的巨人》，�今年4月推出��後，引���立��活��，漫��量已逾2000��，震��洲�漫迷。《��的巨人》			1667190344	00	0	1397721874437
1448819-	0		0	Sun Jun 02 14:59:19 +0800 2013			3584757952267917	3584757952267917				3584757952267917	0			0	<a href=" rel="nofollow">微博 weibo.com</a>	每天午睡30分� 可�防老年失智：�波大�教授朝田隆在日本《文�春秋》��上�表�文指出，上年�的人每天睡30分�午�，有助於�防老年失智症，午睡不宜睡太久，午�睡太久反而�容易得老年失智症。			1667190344	00	0	1397721874437
1448820-	0		2	Wed May 29 13:32:47 +0800 2013			3583286624761920	3583286624761920				3583286624761920	0			4	<a href=" rel="nofollow">微博 weibo.com</a>	转发微博			1667190344	00	3583223806253540	1397721874437
1448821-	0		0	Thu Jun 23 07:45:59 +0800 2011			12808321215	12808321215				5621194610049047552	0			0	<a href=" rel="nofollow">微博 weibo.com</a>	革命性相� 先拍照後�焦：一款先拍照再�焦的�位相��在今年上市。由矽谷科技公司Lytro自行���行�，���比照�果模式，找台�的公司合作生�。������，以��相�拍照，完全不必�心焦距��，可任意��焦�，想聚焦在相片上的任何一�，只��滑鼠移至�景物��，即能清晰呈�。			1667190344	00	0	1397721874438
1448822-	0		1	Wed Mar 26 14:54:53 +0800 2014			3692386029019829	3692386029019829				3692386029019829	0			1	<a href=" rel="nofollow">分享按钮</a>	【每日一句�管理】「成功是�得你想要的，幸福是感恩你所得到的。」――大�?加�德（David Gardner），喜�演�  			1667190344	00	0	1397721874438
1448823-	0		0	Mon Aug 01 09:00:32 +0800 2011			15785552074	15785552074				3341505398611240	0			0	<a href=" rel="nofollow">微博 weibo.com</a>	《我是黎智英》：「��是由『�知』�始的。一�事先便可以��好的生意，哪��有�展空�？故此一早便��好的生意，是最容易失�的生意。在我��，那是�找��、�造出有人需要的�源���。事先，�有人知道��的��藏在哪�，所以在我��，『�知』是�充���的�藏。」			1667190344	00	0	1397721874438
1448824-	0		1	Wed Jun 05 18:28:33 +0800 2013			3585897767783608	3585897767783608				3585897767783608	0			1	<a href=" rel="nofollow">分享按钮</a>	詹宏志：转型时代的书生-百道网 			1667190344	00	0	1397721874439
1448825-	0		0	Wed Mar 19 05:18:00 +0800 2014			3689704140774007	3689704140774007				3689704140774007	0			0	<a href=" rel="nofollow">分享按钮</a>	【拜厄特：“我想要那些会消失不见的东西”】百道网   			1667190344	00	0	1397721874439
1448826-	0		0	Wed Jan 15 03:48:29 +0800 2014			3666851173743694	3666851173743694				3666851173743694	0			0	<a href=" rel="nofollow">分享按钮</a>	【王文鹏：与其找作者，不如让作者来找】百道网   			1667190344	00	0	1397721874439
1448827-	0		1	Thu Jun 13 08:09:52 +0800 2013			3588641173837104	3588641173837104				3588641173837104	0		#	4	<a href=" rel="nofollow">FT中文网</a>	【普京怎样管媒体？】FT专栏作家库柏：如今，多数俄罗斯人仍通过收看电视了解新闻，因此普京重点控制主要电视台。但与苏联时代的领导人不同，他明白完全控制媒体是不必要的。   （分享自 @FT中文网）			1667190344	00	0	1397721874440
1448828-	0		1	Wed Jun 08 07:41:44 +0800 2011			11937292814	11937292814				5615627237221154010	0			0	<a href=" rel="nofollow">微博 weibo.com</a>	iCloud将存储用户的所有内容，并将这些内容推送至该用户的所有设备。 “iCloud与你的应用程序(apps)集成在一起，因此一切都是自动的，“他说。  乔布斯表示，消费者通过任意设备从iTunes购买的所有歌曲，都将共享至他/她的任意设备。			1667190344	00	0	1397721874440
1448829-	0		3	Fri May 24 08:26:09 +0800 2013			3581397517881797	3581397517881797				3581397517881797	0			2	<a href=" rel="nofollow">微博 weibo.com</a>	行����KIOSK化成�各�推展��的重要�用：���易型�的���已被瑞典、挪威和芬�等��用，而中�深圳市在2006年�「城市街�24小�自助���」概念�入「���之城」4年��，也��推出����服��台。			1667190344	00	0	1397721874440
1448830-	0		0	Tue Oct 15 03:28:40 +0800 2013			3633506502778729	3633506502778729				3633506502778729	0		#	0	<a href=" rel="nofollow">分享按钮</a>	【每日一句�管理】管理�大�彼得?杜拉克：「事�上，管理需要深入的研究��-就像系���的�理一� � 意味著今日，管理在我�的社�上已成�一�研究��。」  			1667190344	00	0	1397721874440
1448831-	0		0	Sun Jul 17 10:44:39 +0800 2011			14614345244	14614345244				3336095782580470	0			0	<a href=" rel="nofollow">微博 weibo.com</a>	英�每日����，科�家��，天才作曲家莫札特每天日夜�倒，埋��曲，又住在全�洲日照最少的�家�地利，�他失去了�多�太�的��，因而缺乏足�的�他命D��持健康，35�就因病去世。   Power By udn.com			1667190344	00	0	1397721874441
1448832-	0		2	Sat Jul 23 12:39:37 +0800 2011			15098844528	15098844528				3338299041705969	0			3	<a href=" rel="nofollow">微博 weibo.com</a>	Google的社群�站「Google+」推出三周以�，�立用��已�2,000�人。  主管�向�百位��打造Google+的�工致�水手帽，�念�一年�辛苦的「航程」。    Power By udn.com			1667190344	00	0	1397721874441
1448833-	0		0	Mon Aug 22 07:25:06 +0800 2011			3349091527294147	3349091527294147				3349091527294147	0			3	<a href=" rel="nofollow">微博 weibo.com</a>	Tadashi Yanai：我们日本人的弱点之一是我们不善于与其他文化交流。即使英语讲得很好的人也在心理上自我封闭。他们不会像我一样有话直说。这种冷淡是日本人所特有的，对于过深的交往，我们总是畏缩不前。这对于全球化而言是有害的。			1667190344	00	0	1397721874441
1448834-	0		0	Mon Aug 22 07:23:42 +0800 2011			3349091174623351	3349091174623351				3349091174623351	0			2	<a href=" rel="nofollow">微博 weibo.com</a>	Tadashi Yanai：日本需要摆脱的一个观念是，处理事情的方法在日本和在其他地方是不一样的。日本人在家里时都很强大，但离开家以后，却令人难以置信地软弱。我们需要在国外也同样强大的日本人，或者在家里和在外面表现没有什么不同的日本人。			1667190344	00	0	1397721874442
1448835-	0		1	Thu Jan 23 10:01:14 +0800 2014			3669844086385463	3669844086385463				3669844086385463	0		#	3	<a href=" rel="nofollow">bShare分享</a>	【春运致富经：火车上卖Wi 】近期有网友坐火车遇到一件奇葩事。车厢内很多人排队，原来是在买W i-Fi！摊主是睡在网友下铺的一名男子，利用一台笔记本电脑和一台无线路由器设备，借助无线网卡，架设了一片W i-Fi无线上网区域，虽然收费高，但火车上就一家，多贵也得买。  			1667190344	00	0	1397721874442
1448836-	1		2	Fri Jul 05 18:16:13 +0800 2013			3596766299346752	3596766299346752				3596766299346752	0			6	<a href=" rel="nofollow">微博 weibo.com</a>	�是台北的「故�博物院」最新�作，去���，�忘��一�。			1667190344	00	3596765276078301	1397721874442
1448837-	0		1	Wed Dec 25 05:27:54 +0800 2013			3659266051490671	3659266051490671				3659266051490671	0		#	1	<a href=" rel="nofollow">FT中文网</a>	【商场不是战场】伦敦大学国王学院战争研究教授弗里德曼：现代管理者往往把历史上的一些名将视为榜样，但这些英雄并不具有持久的借鉴意义。 （分享自 @FT中文网）  			1667190344	00	0	1397721874443
1448838-	0		0	Thu Jul 21 08:51:08 +0800 2011			14916604141	14916604141				3337516766376594	0			2	<a href=" rel="nofollow">微博 weibo.com</a>	「作家必�跟�代、母�，�有自己�不去。」北�昨天在香港�展演�「古老的�意」，批判文�盛行的「粉��象」，��作家必���代、母�以及自我「�持����。 「�能�好日子又�出�大作品呢？」北��，「古老的�意」取自�人里�克作品，意指「生活和�大的�篇�，�存著古老的�意」。			1667190344	00	0	1397721874443
1448839-	0		0	Sat Jul 16 10:53:19 +0800 2011			14547556414	14547556414				3335735575469396	0			0	<a href=" rel="nofollow">微博 weibo.com</a>	�邦媛：感�池上�子、神谷真理子教授�此��成日文出版，感��英哲教授的促成����助。�此�日文版之�世，可增加我��民�的��，尤其是知�分子���的�度，增加人�的悲�心，促�世界的和平�和�。			1667190344	00	0	1397721874443
1448840-	0		0	Wed Jul 10 08:11:51 +0800 2013			3598426144549423	3598426144549423				3598426144549423	0			2	<a href=" rel="nofollow">微博 weibo.com</a>	中�人不可�忘的�仇家恨！ //@周浩正:四十集大型历史纪录片《国殇1937―1945年中日战争正面战场纪实》――中国抗日战争已经过去了66年。当我们瞻仰衡山忠烈祠，当我们凭吊紫金山麓空军烈士公墓，当我们阅…_老三届乐思闲#西祠热帖#  （分享自 @西祠胡同网）			1667190344	00	3598423569374900	1397721874443
1448841-	0		1	Thu Dec 12 11:33:33 +0800 2013			3654647024137887	3654647024137887				3654647024137887	0		#	0	<a href=" rel="nofollow">分享按钮</a>	【每日一句�管理】策略大��可?波特（Michael Porter）：「��策略是指，�事��手不同的作�，或以�於�手的方式，�事�似的作�。」  			1667190344	00	0	1397721874444
1448842-	0		0	Wed Jun 29 07:38:27 +0800 2011			13221352266	13221352266				5623419179775764678	0			1	<a href=" rel="nofollow">微博 weibo.com</a>	�自福建的�光客，昨晚到台北大直精品汽�旅���，���各��施很感�趣。  高燕峰也是台�熟客，「我��糖村的牛�糖，一直念念不忘，就想著有天一定�台��程��！」			1667190344	00	0	1397721874444
1448843-	0		0	Fri Jul 01 07:36:53 +0800 2011			13365862844	13365862844				5624160946389626189	0			0	<a href=" rel="nofollow">微博 weibo.com</a>	加拿大培育��蜜蜂 抗�又抗病：加拿大圭�夫大�及曼尼托巴大�合作，要透�基因���培育品�更好的蜜蜂。人�生活方式影��境，�而引�的寄生�、�菌及���，都有可能�蜂群致死。合作��也����害�疾病控制相��品，��找到更好的方式控制蜂群。			1667190344	00	0	1397721874444
1448844-	0		2	Tue May 24 13:34:17 +0800 2011			11129405598	11129405598				5610151811044070993	0			5	<a href=" rel="nofollow">微博 weibo.com</a>	�因斯坦�：「��能引�你�A到B，想像力�能�你遨�四方。」			1667190344	00	0	1397721874445
1448845-	0		0	Wed Sep 21 05:39:54 +0800 2011			3359936688105710	3359936688105710				3359936688105710	0			1	<a href=" rel="nofollow">分享按钮</a>	谁是中国的亚马逊？-百道网 			1667190344	00	0	1397721874445
1448846-	0		0	Sat Feb 22 05:52:22 +0800 2014			3680653088425594	3680653088425594				3680653088425594	0		#	0	<a href=" rel="nofollow">FT中文网</a>	【Lex专栏：中澳铁矿项目的黑洞】中信泰富的中澳铁矿项目，或将成为“墨菲定律”的经典案例，可能发生的坏事都发生了。在投资已超出预算5倍后，项目终于产矿了，但后续所需投资可能更多。 （分享自 @FT中文网）  			1667190344	00	0	1397721874445
1448847-	1		2	Wed Aug 28 14:00:40 +0800 2013			3616270924347345	3616270924347345				3616270924347345	0			11	<a href=" rel="nofollow">微博 weibo.com</a>	【免���】詹宏志著《一百年的一千本�》�子�。年��代的詹宏志，在失�二十天�，如何�造未�的台�出版版�？			1667190344	00	0	1397721874446
1448848-	0		0	Mon Jan 27 04:44:42 +0800 2014			3671213975244253	3671213975244253				3671213975244253	0		#	0	<a href=" rel="nofollow">财新网分享</a>	【雷军对话马斯科】让雷军来告诉你为什么特斯拉CEO马斯科是新一代硅谷巨星。带着73.4万元的超出预期定价，特斯拉风暴正在刮向中国。  			1667190344	00	0	1397721874446
1448849-	1		0	Sat May 25 04:55:29 +0800 2013			3581706885954334	3581706885954334				3581706885954334	0			1	<a href=" rel="nofollow">FT中文网</a>	【�己�心如何�？】FT中文���作家流沙河：�，心字居中，可知字��感情有�。�涵�富的�，��成�，就只剩下友�。�了��，�了�涵，�了定�。   （分享自 @FT中文网）			1667190344	00	0	1397721874446
1448850-	0		0	Thu Aug 04 07:24:47 +0800 2011			3342568465746817	3342568465746817				3342568465746817	0			0	<a href=" rel="nofollow">微博 weibo.com</a>	「解放思想、���念是改革的前提，哪�的思想解放，哪�就有改革的新思路、�展的新成效。」 ──新�出版�署《关于进一步推进新闻出版体制改革的指导意见》			1667190344	00	0	1397721874447
1448851-	0		0	Fri Mar 28 04:49:13 +0800 2014			3692958384036418	3692958384036418				3692958384036418	0			0	<a href=" rel="nofollow">微博 weibo.com</a>	[good]			1667190344	00	3692651867695048	1397721874447
1448852-	0		0	Sat Aug 13 09:33:50 +0800 2011			3345862433014994	3345862433014994				3345862433014994	0			1	<a href=" rel="nofollow">微博 weibo.com</a>	�察院�王建煊昨天在高雄演�指出，台�的政治人物和�民�台�缺乏「�」，只重�色，�有是非。他�把矛�指向部分公��散漫，月�九�元，但工作量只值��元，「�些人就是『肥�』、就是『�欺犯』。」   Power By udn.com			1667190344	00	0	1397721874447
1448853-	1		0	Fri Mar 28 04:47:29 +0800 2014			3692957947796966	3692957947796966				3692957947796966	0		#	0	<a href=" rel="nofollow">分享按钮</a>	【早教女博士打造儿童识字APP，上线一月受关注】百道网   			1667190344	00	0	1397721874447
1448854-	0		0	Fri Apr 11 04:36:00 +0800 2014			3698028487771933	3698028487771933				3698028487771933	0		#	1	<a href=" rel="nofollow">分享按钮</a>	【上海实体书店复苏的背后：变”输血“为”造血“】百道网   			1667190344	00	0	1397721874448
1448855-	0		0	Wed Aug 07 04:36:03 +0800 2013			3608518697490784	3608518697490784				3608518697490784	0		#	1	<a href=" rel="nofollow">分享按钮</a>	MOOC为何让传统教育精英主义者们恐慌？-百道网   			1667190344	00	0	1397721874448
1448856-	0		0	Thu Feb 13 05:18:51 +0800 2014			3677383162895585	3677383162895585				3677383162895585	0		#	0	<a href=" rel="nofollow">分享按钮</a>	【小众化时代：未来10年市场主旋律】百道网   			1667190344	00	0	1397721874448
1448857-	0		3	Thu Jun 30 07:42:49 +0800 2011			13292513482	13292513482				5623791390235569580	0			5	<a href=" rel="nofollow">微博 weibo.com</a>	「�卡索是通向�代的一道�梁，���卡索，像是�自己的一次美�考�，看看自己是否已�到了二十世�。」��指出，�卡索��得�人地面�自我，更是多重束�下的�代人，最重要的功�，「美，就是回�做自己」。    Power By udn.com			1667190344	00	0	1397721874449
1448858-	0		1	Tue Jul 05 16:56:38 +0800 2011			13692677208	13692677208				5625789533575147357	0			2	<a href=" rel="nofollow">微博 weibo.com</a>	Skype和��合作的另一重要�因是Google+��。Google+有��聊天功能，��重威���，甚至Skype。�家如果真的合力�抗Google，其�有自。    全文�址: 迎�！��本周祭新秘器！ | �上�度 | �路文化 | udn�位��    Power By udn.com			1667190344	00	0	1397721874449
1448859-	0		0	Sat May 11 04:26:20 +0800 2013			3576626120077958	3576626120077958				3576626120077958	0		#	0	<a href=" rel="nofollow">FT中文网</a>	【《李鸿章传》序】FT中文网总编辑张力奋：一百多年光阴，对中国亦长亦短。当年李鸿章办洋务的困惑，今日也时时可见影子：在中国地图上，世界在哪里？在世界版图上，中国又在哪里？   （分享自 @FT中文网）			1667190344	00	0	1397721874449
1448860-	0		0	Thu Jun 06 09:13:54 +0800 2013			3586120573324127	3586120573324127				3586120573324127	0		#	1	<a href=" rel="nofollow">分享按钮</a>	郑恩淑：一个韩国编辑的养成之道与未来之路-百道网 			1667190344	00	0	1397721874450
1448861-	0		0	Wed Jun 05 08:15:27 +0800 2013			3585743480217917	3585743480217917				3585743480217917	0		#	0	<a href=" rel="nofollow">FT中文网</a>	【最适合创业的八个行业】FT专栏作家约翰逊：一些行业适合创业，而另一些行业肯定不适合创业。如果你有志于创业，先选一个合适的行业入行，会对你有益。有8个行业最适合创业。   （分享自 @FT中文网）			1667190344	00	0	1397721874450
1448862-	1		0	Tue Feb 11 04:58:35 +0800 2014			3676653287277452	3676653287277452				3676653287277452	0			0	<a href=" rel="nofollow">百度分享</a>	【2014年，数字营销人员亟需掌握的8种能力】福布斯中文网  			1667190344	00	0	1397721874450
1448863-	0		0	Mon Mar 31 05:09:40 +0800 2014			3694050697846152	3694050697846152				3694050697846152	0		#	0	<a href=" rel="nofollow">分享按钮</a>	【不只FB佐克伯，另外5家大�投入���境的科技公司 】  			1667190344	00	0	1397721874450
1448864-	0		1	Fri Sep 27 09:42:26 +0800 2013			3627077586836690	3627077586836690				3627077586836690	0		#	1	<a href=" rel="nofollow">分享按钮</a>	【每日一句�管理】 管理��詹姆斯?莫�斯(James Morse)：「可持���的唯一���自於超����手的�新能力。」  			1667190344	00	0	1397721874451
1448865-	0		0	Sat May 11 15:22:25 +0800 2013			3576791228871079	3576791228871079				3576791228871079	0		#	0	<a href=" rel="nofollow">分享按钮</a>	�霆�／成功的必要�件 | �理人Manager Today｜管理、�理人、企�管理、品牌 			1667190344	00	0	1397721874451
1448866-	2		2	Wed Sep 04 15:16:48 +0800 2013			3618826816159966	3618826816159966				3618826816159966	0			0	<a href=" rel="nofollow">分享按钮</a>	【我心�的歌曲】北京天使合唱�《大海啊故�》。  			1667190344	00	0	1397721874451
1448867-	0		0	Mon May 23 07:53:43 +0800 2011			11057213724	11057213724				5609692962506120675	0			0	<a href=" rel="nofollow">微博 weibo.com</a>	��?�柯布：「簇��花」沌混一片�，我��著自我安慰，高唱「多工」神力。不�近年，「多工」已�研究得非常透�，�果清楚明�，主要�述如下：多工其��不存在。			1667190344	00	0	1397721874452
1448868-	0		0	Wed Jun 22 07:29:06 +0800 2011			12754653348	12754653348				5620819174068954014	0			0	<a href=" rel="nofollow">微博 weibo.com</a>	六月七日，削瘦的�伯斯，�身�果全球��商大�。�次，他甚至�秀新硬��品，只�概念――「iCloud」（�果�）。			1667190344	00	0	1397721874452
1448869-	0		1	Wed Apr 20 09:11:38 +0800 2011			9382758046	9382758046				221110420439714799	0			0	<a href=" rel="nofollow">微博 weibo.com</a>	「��集�」董事�林百里��「未�不能老想著IT」，IT的最好�光已��去，IT��融入生活，就像�光、空�和水一�平常而不可缺少，新的��在「�色技�、文化�意、保健��、精���」，他尤其看好台�的文化�意��的�展�件。			1667190344	00	0	1397721874452
1448870-	0		0	Wed Feb 12 04:45:21 +0800 2014			3677012348905859	3677012348905859				3677012348905859	0			0	<a href=" rel="nofollow">百度分享</a>	【2013年放弃美国国籍人数，猛增221%】福布斯中文网  			1667190344	00	0	1397721874452
1448871-	0		0	Sat Nov 30 12:28:20 +0800 2013			3650312159749353	3650312159749353				3650312159749353	0			0	<a href=" rel="nofollow">微博 weibo.com</a>	【自省．��．明天的MIT】/�立�（作者��太文化�意����理事�）大家��很�想像，今天代表精湛工����品�的「德��造」（Made In Germany）字�，也曾�是仿冒�劣�的代名�。  Power By udn.com			1667190344	00	0	1397721874453
1448872-	0		0	Wed Aug 03 07:25:21 +0800 2011			15894376686	15894376686				3342206220839648	0			0	<a href=" rel="nofollow">微博 weibo.com</a>	《我是黎智英》：「大多�人去强�『重要的事』，�忘了『�者�心的事』。」			1667190344	00	0	1397721874453
1448873-	0		0	Tue Aug 23 07:21:32 +0800 2011			3349453017619611	3349453017619611				3349453017619611	0			0	<a href=" rel="nofollow">微博 weibo.com</a>	根�最新�明牛津英��典的解�，woot特�用在透�即�通����通上，用�表���之意；而cyberbullying�名思�，就是�路霸凌，透��子通��品欺�某人；retweet�用在社群�站推特上，指的是�某人在推特上的�息再��其他人。   Power By udn.com			1667190344	00	0	1397721874453
1448874-	0		2	Wed May 11 07:20:52 +0800 2011			10446254001	10446254001				211110511625655	0			1	<a href=" rel="nofollow">新浪博客</a>	光明大道。 ――看到来自加拿大的王若文的博文《中国儿童文学“走不出去”的瓶颈在哪？》有感而发的评论。			1667190344	00	0	1397721874454
1448875-	0		0	Tue Sep 13 07:18:39 +0800 2011			3357062436747855	3357062436747855				3357062436747855	0			0	<a href=" rel="nofollow">分享按钮</a>	管理者�注�益，��者�注全局。～���之父��?班尼斯（Warren Bennis）   �理人Manager Today 			1667190344	00	0	1397721874535
1448876-	0		0	Tue Nov 26 05:34:40 +0800 2013			3648758502159773	3648758502159773				3648758502159773	0		#	0	<a href=" rel="nofollow">分享按钮</a>	【李昕获深圳读书月年度致敬出版人】百道网   			1667190344	00	0	1397721874536
1448877-	0		3	Thu May 26 07:30:41 +0800 2011			11214705956	11214705956				5610800282394464650	0			2	<a href=" rel="nofollow">微博 weibo.com</a>	�，而且很�，一流的！			1667190344	00	11214659292	1397721874536
1448878-	1		0	Tue Aug 13 05:10:09 +0800 2013			3610701606660470	3610701606660470				3610701606660470	0		#	2	<a href=" rel="nofollow">分享按钮</a>	潘良：励志图书超级畅销背后的精密项目管理与营销细节-百道网   			1667190344	00	0	1397721874536
1448879-	0		0	Tue Apr 19 08:06:15 +0800 2011			9332393550	9332393550				221110419416410786	0			0	<a href=" rel="nofollow">微博 weibo.com</a>	20世�美��人康明斯（e.e.cummings）的�句，�真�有滋味，�曰�「�步是一�舒服的病（Progress is a comfortable disease.）。」多可�的病，既然躲不了，�享受吧！			1667190344	00	0	1397721874537
1448880-	0		2	Fri Jul 22 08:51:26 +0800 2011			15002956041	15002956041				3337879229785450	0			4	<a href=" rel="nofollow">微博 weibo.com</a>	梁�秋是�人世界著名散文家也是�人，曾主�英��典及中�英文�本�引�ＫＫ音�；梁住�很多地方都遭拆除，�和街的房子保存最完整，也是梁�台住的第一�宿舍，具有文化意�。    Power By udn.com			1667190344	00	0	1397721874537
1448881-	0		0	Sat Mar 08 05:39:25 +0800 2014			3685723264051574	3685723264051574				3685723264051574	0		#	0	<a href=" rel="nofollow">分享按钮</a>	【雅各布帕布斯特：在iPad上读两小时书，然后上班】百道网   			1667190344	00	0	1397721874537
1448882-	0		0	Thu Aug 01 02:12:57 +0800 2013			3606308357769266	3606308357769266				3606308357769266	0			0	<a href=" rel="nofollow">微博 weibo.com</a>	菲律��151��家地��放免�� 不含大�和台�			1667190344	00	0	1397721874538
1448883-	0		1	Mon Dec 16 15:14:47 +0800 2013			3656152246380690	3656152246380690				3656152246380690	0			2	<a href=" rel="nofollow">分享按钮</a>	【《花非花》/范宇文演唱/白居易�/�自曲】�首在早期台�的小�必�的歌，很短的小曲，�美，�自果然不凡。�代人�乎不�得曾�有���中�、��融古典於�代的音�，�忘！  			1667190344	00	0	1397721874538
1448884-	0		2	Tue Jul 09 08:26:54 +0800 2013			3598067544334171	3598067544334171				3598067544334171	0			1	<a href=" rel="nofollow">微博 weibo.com</a>	台�金石堂老店�身，活化��。（��日��者李至和��）金石堂�路�店�香港O.K.便利店合作，可在�上��，香港220家O.K.便利店取�，�角延伸到海外市�。在展店部分，斥�2,000�元改�的台北重�南路店，下半年��再��家店，到年底前店�可�62家。 			1667190344	00	0	1397721874538
1448885-	0		0	Thu Aug 25 07:52:02 +0800 2011			3350185468629135	3350185468629135				3350185468629135	0			0	<a href=" rel="nofollow">FT中文网</a>	中国水果美国摘 - FT中文网#s=p#s=p#s=p   （分享自 @FT中文网）			1667190344	00	0	1397721874539
1448886-	0		4	Sat Jul 06 03:45:16 +0800 2013			3596909505895256	3596909505895256				3596909505895256	0		#	0	<a href=" rel="nofollow">分享按钮</a>	AgentOrange：我不愿再当编辑的五大理由-百道网 			1667190344	00	0	1397721874539
1448887-	1		0	Thu Sep 26 08:18:50 +0800 2013			3626694160239182	3626694160239182				3626694160239182	0		#	1	<a href=" rel="nofollow">分享按钮</a>	【雷�：小米快速成�的管理��】  			1667190344	00	0	1397721874539
1448888-	0		0	Tue Mar 25 04:43:22 +0800 2014			3691869747816637	3691869747816637				3691869747816637	0			1	<a href=" rel="nofollow">百度分享</a>	【未来企业：不卖产品卖舒适？】福布斯中文网  			1667190344	00	0	1397721874539
1448889-	0		2	Thu May 12 07:47:55 +0800 2011			10505352559	10505352559				5605609530947881791	0			1	<a href=" rel="nofollow">微博 weibo.com</a>	人�海豚�向�通 可望成真：人���物之�的�通又再跨出一大步！美�科�家研�出可以接收�辨�海豚�音的�器，�且打算透�收集到的�音，排列成最基本的海豚�言�字，作��海豚�通的�言，如此便可�到�向�通的效果。			1667190344	00	0	1397721874540
1448890-	0		4	Mon Jul 15 10:26:17 +0800 2013			3600271919530854	3600271919530854				3600271919530854	0			6	<a href=" rel="nofollow">微博 weibo.com</a>	【瑞典教授提名史�登，角逐���和平�】踢爆美��安局 (NSA)�控��和�路通���的史�登，尚未�得外�政治庇�，一名瑞典教授雪中送炭，提名他角逐���和平�。但由於����每年2月1日截止提名，����委��明年才可能考�是否���他。 			1667190344	00	0	1397721874540
1448891-	0		0	Thu Aug 04 07:26:54 +0800 2011			3342568998735296	3342568998735296				3342568998735296	0			0	<a href=" rel="nofollow">微博 weibo.com</a>	「公司�小的�候，可以用�力�取金�，但到了一定�模就行不通，要用�����。」(倪福全（�福集��裁）			1667190344	00	0	1397721874540
1448892-	0		1	Thu Aug 18 11:04:31 +0800 2011			3347697193807988	3347697193807988				3347697193807988	0			1	<a href=" rel="nofollow">微博 weibo.com</a>	//@李晓琪：[哈哈] 有我推荐的！//@bookdao陈旷：此次评选奖项包括出版品牌创新机构、创意新出版、mook创新品牌、789致敬创意出版人，其中创意新出版候选项目，个个都值得关注！			1667190344	00	3347693146380378	1397721874541
1448893-	0		3	Sat May 21 18:52:21 +0800 2011			10983806690	10983806690				5609120520686028702	0			3	<a href=" rel="nofollow">微博 weibo.com</a>	仍是人人尊崇的�父。 //@相信阅读:回复@周浩正:另一部国父遗教《建国方略》已经出版一个多月，销售很好，已经加印。目前正在争取出口台湾呢。辛亥百年和民国百年接踵而来，不知道现在的台湾人对国父是什么态度？ //@周浩正:转发微博。			1667190344	00	10974805370	1397721874541
1448894-	0		0	Fri Jan 03 09:43:03 +0800 2014			3662591748625046	3662591748625046				3662591748625046	0		#	0	<a href=" rel="nofollow">FT中文网</a>	【为什么不试试德国表？】德国钟表有朗格等高端品牌，但更多的还是技术精密、个性入时的非著名品牌。有品味却不昂贵，风格很德国。（分享自 @FT中文网）  			1667190344	00	0	1397721874541
1448895-	0		0	Thu Apr 17 13:42:45 +0800 2014			3700340409230185	3700340409230185				3700340409230185	0		#	0	<a href=" rel="nofollow">分享按钮</a>	人生在世，重�不是我�身�何�，而是我��向何方。――�利弗・�德�・霍姆斯，美��人  			1667190344	00	0	1397721874541
1448896-	0		1	Tue Jul 12 07:57:57 +0800 2011			14211375212	14211375212				5628248312158915551	0			7	<a href=" rel="nofollow">微博 weibo.com</a>	吃了�射草 福�牛含�超�： 日本福��南相�市出�的肉牛被�出含超�的�射�。�家�查��，牛吃的草料每公斤含高�度�射�。311�日本大地震福�第一核���生核��，�批草料置於�外。    Power By udn.com			1667190344	00	0	1397721874542
1448897-	0		0	Thu Nov 28 08:05:32 +0800 2013			3649521248849320	3649521248849320				3649521248849320	0			0	<a href=" rel="nofollow">分享按钮</a>	【俞晓群出版自白：书不厌精，文不厌细】百道网   			1667190344	00	0	1397721874542
1448898-	0		0	Tue Jun 04 08:29:13 +0800 2013			3585384552645152	3585384552645152				3585384552645152	0		#	0	<a href=" rel="nofollow">FT中文网</a>	【2014：美国经济复苏之年】FT美国经济编辑哈丁：美国经济形势转暖，消费者信心达到近五年来高点，预计2014年美国经济增速将超过3%，财政政策、住房市场、货币政策等均为利好。   （分享自 @FT中文网）			1667190344	00	0	1397721874542
1448899-	0		0	Sun Jun 26 10:52:52 +0800 2011			13025569318	13025569318				5622356025040539767	0		#	0	<a href=" rel="nofollow">勋章馆</a>	十年窗下无人问，一举成名天下知。有了微博无需宅，一呼百应朋友遍天下，今后必当好好织微博，并获得微博特发【一举成名】勋章。			1667190344	00	0	1397721874543
1448900-	0		0	Wed Jan 15 03:43:16 +0800 2014			3666849860857988	3666849860857988				3666849860857988	0			0	<a href=" rel="nofollow">分享按钮</a>	【教育游戏化是一场愚蠢的潮流】百道网   			1667190344	00	0	1397721874543
1448901-	0		0	Fri Feb 28 11:51:32 +0800 2014			3682917803003473	3682917803003473				3682917803003473	0			0	<a href=" rel="nofollow">分享按钮</a>	【TED演��三部曲】第三部曲：�如何����尾。  			1667190344	00	0	1397721874543
1448902-	0		0	Wed Jun 05 05:12:50 +0800 2013			3585697523424535	3585697523424535				3585697523424535	0		#	0	<a href=" rel="nofollow">分享按钮</a>	[何����]一���所有�。			1667190344	00	0	1397721874544
1448903-	0		0	Fri Nov 01 16:24:52 +0800 2013			3639862429327153	3639862429327153				3639862429327153	0		#	0	<a href=" rel="nofollow">分享按钮</a>	【PChome前����振�，打造全球�子商�平台Uitox】  			1667190344	00	0	1397721874544
1448904-	0		0	Wed Oct 30 07:09:28 +0800 2013			3638997887204469	3638997887204469				3638997887204469	0		#	0	<a href=" rel="nofollow">分享按钮</a>	【向彼得?麦卡锡学习图书数字营销7大原则】百道网   			1667190344	00	0	1397721874544
1448905-	0		0	Tue Jun 04 06:05:55 +0800 2013			3585348494253427	3585348494253427				3585348494253427	0		#	0	<a href=" rel="nofollow">分享按钮</a>	[新加坡直�] Google新加坡�公室，依�美食不� - �位�代－台�最具影�力的科技媒� 			1667190344	00	0	1397721874545
1448906-	0		2	Thu Jul 18 10:37:18 +0800 2013			3601361855606353	3601361855606353				3601361855606353	0			2	<a href=" rel="nofollow">微博 weibo.com</a>	美�大����美的�醒＜把�忘的感�找回�＞ 作者：口述��� 整理��倩蓉 �影��柏宏 出�：《30》�� 2013年7月� 第107期 			1667190344	00	0	1397721874545
1448907-	0		1	Wed Jul 20 07:35:48 +0800 2011			14830694803	14830694803				3337135420563241	0			1	<a href=" rel="nofollow">微博 weibo.com</a>	�家�店由�兄弟於1971年在密西根州的安娜堡��，Borders是他�的姓氏。1973年，Borders跟邦�（Barnes & Noble）共同�始大型�店的��模式。相�於只有��到五�本�的一般�店，每家Borders一般�列10�到20�本�。    Power By udn.com			1667190344	00	0	1397721874546
1448908-	0		1	Mon Jul 01 14:10:11 +0800 2013			3595254831911673	3595254831911673				3595254831911673	0			1	<a href=" rel="nofollow">分享按钮</a>	＜千の�になって＞ 秋川雅史 （中文字幕）／我心�的歌曲／ 			1667190344	00	0	1397721874546
1448909-	0		0	Fri Apr 22 07:26:34 +0800 2011			9478361178	9478361178				5598182325778114745	0			1	<a href=" rel="nofollow">微博 weibo.com</a>	�如何���的，「���，是老天���吃」，那�，除了「���」，�有什麽是��可以�新�值的地方？��，找到一�概念：���。			1667190344	00	0	1397721874546
1448910-	0		0	Wed Jul 31 05:06:20 +0800 2013			3605989603759862	3605989603759862				3605989603759862	0		#	0	<a href=" rel="nofollow">FT中文网</a>	【50 Ideas：�器人】�器人或���有展示出接管世界的能力，但它�已在�造��域留下了相��重的印�。��上，如果�有�器人，很多企�根本�法��下去。 （分享自 @FT中文网）  			1667190344	00	0	1397721874546
1448911-	0		0	Wed Oct 23 04:12:35 +0800 2013			3636416657557543	3636416657557543				3636416657557543	0		#	1	<a href=" rel="nofollow">分享按钮</a>	【荷兰个性独立书店：设计为主，卖书为辅】百道网   			1667190344	00	0	1397721874547
1448912-	0		0	Wed Aug 03 07:23:49 +0800 2011			15894336708	15894336708				3342205834655833	0			0	<a href=" rel="nofollow">微博 weibo.com</a>	《我是黎智英》：「�作者的大忌之一，是那�Not-Invented-Here（NH）的盲�──那�不是自己出的主意，便�屑一�的心理障�。」			1667190344	00	0	1397721874547
1448913-	0		0	Tue Mar 25 04:27:04 +0800 2014			3691865646238625	3691865646238625				3691865646238625	0			1	<a href=" rel="nofollow">分享按钮</a>	【李媛：寻找一种吸引小读者的方式来解读霍金的《时间简史》】百道网   			1667190344	00	0	1397721874547
1448914-	0		0	Thu Feb 20 09:52:21 +0800 2014			3679988706916107	3679988706916107				3679988706916107	0		#	1	<a href=" rel="nofollow">华尔街日报中文版</a>	【中国催生澳大利亚橄榄油购买热潮】随着食品安全观念的转变，中国消费者开始青睐以前并不看重的橄榄油。为了抓住这一商机，中国企业纷纷在海外进行收购交易。中国橄榄油市场的巨大潜力已逐步彰显出来。  			1667190344	00	0	1397721874548
1448915-	0		3	Wed Jun 26 09:59:16 +0800 2013			3593379751777597	3593379751777597				3593379751777597	0		#	2	<a href=" rel="nofollow">分享按钮</a>	西尔维娅?戴：为什么这个世界不能没有出版业-百道网 			1667190344	00	0	1397721874548
1448916-	2		1	Thu Sep 19 09:49:46 +0800 2013			3624180328891794	3624180328891794				3624180328891794	0		#	2	<a href=" rel="nofollow">新浪博客</a>	向大家�告整�新版《�作��心法》��始末：：��的朋友：  �入73�之後，整�人陷入意志�法集中的困境，心���念＜系�力＞等各信的完成（��目�），以便做�了�，但始��以成篇。...文字版>>  （新浪长微博>> 			1667190344	00	0	1397721874548
1448917-	0		0	Sat Nov 02 04:27:50 +0800 2013			3640044374263448	3640044374263448				3640044374263448	0		#	0	<a href=" rel="nofollow">FT中文网</a>	【“李克强经济学”再解读】作为2013年财经界最热的名词，“李克强经济学”引发多种诠释。FT 2013中国论坛邀请华生、张军等知名经济学家，再度审视李克强经济学的核心理念和操作前景。 （分享自 @FT中文网）  			1667190344	00	0	1397721874549
1448918-	0		0	Tue Aug 02 07:40:25 +0800 2011			15838399368	15838399368				3341847624333952	0			0	<a href=" rel="nofollow">微博 weibo.com</a>	《我是黎智英》：「�作的第一步是�掘��，找出『有用』的���解�。很多�候，找出有用的��比解����要困�。」			1667190344	00	0	1397721874549
1448919-	0		0	Fri Apr 22 07:23:59 +0800 2011			9478323672	9478323672				5598181660058174111	0			0	<a href=" rel="nofollow">微博 weibo.com</a>	�投身出版大�的�大��人而言，「���」是凝在心�、��不了的情�。但放眼芸芸�「�」，能有�人得登「名�」殿堂？			1667190344	00	0	1397721874549
1448920-	0		1	Wed Jul 10 13:50:20 +0800 2013			3598511322510327	3598511322510327				3598511322510327	0			0	<a href=" rel="nofollow">微博 weibo.com</a>	看�台北的活力。 //@周浩正:在台北101大�餐�的一�音�邂逅，���不如���，精彩！ //@周浩正:在台北101大�餐�的一�音�邂逅，���不如���，精彩！			1667190344	00	3598506734461800	1397721874550
1448921-	0		0	Sat May 25 04:43:39 +0800 2013			3581703908143500	3581703908143500				3581703908143500	0		#	0	<a href=" rel="nofollow">分享按钮</a>	《博弈与社会》：合则双赢，分则两伤-百道网 			1667190344	00	0	1397721874550
1448922-	1		0	Sat Jun 01 09:44:35 +0800 2013			3584316359559923	3584316359559923				3584316359559923	0			0	<a href=" rel="nofollow">微博 weibo.com</a>	「失�，只是�人生���。」美��口秀天后，��知名的慈善家�普拉?�芙蕾，五月卅日�邀至哈佛大�����法�博士�位，�在��典��表演�。她敦促��生�於接受挫折，�之�成�的契�，�在生活�事�中追求�他人服�的��。/【�合������涵／��】			1667190344	00	0	1397721874550
1448923-	0		0	Wed Oct 16 04:44:02 +0800 2013			3633887857109869	3633887857109869				3633887857109869	0			0	<a href=" rel="nofollow">分享按钮</a>	【最美APP的9条黄金法则】百道网   			1667190344	00	0	1397721874550
1448924-	0		0	Wed Jan 29 18:53:02 +0800 2014			3672152245010437	3672152245010437				3672152245010437	0			0	<a href=" rel="nofollow">微博 weibo.com</a>	[赞]			1667190344	00	3666332681876286	1397721874551
1448925-	1		0	Sun Aug 11 04:34:00 +0800 2013			3609967737287522	3609967737287522				3609967737287522	0			7	<a href=" rel="nofollow">微博 weibo.com</a>	//@jiapark: mark//@Cheetah安妮:收了。好东西要分享 //@北大清华讲座-北京活动:中国古建筑			1667190344	00	3606642689742408	1397721874551
1448926-	0		0	Tue Aug 23 07:20:47 +0800 2011			3349452828873574	3349452828873574				3349452828873574	0			0	<a href=" rel="nofollow">微博 weibo.com</a>	�明牛津英��典（Concise Oxford EnglishDictionary，COED）在1911年8月�布第1版，至今正好�100年，而COED每一版的�化，正好反�出社�、媒��科技的改�。   Power By udn.com			1667190344	00	0	1397721874551
1448927-	0		2	Thu Dec 12 04:40:23 +0800 2013			3654543051346348	3654543051346348				3654543051346348	0			5	<a href=" rel="nofollow">微博 weibo.com</a>	//@作家金满楼: 只有记到自己脑子里的，才是自己的，其他都是假的。不然的话，每个人去买个一万本书，都可以自称学者了。			1667190344	00	3654438004312865	1397721874552
1448928-	0		0	Thu Jul 11 04:14:32 +0800 2013			3598728810360409	3598728810360409				3598728810360409	0		#	1	<a href=" rel="nofollow">分享按钮</a>	为什么我们还需要图书俱乐部？-百道网 			1667190344	00	0	1397721874552
1448929-	0		0	Thu Oct 10 04:58:58 +0800 2013			3631717288108251	3631717288108251				3631717288108251	0			0	<a href=" rel="nofollow">分享按钮</a>	【出版格局重新洗牌我们被淹没在独立出版图书之中】百道网   			1667190344	00	0	1397721874552
1448930-	0		2	Fri Jul 29 07:15:22 +0800 2011			15561336432	15561336432				3340391768847549	0			0	<a href=" rel="nofollow">微博 weibo.com</a>	《我是黎智英》：「品�高、效率好的秘�，在�有太多的��上。」			1667190344	00	0	1397721874552
1448931-	0		0	Fri Feb 07 08:43:31 +0800 2014			3675260345981416	3675260345981416				3675260345981416	0			0	<a href=" rel="nofollow">分享按钮</a>	哀伤的小提琴【辛德勒的名单】/Sad Violin 【Schindlers list】  			1667190344	00	0	1397721874553
1448932-	0		0	Thu Feb 20 09:50:14 +0800 2014			3679988174096101	3679988174096101				3679988174096101	0			0	<a href=" rel="nofollow">华尔街日报中文版</a>	【现在断言“安倍经济学”失败，为时过早】日本去年第四季度GDP数据疲软。有人指出，“安倍经济学”没有达到预期效果。但也有经济学家认为，人口问题导致数据黯淡，不能据此断言“安倍经济学”已失败。  			1667190344	00	0	1397721874553
1448933-	0		0	Fri Apr 29 07:39:57 +0800 2011			9807536375	9807536375				5600783370681777208	0			0	<a href=" rel="nofollow">微博 weibo.com</a>	蔡志忠�，「我生於台�，��死於杭州」。			1667190344	00	0	1397721874553
1448934-	0		0	Wed Nov 20 13:54:30 +0800 2013			3646709962324713	3646709962324713				3646709962324713	0			0	<a href=" rel="nofollow">微博 weibo.com</a>	//@冯俊文: [酷]//@欢乐的长身子: //@铁葫芦图书: 王明珂提出一个讲法，他认为我们要探讨什么叫作中华民族，或者什么叫作中国人，最好的方法，不是直接地、正面地，去对“中国人”的内容或者内涵下一个定义，而是想办法去透过“中国人”这个族群的边界，来找它大概的意思。――梁文道			1667190344	00	3646258700739915	1397721874554
1448935-	0		0	Thu Apr 17 04:49:38 +0800 2014			3700206246251931	3700206246251931				3700206246251931	0		#	0	<a href=" rel="nofollow">分享按钮</a>	吴兴文：分众书店的时代-百道网   			1667190344	00	0	1397721874554
1448936-	0		0	Wed May 22 16:27:37 +0800 2013			3580793886507332	3580793886507332				3580793886507332	0			0	<a href=" rel="nofollow">微博 weibo.com</a>	台�人民被政治��了 ！ 全文�址: 台�人民被政治��了 | 民意�� | 意��� | �合新��  Power By udn.com			1667190344	00	0	1397721874554
1448937-	0		0	Sat Jun 25 11:00:50 +0800 2011			12955073724	12955073724				5621986992857056398	0			0	<a href=" rel="nofollow">微博 weibo.com</a>	��今�行股��，董事�林百里�自替�者���端概念是怎��的。他��未��端商�就像自�水，而��就像做水��、�盆、�桶的�商，有了自�水後大家都�翻了，因此林百里�：「我叫�忠�����。」			1667190344	00	0	1397721874555
1448938-	0		0	Mon Aug 29 07:44:15 +0800 2011			3351633061428798	3351633061428798				3351633061428798	0			0	<a href=" rel="nofollow">微博 weibo.com</a>	「�知造成恐�」是艾柏格深信的原�，也是他跨�「打�」的�力。�洲��是「真人���」最大��支持者，至今曾在近卅��家��活�、甚至�立分部或���，除�美之外，�角也深及�洲。			1667190344	00	0	1397721874555
1448939-	0		0	Sat Aug 27 17:52:03 +0800 2011			3351061243393551	3351061243393551				3351061243393551	0			1	<a href=" rel="nofollow">分享按钮</a>	苹果成功背后的七大矛盾哲学-百道网 			1667190344	00	0	1397721874556
1448940-	0		1	Tue Aug 30 07:30:10 +0800 2011			3351991905009826	3351991905009826				3351991905009826	0			3	<a href=" rel="nofollow">分享按钮</a>	作家出版社支付80余位作家共百万余元年度数字出版版税-百道网 			1667190344	00	0	1397721874556
1448941-	1		0	Tue Oct 01 09:57:08 +0800 2013			3628530833586076	3628530833586076				3628530833586076	0		#	0	<a href=" rel="nofollow">分享按钮</a>	【每日一句�管理】著名的企�管理�教授��?�尼斯((Warren Bennis)：「�工培�是企���最小、收益最大的�略性投�。」  			1667190344	00	0	1397721874556
1448942-	0		0	Thu Jul 21 08:54:08 +0800 2011			14916794959	14916794959				3337517521653141	0			0	<a href=" rel="nofollow">微博 weibo.com</a>	�者�宛茜／香港��：在��，以北�、�城�代表的朦��派，��人感情而非革命��，引起年�人的共�，�靡一�。北���，他�那一�作家，「以�歌向僵化的官方��挑�，�挽救��而努力。」    Power By udn.com			1667190344	00	0	1397721874556
1448943-	0		0	Sat Oct 19 05:00:23 +0800 2013			3634979139544077	3634979139544077				3634979139544077	0			0	<a href=" rel="nofollow">FT中文网</a>	【纽约制造PK中国制造】FT中文网专栏作家刘裘蒂：纽约颁布《时尚生产新方案》，以提升纽约服装制造业的水平，提高国际竞争力。这会对中国制造带来威胁吗？ （分享自 @FT中文网）  			1667190344	00	0	1397721874557
1448944-	0		0	Sat Jul 16 10:46:15 +0800 2011			14547126446	14547126446				3335733797022652	0			3	<a href=" rel="nofollow">微博 weibo.com</a>	�邦媛： 在那八年漫�的�日��中，我�日本人最清晰的印象是1945年二月，中���年��，在那美�的三江�流的四川�山古城，�寒冰的早晨，我�三位同�去文�上朱光�老�的英��，由文����了��，迎面看到�星�旁石柱上�了一大�毛��的布告，墨汁淋漓似尚未乾：			1667190344	00	0	1397721874557
1448945-	0		1	Wed Mar 05 14:46:21 +0800 2014			3684773736255754	3684773736255754				3684773736255754	0			0	<a href=" rel="nofollow">华尔街日报中文版</a>	【华为瞄准美国智能手机市场】在被美国电信网络市场拒之门外后，华为目前将目光转向了该国的高端智能手机市场。华为轮值CEO徐直军说，今年公司将继续在美国推出智能手机。  			1667190344	00	0	1397721874557
1448946-	0		1	Sat Jul 13 04:06:39 +0800 2013			3599451602280795	3599451602280795				3599451602280795	0		#	1	<a href=" rel="nofollow">分享按钮</a>	漫画家朱德庸：“我们生活在一个故意被弄复杂的世界”-百道网 			1667190344	00	0	1397721874558
1448947-	1		0	Fri Apr 11 04:31:02 +0800 2014			3698027237774260	3698027237774260				3698027237774260	0		#	0	<a href=" rel="nofollow">分享按钮</a>	【朱璐谈《田野里的大师》：海豚社人文社科书的艺术雕琢】百道网  			1667190344	00	0	1397721874558
1448948-	0		0	Fri Mar 07 11:27:23 +0800 2014			3685448440281371	3685448440281371				3685448440281371	0			0	<a href=" rel="nofollow">微博 weibo.com</a>	[赞] //@暗地黑羊:没有学历限制，没有性别限制，没有年龄限制，更不需要什么编辑证，只要你有经验，真诚想合作，您就放马过来！			1667190344	00	3684813737186756	1397721874558
1448949-	0		0	Sat May 25 04:48:01 +0800 2013			3581705011380319	3581705011380319				3581705011380319	0		#	0	<a href=" rel="nofollow">FT中文网</a>	【FT社评：“安倍效应”只是一时之喜】安倍晋三激进的财政与货币扩张推动一季度日本经济爆发式增长，但这只能给人带来即时的满足感，并且隐含着风险。要结束日本长期的低增长，结构性调整必不可少。   （分享自 @FT中文网）			1667190344	00	0	1397721874558
1448950-	0		0	Tue Aug 02 07:39:57 +0800 2011			15838390798	15838390798				3341847506891899	0			1	<a href=" rel="nofollow">微博 weibo.com</a>	《我是黎智英》：「�作不是『��到有』�？不！那只是�的放矢，那是危�的搞作，不是�作。真正的�作，��都不是『��到有』的，而是把�在的能量�化成��，故此�作�不是『��到有』，能量早便朦朦��在��中存在。」			1667190344	00	0	1397721874559
1448951-	0		1	Wed Jul 27 07:53:16 +0800 2011			15422247648	15422247648				3339676530893087	0			3	<a href=" rel="nofollow">微博 weibo.com</a>	《我是黎智英》：「管理是控制情�的�作。」			1667190344	00	0	1397721874559
1448952-	1		0	Sat Aug 17 04:36:47 +0800 2013			3612142760920980	3612142760920980				3612142760920980	0		#	1	<a href=" rel="nofollow">分享按钮</a>	李春凯：品牌能将人们的理性催化出感性-百道网   			1667190344	00	0	1397721874559
1448953-	0		0	Wed Jan 15 03:42:07 +0800 2014			3666849575413415	3666849575413415				3666849575413415	0		#	0	<a href=" rel="nofollow">分享按钮</a>	【出版商向出版创业公司挑战的五大举措】百道网   			1667190344	00	0	1397721874560
1448954-	0		0	Tue Jun 21 14:27:55 +0800 2011			12722101100	12722101100				5620556017132283545	0			2	<a href=" rel="nofollow">微博 weibo.com</a>	26��路��作家 哈金版��400�美金 ：雅曼�．哈金（Amanda Hocking）今年廿六�，是美�炙手可�的�路作家，去年她�始透����等�上�店�售�子�，版�收入��百�美元。今春��出版商��丁�店更以�百�美元和她��，��出版哈金的《水歌》（Watersong）系列四部小�。			1667190344	00	0	1397721874560
1448955-	0		19	Sat Aug 06 10:39:19 +0800 2011			3343342197579111	3343342197579111				3343342197579111	0			4	<a href=" rel="nofollow">微博 weibo.com</a>	��70，�向71，中午吃��。			1667190344	00	0	1397721874560
1448956-	1		0	Thu Jun 06 03:26:02 +0800 2013			3586033029792028	3586033029792028				3586033029792028	0		#	0	<a href=" rel="nofollow">分享按钮</a>	王安忆答读者问（下）：作者好与不好与局限性有关-百道网 			1667190344	00	0	1397721874560
1448957-	0		0	Fri Sep 02 08:00:39 +0800 2011			3353086739978070	3353086739978070				3353086739978070	0			2	<a href=" rel="nofollow">分享按钮</a>	我们向荷兰出版学什么-百道网 			1667190344	00	0	1397721874561
1448958-	0		0	Fri Mar 21 04:32:16 +0800 2014			3690417402989388	3690417402989388				3690417402989388	0			0	<a href=" rel="nofollow">分享按钮</a>	【浙江新华书店10年“小连锁”发展记：书店虽小，意义巨大】百道网   			1667190344	00	0	1397721874561
1448959-	0		0	Thu Feb 27 04:36:45 +0800 2014			3682445998648313	3682445998648313				3682445998648313	0			0	<a href=" rel="nofollow">分享按钮</a>	【大数据如何改变传统商业逻辑】百道网   			1667190344	00	0	1397721874561
1448960-	0		1	Tue Aug 23 07:20:00 +0800 2011			3349452631738852	3349452631738852				3349452631738852	0			4	<a href=" rel="nofollow">微博 weibo.com</a>	��英文的人��，牛津英��典是不可或缺的工具。8月正逢�表百年，�明牛津英��典推出新版，��woot、retweet、cyberbullying等�路用�正式�入。全文�址: 牛津字典百年 「woot」入典 |  Power By udn.com			1667190344	00	0	1397721874562
1448961-	0		0	Thu Jul 11 04:20:32 +0800 2013			3598730320482809	3598730320482809				3598730320482809	0			0	<a href=" rel="nofollow">分享按钮</a>	蔡志忠漫画作品将被引入人教版中小学国学课本-百道网 			1667190344	00	0	1397721874562
1448962-	0		0	Tue Jul 09 03:30:30 +0800 2013			3597992953481687	3597992953481687				3597992953481687	0		#	1	<a href=" rel="nofollow">分享按钮</a>	潘凯雄：数字出版应该抓住出版的行业本质-百道网 			1667190344	00	0	1397721874562
1448963-	0		0	Fri Feb 07 11:17:44 +0800 2014			3675299151670690	3675299151670690				3675299151670690	0		#	0	<a href=" rel="nofollow">FT中文网</a>	【Lex专栏：索尼“删除”PC业务】出售旗下Vaio个人电脑业务的计划，是索尼10多年来准备摒弃亏损业务的首个明确标志。如果再多一些这样的“重启”，该公司也许会找回丧失已久的活力。 （分享自 @FT中文网）  			1667190344	00	0	1397721874563
1448964-	0		3	Mon Aug 08 09:49:46 +0800 2011			3344054503702005	3344054503702005				3344054503702005	0			6	<a href=" rel="nofollow">微博 weibo.com</a>	「所有�明者都是孤�的，有�造性的人往往是曲高和寡。所��造者，也就是放�一般人所安於故常的思想。�技�、政治��、人��景�生快速�化�，所��造者也就是自�改�甚至於似乎已�成功的�念。」 ──季辛吉（Henry A. Kissinger）			1667190344	00	0	1397721874563
1448965-	0		0	Mon Jun 17 08:28:23 +0800 2013			3590095389561153	3590095389561153				3590095389561153	0			0	<a href=" rel="nofollow">分享按钮</a>	【每日一句�管理 】Facebook���雪柔?桑柏格（Sheryl Sandberg）：「��的�是眷�有勇�的人，你如果不��，你永�不知道你能完成什�。」 			1667190344	00	0	1397721874563
1448966-	0		0	Wed Jun 05 18:29:31 +0800 2013			3585898010690911	3585898010690911				3585898010690911	0		#	0	<a href=" rel="nofollow">分享按钮</a>	王若文：书房，我的世外桃源-百道网 			1667190344	00	0	1397721874564
1448967-	0		0	Thu May 23 08:41:42 +0800 2013			3581039044126983	3581039044126983				3581039044126983	0		#	0	<a href=" rel="nofollow">FT中文网</a>	【以邻为壑的安倍经济学】清华大学教授李稻葵：“安倍经济学”并未推高通胀预期，仅仅催生了日元贬值预期。日元大幅贬值既对其他国家不公平，也是不可持续的。如果日元继续贬值，中国和韩国可能不得不对外汇市场实施干预，阻止本币升值。   （分享自 @FT中文网）			1667190344	00	0	1397721874564
1448968-	0		0	Sat Apr 23 09:20:45 +0800 2011			9533347618	9533347618				5598582835772119786	0			0	<a href=" rel="nofollow">微博 weibo.com</a>	�想有多大，未��展的�模就有多大；每一�段成�後，能�掉光�重新��一次，再拓展一次。只有�人的�限，�有出版的�限。			1667190344	00	0	1397721874564
1448969-	0		0	Sat Jul 23 12:41:22 +0800 2011			15098959262	15098959262				3338299482404830	0			0	<a href=" rel="nofollow">微博 weibo.com</a>	人�相混��， 科�家�言「噩�」。    Power By udn.com			1667190344	00	0	1397721874565
1448970-	0		1	Sat Oct 05 14:12:39 +0800 2013			3630044696517294	3630044696517294				3630044696517294	0		#	1	<a href=" rel="nofollow">新浪博客</a>	分享自俞晓群  《俞晓群：全集中的王云五（北京晨报）》 -         我看《王云五全集》后，写了一篇很长的文章，我觉得以往的许多疑问通过看这个全集后得到一个解说，我对他的评价...  (来自 @头条博客) -  			1667190344	00	0	1397721874565
1448971-	0		0	Sat Oct 19 12:29:13 +0800 2013			3635092087964089	3635092087964089				3635092087964089	0		#	0	<a href=" rel="nofollow">分享按钮</a>	【Gartner：未来十年数字革命十大预测】百道网   			1667190344	00	0	1397721874565
1448972-	0		0	Sat Jul 16 10:04:52 +0800 2011			14544739736	14544739736				3335723382753078	0			0	<a href=" rel="nofollow">微博 weibo.com</a>	10年前，在美�的高等教育界，����委外教�（outsourcing instruction），但�在��方式已在大�萌芽。教育部�子�引用「今日美�」的��，今年秋季密�里州立大���的「新��入�」，��由位於佛州的一所非�利新����集�「波因特�院」（Poynter Institute）提供，透��路授�。			1667190344	00	0	1397721874566
1448973-	0		1	Thu Aug 22 11:10:11 +0800 2013			3614053706674860	3614053706674860				3614053706674860	0			1	<a href=" rel="nofollow">微博 weibo.com</a>	//@俞晓群: [围观]			1667190344	00	3614046626570833	1397721874566
1448974-	0		1	Fri May 24 04:42:28 +0800 2013			3581341226766618	3581341226766618				3581341226766618	0		#	1	<a href=" rel="nofollow">分享按钮</a>	中国最美书店，藏身厦门老洋房-百道网 			1667190344	00	0	1397721874566
1448975-	0		3	Fri Apr 22 07:27:12 +0800 2011			9478370696	9478370696				5598182488986874447	0			2	<a href=" rel="nofollow">微博 weibo.com</a>	我���在�市，不��地，有一��始��著�架，�久不衰。仔�分析，可��於「�典」�「��典」，�乎都�於「公共�」，它�不受流行口味�化的影�，在�市角隅默默�立。它��量不大，但�久成多，收成�厚，反而�命百�，��型的�，我��之�「永不落架的�」。			1667190344	00	0	1397721874566
1448976-	0		0	Thu Jul 07 07:11:23 +0800 2011			13810493712	13810493712				5626380886148338286	0			0	<a href=" rel="nofollow">微博 weibo.com</a>	老人�家：老化可治 �命千�：（路透�敦5日�）倘若老人��家、「消弭老化工程策略」（SENS）基金�首席科�家葛雷（Aubreyde Grey）����，第1�能�150�生日的人已��生，而第1�能活到1000�的人，��在未�20年出生。			1667190344	00	0	1397721874567
1448977-	0		0	Tue Jan 28 06:02:44 +0800 2014			3671596005289721	3671596005289721				3671596005289721	0		#	0	<a href=" rel="nofollow">分享按钮</a>	【余桂林：辞书内容策划的“商务”之道――商务印书馆辞书内容策划案例分享】百道网   			1667190344	00	0	1397721874567
1448978-	0		1	Tue Nov 19 09:22:07 +0800 2013			3646279026072439	3646279026072439				3646279026072439	0			0	<a href=" rel="nofollow">微博 weibo.com</a>	��「��教育」越早越好，��童�期�始接�，更能耳濡目染、思考��，在美�像是Scratch和Blockly��用色彩，�程式����化的��，都�了要��童易於��，而�在更有�器人，能�五�以下幼�，�始接�「Code」(��)。			1667190344	00	3646277948255043	1397721874567
1448979-	0		0	Mon Jul 11 15:38:38 +0800 2011			14164454252	14164454252				5627995944161911171	0			1	<a href=" rel="nofollow">微博 weibo.com</a>	//@Xiang秀梁：转发微博			1667190344	00	13995326792	1397721874567
1448980-	0		1	Sun Sep 29 09:29:57 +0800 2013			3627799216855746	3627799216855746				3627799216855746	0		#	0	<a href=" rel="nofollow">FT中文网</a>	【书评：数字高速公路规则应该更新了】电子丝绸之路连接了全世界，推动了万里之遥的贸易，但这条道路的交通规则却依然匮乏且紊乱。钱德尔在其新书《电子丝绸之路：网络如何连接国际商务》中强调了更新“路规”的重要性。 （分享自 @FT中文网）  			1667190344	00	0	1397721874568
1448981-	0		1	Fri Aug 05 07:52:56 +0800 2011			3342937937892015	3342937937892015				3342937937892015	0			4	<a href=" rel="nofollow">微博 weibo.com</a>	科技��的「�利��」逐�升高，Google�深副�裁兼法���杜�蒙3日在部落格痛批�果、甲骨文、微�等公司利用「假�利」�Google的Android作�系���「�意、��化的��」。       Power By udn.com			1667190344	00	0	1397721874568
1448982-	0		0	Thu Nov 07 08:12:46 +0800 2013			3641912919478536	3641912919478536				3641912919478536	0			0	<a href=" rel="nofollow">微博 weibo.com</a>	【苦�十年不��售量考�，《人�》��宣布明年停刊】ETtoday 新�� 			1667190344	00	0	1397721874568
1448983-	0		0	Wed Jul 31 04:52:08 +0800 2013			3605986034080230	3605986034080230				3605986034080230	0		#	0	<a href=" rel="nofollow">分享按钮</a>	Udacity创始人：谈谈“在线教育”的未来-百道网   			1667190344	00	0	1397721874569
1448984-	0		0	Sat Dec 21 04:12:22 +0800 2013			3657797491663243	3657797491663243				3657797491663243	0		#	0	<a href=" rel="nofollow">百度分享</a>	【创新如何重塑中国互联网行业版图】福布斯中文网  			1667190344	00	0	1397721874569
1448985-	0		0	Sat Dec 21 04:28:38 +0800 2013			3657801580791386	3657801580791386				3657801580791386	0		#	0	<a href=" rel="nofollow">百度分享</a>	【余友涵：与商业划清界限的大师】福布斯中文网  			1667190344	00	0	1397721874569
1448986-	0		1	Sat Sep 14 10:33:20 +0800 2013			3622379349544557	3622379349544557				3622379349544557	0			1	<a href=" rel="nofollow">微博 weibo.com</a>	李肇星表示，�家�力的增�，可以自豪，但不能�傲。�到大�民�海外旅�表��，他�重心�地�，「每�人都是�家象徵」，即使出�旅�或移民，不管人在那�都不要忘了「中�人的身分」。他��，�家的�步和振�，�要靠�人素�的提升。			1667190344	00	3622378749318418	1397721874570
1448987-	1		0	Fri Apr 11 04:31:02 +0800 2014			3698027237774260	3698027237774260				3698027237774260	0		#	0	<a href=" rel="nofollow">分享按钮</a>	【朱璐谈《田野里的大师》：海豚社人文社科书的艺术雕琢】百道网  			1667190344	00	0	1397721874570
1448988-	0		0	Mon Aug 01 08:58:46 +0800 2011			15785472812	15785472812				3341504953961517	0			0	<a href=" rel="nofollow">微博 weibo.com</a>	《我是黎智英》：「��就要�一��未�完的故事，做出百分之一百的承�。��者是�作��故事的�魂，故此他一定要有��的�定�。世界上，���有由『委��』�造出�的成功事�。」			1667190344	00	0	1397721874570
1448989-	0		0	Fri Apr 22 07:20:39 +0800 2011			9478275620	9478275620				5598180801064702724	0			0	<a href=" rel="nofollow">微博 weibo.com</a>	抉�困惑：�星或流星？��「����」�是「����」？			1667190344	00	0	1397721874571
1448990-	0		0	Thu Feb 13 09:53:01 +0800 2014			3677452159595401	3677452159595401				3677452159595401	0		#	1	<a href=" rel="nofollow">华尔街日报中文版</a>	【如何提前35年退休？】对很多人来说，提前退休无异于痴心妄想。在这个访谈录中，一位个人理财博主介绍自己是如何在30岁就提前退休的。  			1667190344	00	0	1397721874571
1448991-	0		4	Mon Mar 24 04:51:35 +0800 2014			3691509428256687	3691509428256687				3691509428256687	0			0	<a href=" rel="nofollow">分享按钮</a>	【台�小�幸】�次年�最小的�者�峻清，就�高�大附中�中部的同�，他也是�立媒�《�道青年》的��?�，�藉著��路的��，他自己撰稿，自己拍照，自己排版�行，年�很�，非常不��?。/2013 TEDxYouth@Taipei/.  			1667190344	00	0	1397721874571
1448992-	1		0	Tue Apr 15 14:12:58 +0800 2014			3699623237817859	3699623237817859				3699623237817859	0		#	0	<a href=" rel="nofollow">分享按钮</a>	【每日一句�管理】「想像力比知�更重要。知�是有限的，但想像力�包含了一切。」――�因斯坦（Albert Einstein）  			1667190344	00	0	1397721874572
1448993-	1		1	Thu Aug 29 04:20:40 +0800 2013			3616487358802919	3616487358802919				3616487358802919	0			8	<a href=" rel="nofollow">微博 weibo.com</a>	那些年，����的詹宏志�定成�「自由提案��」。�流出版的「����店系列」、�可孛�的「探��旅行�典文�」，�些�炙人口的全套�典��，其企��想的�子就在此刻�生。�是一篇�述出版企�案的���程，字�不多，值得��。			1667190344	00	3616270924347345	1397721874572
1448994-	0		0	Wed Oct 02 14:03:09 +0800 2013			3628955133761973	3628955133761973				3628955133761973	0			0	<a href=" rel="nofollow">微博 weibo.com</a>	//@萧三郎: 参差计划真不错[嘻嘻] //@康夏Eric:很久没有分享书单啦，第一张书单超赞！最后一张书单，鹦鹉史航推荐了塞林格的《九故事》[心]，一下子更爱他了！ //@鹦鹉史航: 早知穷达有命，恨不早十年读书！			1667190344	00	3622568588186245	1397721874572
1448995-	0		1	Wed Sep 14 07:20:55 +0800 2011			3357425394988268	3357425394988268				3357425394988268	0		#	1	<a href=" rel="nofollow">分享按钮</a>	“内容为王”理念的颠覆与回归-百道网 			1667190344	00	0	1397721874573
1448996-	0		5	Wed Aug 24 07:15:46 +0800 2011			3349813955653831	3349813955653831				3349813955653831	0			6	<a href=" rel="nofollow">新浪博客</a>	发表了一篇转载博文 《[转载]谁是我们的导师？》 -  			1667190344	00	0	1397721874573
1448997-	0		0	Wed Jul 31 10:06:20 +0800 2013			3606065101390461	3606065101390461				3606065101390461	0		#	0	<a href=" rel="nofollow">分享按钮</a>	【真正的�人，是茁�後的自己──LINE突破2�用�後的挑�】  			1667190344	00	0	1397721874573
1448998-	1		0	Mon Apr 07 17:26:28 +0800 2014			3696772835095294	3696772835095294				3696772835095294	0		#	1	<a href=" rel="nofollow">分享按钮</a>	【每日一句�管理】「看看�任（Responsibility）��字，回�（Response）－能力（ability），也就是��回�的能力。」史蒂芬?柯�  			1667190344	00	0	1397721874574
1448999-	0		5	Fri May 27 15:12:39 +0800 2011			11284397781	11284397781				2111105272684079	0			3	<a href=" rel="nofollow">新浪博客</a>	���，真正好的��如�毛麟角，少�；�介易，有特色就可推而�之。我���������，其中�辛略知一二。所以，後期我�想推�「����」而不是����（... ――看到萧三郎的博文《[转载]��人：���作可以�家糊口�？》有感而发的评论。			1667190344	00	0	1397721874574
1449000-	0		1	Mon Mar 31 05:01:01 +0800 2014			3694048521111060	3694048521111060				3694048521111060	0		#	1	<a href=" rel="nofollow">福布斯中文网</a>	【法语将成为未来世界的主导语言？】（分享自 @福布斯中文网）  			1667190344	00	0	1397721874574
1449001-	0		0	Thu Jul 21 08:55:20 +0800 2011			14916871539	14916871539				3337517823377474	0			1	<a href=" rel="nofollow">微博 weibo.com</a>	�者�宛茜／香港��：「粉��象是邪教，作家是���色的教主，粉��是得到�假安慰的教徒。」北���批判��、微博�作家造成的「粉��象」。他指出，�文��入「��化�代」，作家不再���者，��了迎合�者降低文化和�言水�。    Power By udn.com			1667190344	00	0	1397721874575
1449002-	0		2	Sat Jun 18 05:12:56 +0800 2011			12553045290	12553045290				5619299743495669132	0			4	<a href=" rel="nofollow">微博 weibo.com</a>	不少人�猜�琳的新作是什�，有人猜是各界期待已久的哈利波特百科全�，有人猜是�上角色扮演��，有人猜是「巨大的主�公�」。有�哈利波特迷�站的成�自�已先睹�快，但神秘兮兮，只�：「一言以蔽之，令人摒息」。			1667190344	00	0	1397721874575
1449003-	0		0	Thu Apr 10 05:03:35 +0800 2014			3697673041773991	3697673041773991				3697673041773991	0		#	0	<a href=" rel="nofollow">FT中文网</a>	【即将到来的美中冲突？】北京改革和发展研究会理事邓聿文：近日美中关系火药味十足。美方处处围堵中国，是为奥巴马出访亚洲盟国造势，还是反映出它更深层更长远的外交战略选择？ （分享自 @FT中文网）  			1667190344	00	0	1397721874575
1449004-	0		0	Sun Jun 19 12:40:35 +0800 2011			12618229763	12618229763				2111106192126345	0		#	0	<a href=" rel="nofollow">新浪博客</a>	发表了一篇转载博文 《[转载]he puts color inside my life》 -  			1667190344	00	0	1397721874575
1449005-	0		0	Mon Jun 13 09:36:09 +0800 2011			12228097472	12228097472				5617512148047544275	0			1	<a href=" rel="nofollow">微博 weibo.com</a>	王文�：�人潮���很重要，所以�家��要累�人�，於是同��汲汲��地�名片、攀��。但「名片」不等於「人�」。那些真正值得��的人，都跟J. K. �琳一�，知道如何清掉生活中不重要的事和人。所以累�人�，不是逢迎拍�，而是真�以�。重要的不是你��多少人，而是你怎��待他�。			1667190344	00	0	1397721874576
1449006-	1		0	Thu Apr 10 04:59:20 +0800 2014			3697671972056516	3697671972056516				3697671972056516	0		#	0	<a href=" rel="nofollow">分享按钮</a>	【种类vs数量：数字出版时代的平衡术】百道网   			1667190344	00	0	1397721874576
1449007-	0		0	Thu May 30 04:48:13 +0800 2013			3583516996682454	3583516996682454				3583516996682454	0		#	0	<a href=" rel="nofollow">分享按钮</a>	出版商需要聘请专家来解决大数据问题吗？-百道网 			1667190344	00	0	1397721874576
1449008-	0		0	Tue Dec 31 08:27:39 +0800 2013			3661485614277787	3661485614277787				3661485614277787	0		#	0	<a href=" rel="nofollow">分享按钮</a>	【Amazon �推「�限量�����子�籍」服�】  			1667190344	00	0	1397721874577
1449009-	1		1	Tue Jun 04 06:25:55 +0800 2013			3585353523064297	3585353523064297				3585353523064297	0		#	5	<a href=" rel="nofollow">分享按钮</a>	郝明义：台湾阅读两极化严重中型畅销书已经消失-百道网 			1667190344	00	0	1397721874577
1449010-	0		0	Thu Jun 30 07:15:28 +0800 2011			13291932578	13291932578				5623784342194076018	0			0	<a href=" rel="nofollow">微博 weibo.com</a>	Google+的使用者可�自己的朋友、家人或同事等�分成不同群�，��某些群�分享某些�息。另外，Google+�包括Sparks 和Hangouts等功能。使用者可利用Sparks�集自己喜�的影片及文章，Hangouts�提供多人��聊天服�。			1667190344	00	0	1397721874577
1449011-	0		0	Wed Jul 06 15:55:06 +0800 2011			13765172546	13765172546				5626144761717965677	0			0	<a href=" rel="nofollow">微博 weibo.com</a>	英核能大�� 砸2.3兆建8新�： 德���通��核，�大利公投否�重�核�，英���抱核�。能源部�高呼要�英�成�投�新核�的「第一大�」，�向1950年代以�最大的「核能��」。    Power By udn.com			1667190344	00	0	1397721874578
1449012-	0		0	Mon Aug 29 07:37:53 +0800 2011			3351631459277023	3351631459277023				3351631459277023	0			0	<a href=" rel="nofollow">微博 weibo.com</a>	丹�瑞典／真人��� 借人，不借�。  Power By udn.com			1667190344	00	0	1397721874578
1449013-	0		1	Sat Mar 29 05:16:31 +0800 2014			3693327642247849	3693327642247849				3693327642247849	0			2	<a href=" rel="nofollow">分享按钮</a>	【周博：从《植物知道生命的答案》体验植物的真善美】百道网   			1667190344	00	0	1397721874578
1449014-	0		1	Thu Aug 25 08:31:23 +0800 2011			3350195373153041	3350195373153041				3350195373153041	0			3	<a href=" rel="nofollow">新浪博客</a>	发表了一篇转载博文 《[转载]编辑：人生的选择》 -  			1667190344	00	0	1397721874578
1449015-	0		1	Tue Sep 03 08:45:02 +0800 2013			3618365828609869	3618365828609869				3618365828609869	0		#	1	<a href=" rel="nofollow">华尔街日报中文版</a>	【投资大师芒格给散户投资者的启示】华尔街日报  			1667190344	00	0	1397721874579
1449016-	0		0	Thu Feb 13 05:21:05 +0800 2014			3677383725408750	3677383725408750				3677383725408750	0			0	<a href=" rel="nofollow">分享按钮</a>	【国家出版基金：为了文化的尊严】百道网   			1667190344	00	0	1397721874579
1449017-	0		0	Sun May 26 14:02:47 +0800 2013			3582207006061240	3582207006061240				3582207006061240	0			0	<a href=" rel="nofollow">新浪博客</a>	发表了博文 《002 �兔之�──《��力初探1.0》��/我的足�》 - 002 �兔之� ──《��力初探1.0》��/我的足�／iTips/���上「小打小�」的工作小�幸 1.   ��兔子 			1667190344	00	0	1397721874579
1449018-	0		1	Fri Jul 08 08:24:39 +0800 2011			13896655472	13896655472				5626770851989968982	0			1	<a href=" rel="nofollow">微博 weibo.com</a>	�卡索不「��」�「叛道」，常��典另�蹊�以和大���，展品「仿勒南受洗���」、「仿��草地上的野餐」�旁增加原作�版，更能�照出�者之�。��有感而�，�卡索的�作正是「不破不立」，「我���多�摹『富春山居�』或范�、郭熙等中���史的�典，解�古典、再�新，才是�代！」			1667190344	00	0	1397721874579
1449019-	0		2	Tue Jul 16 10:18:19 +0800 2013			3600632298283879	3600632298283879				3600632298283879	0			5	<a href=" rel="nofollow">微博 weibo.com</a>	詹宏志：＜美好的��之地＞。			1667190344	00	0	1397721874580
1449020-	0		0	Wed Sep 25 05:53:29 +0800 2013			3626295189889943	3626295189889943				3626295189889943	0		#	1	<a href=" rel="nofollow">FT中文网</a>	【中国转型需要思想市场】天津财经大学教授李炜光：中国人的效率并不低，但在市场的创新方面却乏善可陈，说明中国的体制有缺陷。问题就在于没有思想市场存在，这恰恰是改革多年所忽略的。 （分享自 @FT中文网）  			1667190344	00	0	1397721874580
1449021-	2		0	Fri Sep 27 08:40:21 +0800 2013			3627061958957803	3627061958957803				3627061958957803	0		#	2	<a href=" rel="nofollow">FT中文网</a>	【上海自贸区：改革试验场】上海出现了“自贸区效应”：周边房产热卖，沪企股价飙升。但上海自贸区究竟意味着什么？最初地方官员仅把它视为一个有利于物流行业的项目，但如今人们渐渐悟出，原来这里是总理李克强选择的金融改革试验场。 （分享自 @FT中文网）  			1667190344	00	0	1397721874580
1449022-	0		1	Wed Aug 17 08:12:42 +0800 2011			3347291566568440	3347291566568440				3347291566568440	0			2	<a href=" rel="nofollow">微博 weibo.com</a>	Yahoo!奇摩宣��在年底之前��新版出版平台 (Yahoo! Publishing Platform)，除了提�其�容管理�便度外，也�使合作夥伴能有更多元�用，同�未��配合�端�算概念，提供不同�友在��Yahoo!奇摩�面�都能��不一�的�喜，同�更符合�人所需，也�著重社群的�用。 			1667190344	00	0	1397721874581
1449023-	0		0	Mon Apr 14 04:36:42 +0800 2014			3699115831533798	3699115831533798				3699115831533798	0			0	<a href=" rel="nofollow">财新网</a>	财新网?文化【仇富、羡富与拒富――《红与黑》中的于连】那一枪彻底消灭了于连想飞黄腾达的野心，因此他也就大彻大悟了。 			1667190344	00	0	1397721874581
1449024-	0		0	Sat Jan 11 05:30:05 +0800 2014			3665427190518781	3665427190518781				3665427190518781	0			1	<a href=" rel="nofollow">分享按钮</a>	【从九个方面看2014出版业动向】百道网   			1667190344	00	0	1397721874581
1449025-	0		2	Tue May 10 08:01:33 +0800 2011			10388647269	10388647269				5604870873870979467	0			2	<a href=" rel="nofollow">微博 weibo.com</a>	台�的���明了�文����片，�非票房毒�！「他�在���作－文�大�系列�影」以6位文�大���材、不但在商�院�上映，更���的�位�演感�，至今系列�影的�票房於上周末�破新台�300�元大�，且其中《�地》、《化城再�人》、《�找背海的人》3部片入�本�台北�影����元。			1667190344	00	0	1397721874582
1449026-	0		0	Sun Jul 17 10:50:14 +0800 2011			14614690890	14614690890				3336097187455050	0			0	<a href=" rel="nofollow">微博 weibo.com</a>	生物�林匹�，台��4金，世界第二。    Power By udn.com			1667190344	00	0	1397721874582
1449027-	0		0	Fri Dec 27 10:22:59 +0800 2013			3660065083175106	3660065083175106				3660065083175106	0			1	<a href=" rel="nofollow">FT中文网</a>	【日本精英女性的平衡术】日本以男性主导、极为传统的企业文化，是女性产后重返工作率低的重要原因。但其中还是出现了一些兼顾工作与家庭的佼佼者。在日本劳动人口萎缩之时，开发女性群体的巨大潜力，已成为共识。 （分享自 @FT中文网）  			1667190344	00	0	1397721874582
1449028-	0		0	Wed Sep 18 14:37:04 +0800 2013			3623890238593950	3623890238593950				3623890238593950	0			0	<a href=" rel="nofollow">华尔街日报中文版</a>	【新iPhone“触动”新感觉】华尔街日报  			1667190344	00	0	1397721874583
1449029-	0		1	Mon May 23 05:37:59 +0800 2011			11055724560	11055724560				5609657984292118506	0			1	<a href=" rel="nofollow">微博 weibo.com</a>	�新�用的�估重�，在於有�有解�我�生活中什��的��？如何解�？解�的成本，回�客比率又是多少？新技��展需要��培�，但新服���用，很多在��第一天就�定��。�酷的原因是社��步很快，一��意或�用�到市�能否�芽，半年很快就可以看到�果，如��、��、�位像框等。			1667190344	00	0	1397721874583
1449030-	0		0	Tue Aug 27 03:43:32 +0800 2013			3615753238702772	3615753238702772				3615753238702772	0		#	0	<a href=" rel="nofollow">分享按钮</a>	如何培养客户忠诚？你要的不是会员，而是粉丝！-百道网   			1667190344	00	0	1397721874583
1449031-	0		1	Mon Mar 31 05:01:01 +0800 2014			3694048521111060	3694048521111060				3694048521111060	0		#	1	<a href=" rel="nofollow">福布斯中文网</a>	【法语将成为未来世界的主导语言？】（分享自 @福布斯中文网）  			1667190344	00	0	1397721874583
1449032-	0		0	Fri Jun 10 07:20:50 +0800 2011			12056240708	12056240708				5616364021683146296	0			1	<a href=" rel="nofollow">微博 weibo.com</a>	�念�吉他之父， Google���吉他。			1667190344	00	0	1397721874584
1449033-	0		0	Mon Jul 01 10:31:15 +0800 2013			3595199735766142	3595199735766142				3595199735766142	0			0	<a href=" rel="nofollow">分享按钮</a>	�芮＜酒矸倘��＞／我心�的歌曲／ 			1667190344	00	0	1397721874584
1449034-	0		1	Fri Sep 02 08:12:20 +0800 2011			3353089680246962	3353089680246962				3353089680246962	0		#	1	<a href=" rel="nofollow">分享按钮</a>	《论中国》：像基辛格一样亲近中国-百道网 			1667190344	00	0	1397721874584
1449035-	0		0	Tue Mar 04 04:21:44 +0800 2014			3684254158772975	3684254158772975				3684254158772975	0		#	0	<a href=" rel="nofollow">分享按钮</a>	【教育业，逃不过互联网思维侵蚀】百道网   			1667190344	00	0	1397721874584
1449036-	0		1	Thu Jul 21 08:44:58 +0800 2011			14916228431	14916228431				3337515214433145	0			4	<a href=" rel="nofollow">微博 weibo.com</a>	【�合���者胡宗�／高雄��】 「享趣高雄」中文��版旅���昨天亮相，不��本�在台��不到。高雄市新�局��瑞隆�，此�只在大�十一�城市上架，目的是吸引「自由行」的大��客，�高雄列��台旅�的「首�」。    Power By udn.com			1667190344	00	0	1397721874585
1449037-	0		0	Wed Mar 19 05:07:46 +0800 2014			3689701561576539	3689701561576539				3689701561576539	0		#	0	<a href=" rel="nofollow">分享按钮</a>	【王为松：《逍遥游――庄子传》】百道网   			1667190344	00	0	1397721874585
1449038-	0		0	Tue Jun 14 05:21:20 +0800 2011			12280651030	12280651030				5617817567466812783	0			1	<a href=" rel="nofollow">微博 weibo.com</a>	��大�教授�比尼（Nouriel Noubini）警告，美��政危�、中���降�、�洲��重整和日本��成�停�可能合而�一，在2013年掀起一波足以��全球��的「完美�暴」。			1667190344	00	0	1397721874585
1449039-	0		1	Sat Aug 03 03:49:38 +0800 2013			3607057464920362	3607057464920362				3607057464920362	0		#	2	<a href=" rel="nofollow">分享按钮</a>	张辛欣：数字出版让我的出版更痛楚，更精彩-百道网   			1667190344	00	0	1397721874586
1449040-	0		0	Wed May 25 07:13:01 +0800 2011			11167836382	11167836382				5610424644556848887	0			0	<a href=" rel="nofollow">微博 weibo.com</a>	谷歌首席执行官埃里克?施密特：失业问题确实是一个根本性的问题，因为一个不能创造新的就业机会――尤其是为年轻人――的国家，实质上将会走向衰亡。我非常、非常关心美国的就业问题。			1667190344	00	0	1397721874586
1449041-	0		0	Wed Jan 22 05:58:57 +0800 2014			3669420721612147	3669420721612147				3669420721612147	0			0	<a href=" rel="nofollow">分享按钮</a>	【如何让图书见光，读者如何发现更多的好书――DBW世界电子书大会系列报道之六】百道网   			1667190344	00	0	1397721874586
1449042-	1		0	Fri Aug 23 09:34:42 +0800 2013			3614392065271118	3614392065271118				3614392065271118	0			0	<a href=" rel="nofollow">微博 weibo.com</a>	//@范庭略: @兔子老愚 犀利。 //@我是龚容://@liyaduofu: @绿豆-百合 @巴萨的晨耕暮读 //@疏勒盐: 真是刀笔！			1667190344	00	3614258451197546	1397721874586
1449043-	0		0	Wed Jun 19 16:49:40 +0800 2013			3590946316929336	3590946316929336				3590946316929336	0			1	<a href=" rel="nofollow">分享按钮</a>	武明-《�我想你的�候》／我心�的歌曲之一／			1667190344	00	0	1397721874587
1449044-	0		1	Fri Nov 01 09:13:29 +0800 2013			3639753876084091	3639753876084091				3639753876084091	0			1	<a href=" rel="nofollow">华尔街日报中文版</a>	【私人博物馆诠释下的中国文化繁荣】 房地产开发商陆军耗资1.64亿美元的一项艺术与建筑项目即将与公众见面，项目包括11座国际知名建筑师设计的建筑，其核心是四方美术馆。在中国，富豪纷纷兴建私人博物馆正在支撑起一场重要的文化繁荣。  			1667190344	00	0	1397721874587
1449045-	0		0	Tue Mar 25 10:11:57 +0800 2014			3691952438763868	3691952438763868				3691952438763868	0			0	<a href=" rel="nofollow">FT中文网</a>	【台湾驱散反两岸贸易协定抗议者】冲突造成数十人被捕，抗议者担心降低服务业贸易壁垒将让北京加强对台湾的控制 （分享自 @FT中文网）  			1667190344	00	0	1397721874587
1449046-	0		0	Wed Feb 26 10:02:48 +0800 2014			3682165668073188	3682165668073188				3682165668073188	0		#	0	<a href=" rel="nofollow">FT中文网</a>	【比特币遭遇空前危机】历史最悠久、最著名的比特币交易所Mt Gox周二突然删除其推特历史记录，随后将其网站与互联网切断。该交易平台的客户担心，损失的比特币价值高达4亿美元。这也令比特币这一新生虚拟货币遭遇问世以来最大信心考验。 （分享自 @FT中文网）  			1667190344	00	0	1397721874588
1449047-	0		2	Tue Aug 27 08:06:43 +0800 2013			3615819470390438	3615819470390438				3615819470390438	0			3	<a href=" rel="nofollow">微博 weibo.com</a>	【平板NOOK大�，邦��子�停止生�】  …			1667190344	00	0	1397721874588
1449048-	0		0	Sat Jul 02 11:36:22 +0800 2011			13452018274	13452018274				5624593745957447196	0			1	<a href=" rel="nofollow">微博 weibo.com</a>	根�Google官方在部落格中所透露，近期������Gmail介面作�整，目前在Gmail�定�目�的主���中也可以看�除了追加一些新的�景�容外，後方�多了����版本，��安�之後即可��行的Gmail�格�得�似�行Google首��格。     Power By udn.com			1667190344	00	0	1397721874588
1449049-	0		2	Tue Aug 30 11:21:27 +0800 2011			3352050109535203	3352050109535203				3352050109535203	0			2	<a href=" rel="nofollow">分享按钮</a>	图书何去何从？让历史告诉未来――书业百科全书作者帕斯卡?福切访谈-百道网 			1667190344	00	0	1397721874588
1449050-	0		0	Tue May 07 10:08:20 +0800 2013			3575262639911969	3575262639911969				3575262639911969	0		#	0	<a href=" rel="nofollow">FT中文网</a>	【如何识别社会的好坏？】中国天则经济研究所茅于轼：在政治领域，人们未必知道自己的利益在哪里。社会确有好坏之分，有一批人专门把坏社会打扮成好社会，所以我们首先需要识别社会的好坏。   （分享自 @FT中文网）			1667190344	00	0	1397721874589
1449051-	0		5	Sat Jul 20 04:08:52 +0800 2013			3601988879131819	3601988879131819				3601988879131819	0		#	10	<a href=" rel="nofollow">分享按钮</a>	当今出版业最大的问题是好书被埋没三流图书大行于世-百道网 			1667190344	00	0	1397721874589
1449052-	0		4	Thu Jul 11 04:22:20 +0800 2013			3598730777372806	3598730777372806				3598730777372806	0		#	3	<a href=" rel="nofollow">FT中文网</a>	【50 Ideas：互联网】最初，互联网主要被视为一种新的、低成本的、帮助现有企业联系其客户的渠道。但没过多久，互联网的“破坏力”便显现出来。   （分享自 @FT中文网）			1667190344	00	0	1397721874589
1449053-	0		0	Thu May 23 14:07:05 +0800 2013			3581120924779912	3581120924779912				3581120924779912	0			0	<a href=" rel="nofollow">微博 weibo.com</a>	休�fun台中��地�App，�迎下�。			1667190344	00	0	1397721874589
1449054-	0		0	Sat Aug 27 07:26:13 +0800 2011			3350903747407828	3350903747407828				3350903747407828	0			0	<a href=" rel="nofollow">FT中文网</a>	印度基础教育不振 - FT中文网#s=p#s=p#s=p   （分享自 @FT中文网）			1667190344	00	0	1397721874590
1449055-	0		1	Mon Nov 11 17:07:42 +0800 2013			3643497091464370	3643497091464370				3643497091464370	0		#	1	<a href=" rel="nofollow">分享按钮</a>	【龙舍出版社：一个德国人的中国出版梦】百道网   			1667190344	00	0	1397721874590
1449056-	0		0	Mon Jul 18 07:25:07 +0800 2011			14675069152	14675069152				3336407955803387	0			5	<a href=" rel="nofollow">微博 weibo.com</a>	徐子�常��，���是��。 家住彰化�大村�的徐子�，昨天取得��物理��全球第一的殊�，他是怎��到的？�任�小老�的徐���，�小培�����，�徐子�不��什�都事半功倍。       Power By udn.com			1667190344	00	0	1397721874590
1449057-	0		0	Fri Feb 28 05:38:58 +0800 2014			3682824043478300	3682824043478300				3682824043478300	0		#	0	<a href=" rel="nofollow">分享按钮</a>	【洛夫：台湾现代诗的“创世纪”】百道网   			1667190344	00	0	1397721874591
1449058-	0		2	Tue Jul 05 17:04:56 +0800 2011			13693253384	13693253384				5625791672469024762	0			2	<a href=" rel="nofollow">微博 weibo.com</a>	大前研一�，房�正常值��是普通受薪��年收入十到十五倍，如果房�一直上�，�有人永��不起房子；��不起房子的人越�越多，�富差距就�不��大，「那就不只是����，而是社���了」。			1667190344	00	0	1397721874591
1449059-	0		0	Fri Jun 07 08:35:59 +0800 2013			3586473418962301	3586473418962301				3586473418962301	0		#	0	<a href=" rel="nofollow">分享按钮</a>	可汗学院下一步将推出更好的学习诊断方法-百道网 			1667190344	00	0	1397721874591
1449060-	0		1	Mon Aug 29 07:40:51 +0800 2011			3351632205874320	3351632205874320				3351632205874320	0			1	<a href=" rel="nofollow">微博 weibo.com</a>	�格�塔�，�你跟真人�面�面坐下，�出所有平日看不�、不易��的��，聆�答案，理解�方的�特及想法，你也就��了一�人的人生。最好 在��之後，有一部分的你因此改�，�世界的偏��歧��度也跟著稀�。��深具�意的「出借偏�」��，是由卅分��程之外的丹�哥本哈根跨海而�。			1667190344	00	0	1397721874592
1449061-	0		3	Mon Aug 29 07:41:24 +0800 2011			3351632344288528	3351632344288528				3351632344288528	0			0	<a href=" rel="nofollow">微博 weibo.com</a>	「真人���（the Human Library）」���部位於哥本哈根，是由丹�人�尼?艾柏格�四�朋友��。			1667190344	00	0	1397721874592
1449062-	0		1	Tue Nov 26 05:08:34 +0800 2013			3648751933683775	3648751933683775				3648751933683775	0		#	2	<a href=" rel="nofollow">新浪科技</a>	【《第一财经周刊》封面文章：亚马逊式创新 】（分享自 @新浪科技）  			1667190344	00	0	1397721874592
1449063-	1		0	Mon Mar 31 08:54:57 +0800 2014			3694107392656517	3694107392656517				3694107392656517	0		#	0	<a href=" rel="nofollow">FT中文网</a>	【台湾是面破碎的镜子】FT中文网特约撰稿人郑东阳：台湾虽然没有左翼政党，却在民粹化，而大陆因素让民粹派看起来更有道德优势。台湾内部对任何公共政策都有分歧，不仅仅是两岸议题。 （分享自 @FT中文网）  			1667190344	00	0	1397721874593
1449064-	0		0	Fri Apr 22 07:36:04 +0800 2011			9478509628	9478509628				5598184773909511468	0			0	<a href=" rel="nofollow">微博 weibo.com</a>	我的��心法是「做�人忽略做的、做�人不敢做的、做�人不能做的、做�人已�做而做不好的」，恰巧和流行��髦格格不入。�由�系（利基）的�生，替「����」拓展出�大的空域，�缺��成��；也�中����概念、���域、���系、��作家，所有想法像麻花��，�分彼此了。			1667190344	00	0	1397721874593
1449065-	0		0	Thu Jul 14 10:20:50 +0800 2011			14384828400	14384828400				5629027303247064188	0			0	<a href=" rel="nofollow">微博 weibo.com</a>	�果控�宏��侵�初判�果15日出�，宏��董事�王雪�日前接受大�中央��台���表示，「宏��是一�非常注重�利的公司，非常注重�新，我�得我���果一�，我�都有很多的�利。」    Power By udn.com			1667190344	00	0	1397721874593
1449066-	0		0	Wed Mar 19 05:07:46 +0800 2014			3689701561576539	3689701561576539				3689701561576539	0		#	0	<a href=" rel="nofollow">分享按钮</a>	【王为松：《逍遥游――庄子传》】百道网   			1667190344	00	0	1397721874594
1449067-	0		1	Tue Jul 16 10:27:28 +0800 2013			3600634609231652	3600634609231652				3600634609231652	0			2	<a href=" rel="nofollow">微博 weibo.com</a>	詹宏志�：「在出版或一切�播�容�件事上，『�放』才是台�的力量。」詹宏志此文�得�好，�那些�「服�」抓狂的出版�者上了一�，可惜《壹�刊》网站把它弄成付���，加了一�限制。			1667190344	00	3600632298283879	1397721874594
1449068-	0		0	Sat Jun 11 09:11:17 +0800 2011			12104543300	12104543300				5616763569606800198	0			1	<a href=" rel="nofollow">微博 weibo.com</a>	植物文��探潘富俊 破����案。			1667190344	00	0	1397721874594
1449069-	0		1	Wed Dec 04 04:35:33 +0800 2013			3651642728026282	3651642728026282				3651642728026282	0		#	1	<a href=" rel="nofollow">分享按钮</a>	【韩东：当代中国诗歌成就了得诗人不该被调侃】百道网   			1667190344	00	0	1397721874594
1449070-	0		0	Fri Feb 21 16:54:04 +0800 2014			3680457223252810	3680457223252810				3680457223252810	0		#	0	<a href=" rel="nofollow">分享按钮</a>	【每日一句�管理】「生命中�多失�，都是人�不知道放��，他��成功有多近。」――��斯?�迪生，�明家  			1667190344	00	0	1397721874595
1449071-	0		0	Thu Apr 03 03:53:48 +0800 2014			3695118765006811	3695118765006811				3695118765006811	0		#	0	<a href=" rel="nofollow">福布斯中文网</a>	【 关于红杉资本，你或许还不知道的故事 】（分享自 @福布斯中文网）  			1667190344	00	0	1397721874595
1449072-	0		0	Fri Apr 22 07:37:00 +0800 2011			9478525040	9478525040				5598185014427683996	0			1	<a href=" rel="nofollow">微博 weibo.com</a>	作家�芳明有句�，直�到我心坎�，他��「��情��的�有��手段，�非是����。��可以�造凝固的空�，抵住水流般不�消逝的��。」			1667190344	00	0	1397721874595
1449073-	0		0	Tue Feb 11 05:20:43 +0800 2014			3676658861417237	3676658861417237				3676658861417237	0		#	0	<a href=" rel="nofollow">分享按钮</a>	【钱谷融：实在不喜欢现当代文学，最爱的却是魏晋文学】百道网   			1667190344	00	0	1397721874596
1449074-	0		0	Fri Jan 03 08:06:23 +0800 2014			3662567421799473	3662567421799473				3662567421799473	0		#	0	<a href=" rel="nofollow">百度分享</a>	【斯坦福商学院：教你如何收购企业】福布斯中文网  			1667190344	00	0	1397721874596
1449075-	0		0	Wed Mar 19 05:30:00 +0800 2014			3689707156717751	3689707156717751				3689707156717751	0			0	<a href=" rel="nofollow">百度分享</a>	【盛大想私了】如果私有化，就要找个低点，花最少的钱，把股权买回来。2011年几个月以来做空中国概念股美国市场研究机构Muddy　Waters　research给陈天桥创造了绝好的时机。事实上，善于长期布局的陈天桥早就在持续回购自己的股份。福布斯中文网  			1667190344	00	0	1397721874596
1449076-	0		0	Tue Aug 23 07:40:12 +0800 2011			3349457715302766	3349457715302766				3349457715302766	0			0	<a href=" rel="nofollow">FT中文网</a>	日本人怎样看二战？ - FT中文网   （分享自 @FT中文网）			1667190344	00	0	1397721874597
1449077-	0		0	Mon Jun 13 09:31:18 +0800 2011			12227847548	12227847548				5617510898211991615	0			0	<a href=" rel="nofollow">微博 weibo.com</a>	推荐：王文�：＜�再祝他��程�里＞			1667190344	00	0	1397721874597
1449078-	0		0	Fri Jul 12 09:40:02 +0800 2013			3599173117173207	3599173117173207				3599173117173207	0		#	1	<a href=" rel="nofollow">分享按钮</a>	任天堂「�白�之父」���者的忠告：「大量玩耍，才能造就�典。」今年70�的上村雅�：「�在的年�人因�生活�渥，所以�有太多欲望去探究事物的本�。」			1667190344	00	0	1397721874597
1449079-	0		2	Wed Jul 27 07:57:05 +0800 2011			15422374246	15422374246				3339677491405670	0			4	<a href=" rel="nofollow">微博 weibo.com</a>	《我是黎智英》：「系�是�化之源。」			1667190344	00	0	1397721874597
1449080-	2		0	Mon Feb 17 12:34:50 +0800 2014			3678942437700994	3678942437700994				3678942437700994	0		#	0	<a href=" rel="nofollow">华尔街日报中文版</a>	【理发店不会告诉你的10件事】 做头发时客人往往会和发型师相谈甚欢，有时甚至会分享自己的情感故事，但发型师们可不会轻易透露店里的秘密。本文为你揭晓理发店不会告诉客人的10件事。  			1667190344	00	0	1397721874598
1449081-	0		1	Thu Jun 30 07:18:00 +0800 2011			13291982092	13291982092				5623784995029118817	0			0	<a href=" rel="nofollow">微博 weibo.com</a>	世上真有如此幸�的人! 英�一名�女因病被迫放�工作，但自去年十月起，她�加�上有�益智和填字��竟然天天都中�，至今已�得�以百�的�物，令她生活�虞，堪�全英�最幸�的女人。        Power By udn.com			1667190344	00	0	1397721874598
1449082-	0		0	Mon Aug 22 08:28:45 +0800 2011			3349107547011490	3349107547011490				3349107547011490	0			0	<a href=" rel="nofollow">新浪博客</a>	发表了一篇转载博文 《[转载]64首钢琴经典纯音乐！【视听精品】》 -  			1667190344	00	0	1397721874598
1449083-	0		4	Mon Jul 25 07:51:33 +0800 2011			15237303930	15237303930				3338951323274070	0			7	<a href=" rel="nofollow">微博 weibo.com</a>	�起事件�生在�尼拉�往宿�（Cebu）的班�上，��媒���的中�籍旅客因高�喧�，�持�影�到�拍�其他旅客，遭前座的菲���姊夫克�斯（Eldon Cruz）制止，�他���交�，且�影�不要�晃，以免撞到�人。其中�人竟老羞成怒，揪住克�斯的衣�，作�要打他，幸好被空服�及�架�。			1667190344	00	0	1397721874599
1449084-	0		0	Thu Apr 17 13:44:11 +0800 2014			3700340769798768	3700340769798768				3700340769798768	0		#	0	<a href=" rel="nofollow">分享按钮</a>	50��明人坐在一起，是世界上最痛苦的事情。  			1667190344	00	0	1397721874599
1449085-	0		0	Tue Jun 25 05:30:13 +0800 2013			3592949651063236	3592949651063236				3592949651063236	0		#	4	<a href=" rel="nofollow">加网分享按钮</a>	「中国新闻出版网」石匠的故事与编辑成长路径――也谈青年编辑如何在实践中成才 作者：贾贺        来源：中国新闻出版报        时间：2013-3-11 10:53:12  			1667190344	00	0	1397721874599
1449086-	0		0	Sat Jul 16 10:41:36 +0800 2011			14546849430	14546849430				3335732627037755	0			0	<a href=" rel="nofollow">微博 weibo.com</a>	�邦媛： 理智地��，我�生不能了解，人�人之�，���之�，怎��有那�持久的，不停歇的�害？日本�中�的侵略，不�造成�年那�千�人的死亡，也造成了至今仍有�百�人，漂泊��，至今�代不能回�故�。			1667190344	00	0	1397721874600
1449087-	0		1	Fri Jun 24 07:30:12 +0800 2011			12866823800	12866823800				5621561627894914018	0			0	<a href=" rel="nofollow">微博 weibo.com</a>	�琳�在廿三日中午�自�表新�站。她在�站上放了一段��的��，感�波特迷的支持，至今她仍收到�多�迷�信，��有必要成立一��粉�交流的�地，因此有架��站的想法。			1667190344	00	0	1397721874600
1449088-	0		0	Thu Jul 25 05:46:48 +0800 2013			3603825464265471	3603825464265471				3603825464265471	0		#	0	<a href=" rel="nofollow">FT中文网</a>	【天则二十年】天则经济研究所茅于轼：天则所的过去二十年也是中国经济快速增长的二十年。在这一过程中，天则所并不是旁观者，而是尽全力在推进这个过程。   （分享自 @FT中文网）			1667190344	00	0	1397721874600
1449089-	0		0	Thu May 30 05:02:41 +0800 2013			3583520641331403	3583520641331403				3583520641331403	0			0	<a href=" rel="nofollow">微博 weibo.com</a>	【每日一句�管理】美��志大�拿破�?希�（Napoleon Hill）：「如果你�法做大事，就用做大事的�度完成小事。」			1667190344	00	0	1397721874600
1449090-	0		0	Sat Jul 16 09:44:28 +0800 2011			14543641204	14543641204				3335718248764931	0			0	<a href=" rel="nofollow">微博 weibo.com</a>	311大地震�日本全�的�泉�生�化，�多�泉地突然�不出�泉，客人不再上�，也有的�泉�透明�成乳白色，反而招�更多的泡�客。 全文�址: 地震影� 日本各地�泉突� | ���象 | 全球�察 | �合新��   Power By udn.com			1667190344	00	0	1397721874601
1449091-	0		0	Mon May 23 07:48:34 +0800 2011			11057114668	11057114668				5609691635361202546	0			1	<a href=" rel="nofollow">微博 weibo.com</a>	��?�柯布：一旦你�始用 Kindle �一本�，它使用的技��生了一��性，�你很容易一路�下去，不去做�的事。Kindle，不同於�位�代的��多多其他�品，主推的是「�性」── 它�造了前�的�能，不�你如果想要逆�也可以，只不�不可能不�吹灰那般容易。			1667190344	00	0	1397721874601
1449092-	0		0	Fri Jun 24 12:56:44 +0800 2011			12886468966	12886468966				5621645774899747152	0		#	0	<a href=" rel="nofollow">新浪微群</a>	@雅倩爱书 的微群 "书天堂" 挺不错的   推荐大家也来看看~			1667190344	00	0	1397721874601
1449093-	0		0	Mon Jul 08 15:59:32 +0800 2013			3597819066038229	3597819066038229				3597819066038229	0			0	<a href=" rel="nofollow">分享按钮</a>	易言者：现在难道不是出版最好做的时候吗？-百道网 			1667190344	00	0	1397721874602
1449094-	0		0	Thu Dec 05 13:56:27 +0800 2013			3652146270695483	3652146270695483				3652146270695483	0			0	<a href=" rel="nofollow">36氪</a>	【经常改变自己的想法不丢脸：Jeff Bezos聊如何跳出思维的囚笼】  			1667190344	00	0	1397721874602
1449095-	0		1	Fri Jun 21 04:52:27 +0800 2013			3591490595021854	3591490595021854				3591490595021854	0		#	2	<a href=" rel="nofollow">分享按钮</a>	《先知三部曲》：托洛茨基的两个预言-百道网 			1667190344	00	0	1397721874602
1449096-	0		3	Sun Jul 31 14:41:40 +0800 2011			15745631708	15745631708				3341228859489394	0			3	<a href=" rel="nofollow">微博 weibo.com</a>	推荐：＜ 出版的未来＞/赵亮（(			1667190344	00	0	1397721874602
1449097-	0		1	Sat Sep 03 10:02:09 +0800 2011			3353479704732750	3353479704732750				3353479704732750	0			0	<a href=" rel="nofollow">分享按钮</a>	“内容为王”理念的颠覆与回归-百道网 			1667190344	00	0	1397721874603
1449098-	0		0	Sun Jun 26 10:48:33 +0800 2011			13025314230	13025314230				5622354912643936130	0			2	<a href=" rel="nofollow">微博 weibo.com</a>	「可重����子�」�是利用市面上�得到的�感�器材（如印表�、影印�零件），以一�分子��固醇�似的成分�成�薄的�子�。工研院主管表示，�子�厚度只有零�一二五毫米，可用成本低廉的���把文字或�像印上去，�可��些文字消除，重���260次，若普及�用，「可以少砍很多�」。			1667190344	00	0	1397721874603
1449099-	0		0	Sat Mar 29 12:40:36 +0800 2014			3693439403254319	3693439403254319				3693439403254319	0			0	<a href=" rel="nofollow">加网分享按钮</a>	【冯骥才:反对对文化用“开发”这个野蛮的词汇】 中国数字出版在线-数字出版产业门户，数字出版、新媒体、新技术、新商业互动交流平台。  			1667190344	00	0	1397721874603
1449100-	1		1	Wed Jul 31 10:08:59 +0800 2013			3606065767969371	3606065767969371				3606065767969371	0			4	<a href=" rel="nofollow">分享按钮</a>	【每日一句�管理】美�作家�雅?安吉�（Maya Angelou）：「人��忘�你��的�、做�的事，但�不�忘�你曾���他�的感受。」  			1667190344	00	0	1397721874604
1449101-	0		0	Fri Aug 23 05:01:53 +0800 2013			3614323404581779	3614323404581779				3614323404581779	0		#	0	<a href=" rel="nofollow">分享按钮</a>	《顾维钧回忆录》首次整套同时出版-百道网   			1667190344	00	0	1397721874604
1449102-	1		0	Thu Sep 19 04:45:57 +0800 2013			3624103871730152	3624103871730152				3624103871730152	0		#	0	<a href=" rel="nofollow">分享按钮</a>	【纪弦：去吧，我的诗！】百道网   			1667190344	00	0	1397721874604
1449103-	0		1	Fri Apr 11 13:33:45 +0800 2014			3698163817251971	3698163817251971				3698163817251971	0		#	1	<a href=" rel="nofollow">福布斯中文网</a>	“西安名吃”餐厅如何打造辣子面帝国 （分享自 @福布斯中文网）  			1667190344	00	0	1397721874605
1449104-	0		0	Thu Jul 04 18:20:55 +0800 2013			3596405094608107	3596405094608107				3596405094608107	0			0	<a href=" rel="nofollow">分享按钮</a>	Vladimir Ashkenazy: The complete "The seasons" (Tchaikovsky)/我心�的音�/. 			1667190344	00	0	1397721874605
1449105-	0		0	Thu Nov 14 12:40:20 +0800 2013			3644516970148731	3644516970148731				3644516970148731	0		#	1	<a href=" rel="nofollow">福布斯中文网</a>	【马云：王健林如果赢了 我们这个社会就输了】福布斯中文网 （分享自 @福布斯中文网）  			1667190344	00	0	1397721874605
1449106-	0		0	Sat Jul 09 10:16:40 +0800 2011			13985442232	13985442232				5627170803648657439	0			2	<a href=" rel="nofollow">微博 weibo.com</a>	美�的�路服�商（ISP）和音�、�影、������7日公布��，希望有助抑制�上侵犯著作�的行�。��警�系�，要求�路��被�知非法下��容後，�路服�供�商必��送������。 在累�五次通知後，可以��用��取包括���慢�路速度或把用��向告知侵害版���的�面。			1667190344	00	0	1397721874605
1449107-	0		2	Sat Jul 16 09:55:21 +0800 2011			14544219896	14544219896				3335720987993153	0			7	<a href=" rel="nofollow">微博 weibo.com</a>	住香港的�宇慧曾�偶像金庸�面。金庸告�她，��安（天���女主角）很像程英（神���女配角）。不�，�宇慧最喜�的是「笑傲江湖」�有�略、��的任盈盈。 金庸小�女主角�一不美，不美的如程�素，下�比���。身�武�女作家，�宇慧�在有意�意�，打破�者�「女一�」的美貌印象。			1667190344	00	0	1397721874606
1449108-	0		0	Mon Mar 31 05:09:40 +0800 2014			3694050697846152	3694050697846152				3694050697846152	0		#	0	<a href=" rel="nofollow">分享按钮</a>	【不只FB佐克伯，另外5家大�投入���境的科技公司 】  			1667190344	00	0	1397721874606
1449109-	0		0	Sat Mar 08 05:31:05 +0800 2014			3685721162539298	3685721162539298				3685721162539298	0			0	<a href=" rel="nofollow">分享按钮</a>	【如何应对出版资源过剩，微出版是条出路吗？】百道网   			1667190344	00	0	1397721874606
1449110-	0		1	Tue May 17 07:19:39 +0800 2011			10757813781	10757813781				5607457672558137961	0			1	<a href=" rel="nofollow">微博 weibo.com</a>	�尚界�流行��至少�先一季，求新求�求快速，不�於新��；不�，法�精�的�尚��《Ego?ste》竟然像�花一�，最新一期一共花了五年��才出刊，�果一上市，�天就�光光。			1667190344	00	0	1397721874607
1449111-	0		0	Sat Jun 08 09:51:12 +0800 2013			3586854739809043	3586854739809043				3586854739809043	0		#	0	<a href=" rel="nofollow">分享按钮</a>	用户时间稀缺颠覆了出版业的平衡-百道网 			1667190344	00	0	1397721874607
1449112-	0		0	Fri Nov 29 11:34:49 +0800 2013			3649936304674090	3649936304674090				3649936304674090	0		#	0	<a href=" rel="nofollow">分享按钮</a>	【每日一句�管理】�����裁杜�伍：「 �新不是年�，�新反而需要��的累�才行，需要有火候才�新。」  			1667190344	00	0	1397721874607
1449113-	0		0	Fri Jul 15 07:28:21 +0800 2011			14458173196	14458173196				3335321606284950	0			0	<a href=" rel="nofollow">微博 weibo.com</a>	�盛���公司�深副�裁兼�位�行�拉文德�（Vijay Ravindran）因��子奶瓶牛奶滴到��後，因����始使用���形金�平板��Transformer，��比�果iPad好用。			1667190344	00	0	1397721874608
1449114-	0		0	Fri Nov 08 09:11:13 +0800 2013			3642290017378824	3642290017378824				3642290017378824	0			1	<a href=" rel="nofollow">分享按钮</a>	【打�街�「任意�」！法��路公司�你瞬�看�另一�城市】你是否也曾幻想�自己可以�有一扇哆啦A�的「任意�」，只要一打�，就可以����世界，�到另一��度？法��家�路(SNCF)推出的��行�活�，就是�合了科技和�意，�只存在於卡通中的任意�搬到大街上。  			1667190344	00	0	1397721874608
1449115-	0		2	Tue Dec 17 05:02:58 +0800 2013			3656360669814224	3656360669814224				3656360669814224	0		#	2	<a href=" rel="nofollow">分享按钮</a>	【金马洛：云出版时代，好编辑如何修成正果？】百道网   			1667190344	00	0	1397721874608
1449116-	0		0	Fri Jan 03 09:45:29 +0800 2014			3662592361278150	3662592361278150				3662592361278150	0			2	<a href=" rel="nofollow">FT中文网</a>	【适合经理人的五本非商业书籍】FT专栏作家斯卡平克：对商业人士最有益的书籍是那些与商业无关的书籍，其中的佼佼者至少能够为管理提供重要启迪，这里我推荐五本值得经理人阅读的书。 （分享自 @FT中文网）  			1667190344	00	0	1397721874608
1449117-	0		0	Wed Aug 07 04:34:01 +0800 2013			3608518190154701	3608518190154701				3608518190154701	0		#	1	<a href=" rel="nofollow">分享按钮</a>	为什么Amazon上19世纪50年代的书要比20世纪50年代的书多三倍？-百道网   			1667190344	00	0	1397721874609
1449118-	1		1	Tue Dec 31 08:11:48 +0800 2013			3661481621047704	3661481621047704				3661481621047704	0			0	<a href=" rel="nofollow">微博 weibo.com</a>	[赞]【那福忠�一�� (December 30, 2013)】＜不存在的��＞ ��是做什�用的？一般��，��是用作衡量「改�」的工具。�作的改�、速度的改�、�境的改�，似乎都�著��流�。但��在那�？怎��衡量�些改�？			1667190344	00	0	1397721874609
1449119-	0		0	Wed Jun 29 07:39:55 +0800 2011			13221384392	13221384392				5623419557732895101	0			1	<a href=" rel="nofollow">微博 weibo.com</a>	�自上海的熊先生一家四口同�，年�的女��：「最想去逛�品�店，台�的�美�影��作品�籍比大�多很多，一定�去��！」熊爸爸更表示，此次�台北就是看中台北文化�氛，像故�、�品的人文����尚感兼具，「很想感受一下�台北人的感�」。			1667190344	00	0	1397721874609
1449120-	0		0	Thu Jul 28 07:37:49 +0800 2011			15483990098	15483990098				3340035030721613	0			0	<a href=" rel="nofollow">微博 weibo.com</a>	《我是黎智英》：「做生意�有捷�，捷�是�最�的路。」			1667190344	00	0	1397721874610
1449121-	0		0	Wed Jun 29 07:33:02 +0800 2011			13221237634	13221237634				5623417783911364162	0			0	<a href=" rel="nofollow">微博 weibo.com</a>	北京��：我的午餐是在新竹，吃了�路���好的炒米粉、�丸�，果真名不��。我�次主要目的是�看屋，下午看到台中一�建案，果然很豪�，不像民宅，反而像是五星�酒店，放在北京市中心也是豪�住宅等�。			1667190344	00	0	1397721874610
1449122-	1		0	Thu Oct 10 15:50:00 +0800 2013			3631881126350180	3631881126350180				3631881126350180	0		#	0	<a href=" rel="nofollow">加网分享按钮</a>	【漫画出版商的数字革命：拥抱平板电脑】 中国数字出版在线-数字出版产业门户，数字出版、新媒体、新技术、新商业互动交流平台。  			1667190344	00	0	1397721874610
1449123-	1		0	Thu Sep 19 05:14:46 +0800 2013			3624111123383541	3624111123383541				3624111123383541	0			0	<a href=" rel="nofollow">分享按钮</a>	【每日一句�管理】美���家��.�斯（Joel Ross）：「�有�略的企�就像一艘�有舵的船，只�在原地�圈。」  			1667190344	00	0	1397721874611
1449124-	0		3	Thu Jul 11 08:17:30 +0800 2013			3598789958588979	3598789958588979				3598789958588979	0			7	<a href=" rel="nofollow">微博 weibo.com</a>	捷�：�米作品�「西班牙�家出版�」首�。作家�米的作品，日前��外捎�喜�，《�米�� �作精�》一��得西班牙2012年度出版������首�。此外，有英�舞�因受到�米作品��而�作《Mons》舞蹈作品，�搬上英�知名沙德勒之井�院演出。（�合�/丹墀） 			1667190344	00	0	1397721874611
1449125-	0		4	Tue Sep 17 09:02:35 +0800 2013			3623443675633515	3623443675633515				3623443675633515	0			4	<a href=" rel="nofollow">豆瓣小组</a>	【我对出版的理解（黄明雨/文）】我对出版的理解我对出版的理解黄明雨/文第一部分  如何认识出版行业一、 当前出版业的困境二、 民营书业的历史三、 国营出版社的模样四、 厘清两个基本概念五、 背后的难题第二部分... （分享自 @豆瓣小组）  			1667190344	00	0	1397721874611
1449126-	0		0	Mon Jul 08 08:40:37 +0800 2013			3597708608825423	3597708608825423				3597708608825423	0		#	0	<a href=" rel="nofollow">FT中文网</a>	【中国城镇化的正反样本】从农村向城市的人口迁移再一次成为中国政府政策议程中的首要问题。在这股“入城”的大潮里，面积更小、更集中的城镇化发展模式，与蔓延铺开的发展方案形成了鲜明对比。   （分享自 @FT中文网）			1667190344	00	0	1397721874611
1449127-	0		1	Mon Apr 25 08:03:20 +0800 2011			9622248671	9622248671				5599305055991508067	0			1	<a href=" rel="nofollow">微博 weibo.com</a>	发表了博文 《�「道」而不只是�「�」──《��道》前言／管仁健》			1667190344	00	0	1397721874612
1449128-	0		1	Fri Jul 01 07:43:31 +0800 2011			13366043620	13366043620				5624162655786656426	0			1	<a href=" rel="nofollow">微博 weibo.com</a>	詹�雄/�端享受 �待��引爆：詹�雄表示，�端服�的��目��是��身在何�，都能享受相同品�的服�。但目前受限��，像影音��要大量�料下�的�端服�，大概只能在家���或定�Wi-Fi（���域�路）�行。所以�在�端服�的��，不在�台，而是�台後面供��料速度的水管大小��。			1667190344	00	0	1397721874612
1449129-	0		0	Tue Jul 23 04:42:43 +0800 2013			3603084557496320	3603084557496320				3603084557496320	0		#	1	<a href=" rel="nofollow">分享按钮</a>	小说和饮食保健图书占英畅销榜大半壁江山-百道网 			1667190344	00	0	1397721874612
1449130-	0		2	Sat May 11 07:45:38 +0800 2013			3576676275694228	3576676275694228				3576676275694228	0		#	6	<a href=" rel="nofollow">分享按钮</a>	商业价值：盛大文学裂与变-百道网 			1667190344	00	0	1397721874613
1449131-	0		0	Tue Mar 18 06:05:50 +0800 2014			3689353786450276	3689353786450276				3689353786450276	0			1	<a href=" rel="nofollow">百度分享</a>	【“设计思维”到底是什么？】设计思维（Design Thinking）有两层含义：首先它是一个关于积极改变世界的信念体系，你可以把它理解为是一种意识形态；其次它是一套如何进行创新探索的方法论系统，包含了许多触发创意的方法，你可以把它理解为一个工具包。/福布斯中文网  			1667190344	00	0	1397721874613
1449132-	0		0	Sat May 18 14:25:17 +0800 2013			3579313569954604	3579313569954604				3579313569954604	0			1	<a href=" rel="nofollow">分享按钮</a>	传奇出版人王云五文集《王云五全集》隆重上市-百道网 			1667190344	00	0	1397721874613
1449133-	0		0	Wed Jul 27 07:56:38 +0800 2011			15422358638	15422358638				3339677378445790	0			0	<a href=" rel="nofollow">微博 weibo.com</a>	《我是黎智英》：「生意是以利益���的。」			1667190344	00	0	1397721874614
1449134-	0		3	Tue Sep 20 07:12:49 +0800 2011			3359597684016577	3359597684016577				3359597684016577	0		#	10	<a href=" rel="nofollow">分享按钮</a>	俞晓群：永远追随沈昌文-百道网 			1667190344	00	0	1397721874614
1449135-	0		0	Sat Jul 16 10:48:18 +0800 2011			14547250036	14547250036				3335734313205287	0			0	<a href=" rel="nofollow">微博 weibo.com</a>	�邦媛：2月25日晨，美�巨型��一千八百架�炸�京，市�成�火海。日本首相小�惶恐，入��罪。站在�布告前的�百�中�大�生，已�在��中熬了八年之久，大多�的人全靠政府公�生存，衣衫��，面�肌瘦，在大�石板�的文�正庭，���言地站著，�到��的�仇消息，�心�出��的欣喜。			1667190344	00	0	1397721874614
1449136-	0		3	Tue Mar 04 08:13:01 +0800 2014			3684312362990169	3684312362990169				3684312362990169	0			3	<a href=" rel="nofollow">分享按钮</a>	【亚马逊是书的敌人吗？】乔治・派克(George Packer)在《纽约客》发表的一篇名为“亚马逊害了书？”的文章，受到了书业及爱书人的极大关注。他尖锐地提问：“亚马逊对消费者有好处，但是对书有好处吗？”相信这个问题，也长久地缠绕在中国书业人士以及爱书人心头。  			1667190344	00	0	1397721874615
1449137-	0		0	Wed Sep 18 05:14:25 +0800 2013			3623748643470922	3623748643470922				3623748643470922	0		#	0	<a href=" rel="nofollow">分享按钮</a>	【在线K12争雄，谁是大赢家？】百道网   			1667190344	00	0	1397721874615
1449138-	0		0	Thu Jun 06 08:30:00 +0800 2013			3586109525405010	3586109525405010				3586109525405010	0			0	<a href=" rel="nofollow">FT中文网</a>	【美中应建立何种新型关系】前世界银行行长佐利克：美中首脑峰会可能决定未来两国战略关系。习近平呼吁建立“新型大国关系”，美国国家安全顾问多尼隆则提议建立“守成大国与新兴大国关系的新模式”，但双方必须认识到，这种新型关系不能仅仅依赖经济上的相   （分享自 @FT中文网）			1667190344	00	0	1397721874615
1449139-	0		0	Thu Apr 21 07:38:11 +0800 2011			9429364382	9429364382				221110421459193814	0			0	<a href=" rel="nofollow">微博 weibo.com</a>	「人��到最後只有一本�，它的名字叫Google�？人�最後�只有一��店，它的名字叫 Amazon�？」──bipym			1667190344	00	0	1397721874616
1449140-	0		0	Sun Jun 26 10:44:40 +0800 2011			13025082374	13025082374				5622353911916488684	0			0	<a href=" rel="nofollow">微博 weibo.com</a>	�果���於今年秋天推出搭�iOS��的智慧�� (Smart TV)，根�威��一篇���《未��果TV�具�增�型��插件系�？》的���「6月24日，美��利和商�局公�了�果的一��利申�，揭露了�果TV的下一篇章，�果��利中的系��之�增�的TV插件 (Plug-in)系�。			1667190344	00	0	1397721874616
1449141-	0		0	Fri Feb 07 08:38:50 +0800 2014			3675259167707999	3675259167707999				3675259167707999	0			0	<a href=" rel="nofollow">分享按钮</a>	【哀伤的小提琴 - "天堂电影院"】Sad Violin -  Cinema Paradiso Movie Theme and Scenes  			1667190344	00	0	1397721874616
1449142-	0		1	Fri Jun 28 11:03:19 +0800 2013			3594120641905521	3594120641905521				3594120641905521	0		#	1	<a href=" rel="nofollow">分享按钮</a>	工研院�新技�，以人��差替3C�品供� - �位�代－台�最具影�力的科技媒� 			1667190344	00	0	1397721874617
1449143-	0		0	Thu May 23 04:39:10 +0800 2013			3580978004198967	3580978004198967				3580978004198967	0		#	0	<a href=" rel="nofollow">分享按钮</a>	王安忆答读者问（上）：文学在质与量上提升了人生-百道网 			1667190344	00	0	1397721874617
1449144-	0		0	Sat Sep 03 10:00:37 +0800 2011			3353479318842494	3353479318842494				3353479318842494	0			1	<a href=" rel="nofollow">分享按钮</a>	出版物的真实成本和价格-百道网 			1667190344	00	0	1397721874617
1449145-	0		0	Sun Jul 31 11:26:43 +0800 2011			15731428858	15731428858				3341179798717538	0			1	<a href=" rel="nofollow">微博 weibo.com</a>	//@郭全中：//@潘石屹：// @简直 ：我靠，任书记这一句顶一亿句。人民是虚的，人是实的。透天机啊。请 @任志强 自转一个。			1667190344	00	15571819800	1397721874618
1449146-	0		0	Fri Feb 14 13:32:53 +0800 2014			3677869878281524	3677869878281524				3677869878281524	0			0	<a href=" rel="nofollow">FT中文网</a>	【不能让机器人把人类分而治之】FT首席经济评论员沃尔夫：更加聪明的机器对人类是有益的吗？抑或它们将成为弗兰肯斯坦一样的怪物？《第二个机器时代》一书描绘了智能机器为人类造福的美好时代，但也有理由感到不安，因为结局很可能是收入不均和社会不公的 （分享自 @FT中文网）  			1667190344	00	0	1397721874618
1449147-	0		0	Tue Feb 25 08:30:43 +0800 2014			3681780101863108	3681780101863108				3681780101863108	0			0	<a href=" rel="nofollow">微博 weibo.com</a>	《36 氪》��人�成城拜�《TechOange》�公室，�北京�路�蓬勃�潮。			1667190344	00	0	1397721874618
1449148-	0		0	Fri Jul 12 10:55:05 +0800 2013			3599191999400407	3599191999400407				3599191999400407	0			0	<a href=" rel="nofollow">微博 weibo.com</a>	为什么美国观众看不懂《美猴王：西游记》？林肯中心艺术节今年的重头戏《美猴王：西游记》非常热闹，该剧的主角是一只淘气的猴子，该剧虽然在视觉上让人陶醉，但是平淡无奇，幼稚，还有点乏味，给人冗长的感觉。			1667190344	00	0	1397721874619
1449149-	0		1	Sat Jul 16 10:44:07 +0800 2011			14546999858	14546999858				3335733260398964	0			1	<a href=" rel="nofollow">微博 weibo.com</a>	�邦媛： 1920以後他去了哪�？他由金�四高��保送京都大�哲�系，��去了德�，回中��加反��革命，��了��的日本�����事吉田茂。中日��後再度相�，曾多次聚�，吉田茂是他�生�佩的政治家。			1667190344	00	0	1397721874619
1449150-	0		0	Wed Oct 16 04:39:04 +0800 2013			3633886607331578	3633886607331578				3633886607331578	0			1	<a href=" rel="nofollow">分享按钮</a>	【洞察书业：让历史告诉未来】百道网   			1667190344	00	0	1397721874619
1449151-	0		2	Tue Oct 22 04:01:29 +0800 2013			3636051476695645	3636051476695645				3636051476695645	0			2	<a href=" rel="nofollow">分享按钮</a>	【电子书包进课堂，路还长着呢！】百道网   			1667190344	00	0	1397721874620
1449152-	0		0	Thu Mar 06 05:39:46 +0800 2014			3684998571408487	3684998571408487				3684998571408487	0			0	<a href=" rel="nofollow">财新网</a>	【勇气从何而来】亚里士多德说，在没有危险的场合表现得信心十足，这样的人在内心深处其实是怯懦的。 			1667190344	00	0	1397721874620
1449153-	0		0	Fri Apr 22 07:28:29 +0800 2011			9478389634	9478389634				5598182819699360976	0			0	<a href=" rel="nofollow">微博 weibo.com</a>	每一�����手�理的�，一�始都持著「某�型的�典作」的尊崇之心，送上�市的，我�把新�的完整生命期，�之�「�典化的�程」。然而，在「�典化的�程」中，有多少��得起考�？			1667190344	00	0	1397721874620
1449154-	0		1	Tue Jun 07 07:31:11 +0800 2011			11875216594	11875216594				5615253433331425928	0			0	<a href=" rel="nofollow">微博 weibo.com</a>	威盛董事�王雪�和��理�文琦捐���的中��州盛����院，�於今年9月招生，�是大�第一所非�利慈善高等�府，�助西部�困�生就�就�，落�教育扶�的理念。			1667190344	00	0	1397721874621
1449155-	0		0	Fri Nov 29 17:03:52 +0800 2013			3650019108459708	3650019108459708				3650019108459708	0			0	<a href=" rel="nofollow">微博 weibo.com</a>	＜世界上最��的距�＞[good]			1667190344	00	3648261799742835	1397721874621
1449156-	0		1	Tue Dec 10 09:00:22 +0800 2013			3653883697602793	3653883697602793				3653883697602793	0			2	<a href=" rel="nofollow">微博 weibo.com</a>	《小�月�》�身“手�小�日�”》�好文�的手��者只要��“�拉三下”就能�完���1500字的�言小�。�今年5月�始，百花文�出版社主�的《小�月�》率先�通微信公���，截至11月底，����已突破7000人，成����文�期刊�字化�型的成功�板。			1667190344	00	0	1397721874621
1449157-	0		0	Sun Jan 19 05:48:13 +0800 2014			3668330856682970	3668330856682970				3668330856682970	0			0	<a href=" rel="nofollow">分享按钮</a>	【网络公开课改变了什么？】百道网   			1667190344	00	0	1397721874622
1449158-	0		0	Tue Jun 21 07:21:51 +0800 2011			12704916750	12704916750				5620446220598624038	0			0	<a href=" rel="nofollow">微博 weibo.com</a>	在�愈�愈多���合作以�大�子�方案下，全球最大�路搜�引擎－谷歌（Google Inc. US-GOOG）���描大英���（British Library）25�本不受著作�法保�的�籍。			1667190344	00	0	1397721874622
1449159-	0		1	Tue Dec 03 11:03:14 +0800 2013			3651377907915219	3651377907915219				3651377907915219	0			3	<a href=" rel="nofollow">福布斯中文网</a>	【传统商业出路只有一条：从卖商品到卖一揽子服务】（分享自 @福布斯中文网）  			1667190344	00	0	1397721874622
1449160-	0		0	Wed Feb 12 04:41:37 +0800 2014			3677011405380697	3677011405380697				3677011405380697	0			0	<a href=" rel="nofollow">百度分享</a>	【数据揭秘：亚马逊VS出版商】福布斯中文网  			1667190344	00	0	1397721874623
1449161-	0		1	Sat Mar 08 05:32:25 +0800 2014			3685721498119200	3685721498119200				3685721498119200	0		#	1	<a href=" rel="nofollow">分享按钮</a>	【大学出版社的昨天、今天和明天】百道网   			1667190344	00	0	1397721874623
1449162-	0		0	Fri Jul 29 07:14:50 +0800 2011			15561325322	15561325322				3340391634628417	0			0	<a href=" rel="nofollow">微博 weibo.com</a>	《我是黎智英》：「我��要把生意做好，��的�法比�明的�法更重要。�明的�法可能�很��，事倍功半，往往形成浪����的�法�可以�我�的�明用到�，故此，��比�更重要。」			1667190344	00	0	1397721874623
1449163-	0		1	Tue Jul 12 08:02:00 +0800 2011			14211526808	14211526808				5628249355836007123	0			1	<a href=" rel="nofollow">微博 weibo.com</a>	施密特�：「老��，�在�加很多��聊的��，�有在搭���，我都在�作。」施密特��稿�度形容�「我�振�疾�但�尚未完成的不安�段」。			1667190344	00	0	1397721874623
1449164-	0		0	Thu Jun 30 07:14:57 +0800 2011			13291922174	13291922174				5623784209050086958	0			0	<a href=" rel="nofollow">微博 weibo.com</a>	Google公司28日�表新的社群服�「Google+」，�����（Facebook）一�高下，也凸�新任�行�佩吉（Larry Page）���社群��市�的�烈企�。  全文�址: Google+亮相 要跟��PK | ���� | 全球�察 | �合新��    Power By udn.com			1667190344	00	0	1397721874624
1449165-	0		0	Tue Jan 28 10:29:17 +0800 2014			3671663084417167	3671663084417167				3671663084417167	0			0	<a href=" rel="nofollow">FT中文网</a>	【思想无形，力量无穷】天则经济研究所所长盛洪：在思想市场中，不同的思想相互竞争、借鉴和补充。一般而言，在思想市场中选择的思想，比垄断者提供的唯一的“好思想”要好，且不怕选错，只要不因政治缘故而固执错误，就可重新选择。 （分享自 @FT中文网）  			1667190344	00	0	1397721874624
1449166-	0		1	Sun Jun 26 10:39:16 +0800 2011			13024761144	13024761144				5622352520346991446	0			1	<a href=" rel="nofollow">微博 weibo.com</a>	�卡索的��深��懂？美�大���昨天邀���：「�孩子去看�卡索特展，不要�孩子解�；反��，�他��你解�。」  全文�址: ��：童眼童� 更懂�卡索 | �息��罐 | ���文 | �合新��    Power By udn.com			1667190344	00	0	1397721874624
1449167-	0		0	Sat Jul 16 09:42:42 +0800 2011			14543547660	14543547660				3335717804420770	0			3	<a href=" rel="nofollow">微博 weibo.com</a>	玉山�家公�有「巨熊」出�，屏科大研究��以�外�自�相�，在大分山�拍到�的身影，研判�重有160公斤以上（野外平均�重��90公斤）；屏科大教授�美秀�，「�是我多年�在野外��到最大的一�公熊」。    Power By udn.com			1667190344	00	0	1397721874625
1449168-	0		0	Mon Jul 22 10:18:05 +0800 2013			3602806571157963	3602806571157963				3602806571157963	0			0	<a href=" rel="nofollow">微博 weibo.com</a>	现在是安倍晋三(Shinzo Abe)射出第四支箭的合适时机吗？人们将太多的注意力放在了前三支箭上，以至于很多人完全忘记了还有第四支箭。所谓的第四支箭，是指从明年4月起，分两个阶段将消费税上调一倍，至10%。			1667190344	00	3602806215254224	1397721874625
1449169-	0		0	Tue Sep 10 04:55:10 +0800 2013			3620844695526667	3620844695526667				3620844695526667	0			0	<a href=" rel="nofollow">微博 weibo.com</a>	【大��者：台�奇��神���崩坍，�了自豪，只剩�息】台�是�後新�����展的典型代表，首�的加工出口工��造了台���起�的基�，��高速增���30年之久，曾有10多��工�品世界市��有率位居世界前列。／�亨�新�中心			1667190344	00	0	1397721874625
1449170-	1		1	Mon Jul 15 11:01:57 +0800 2013			3600280891661597	3600280891661597				3600280891661597	0			1	<a href=" rel="nofollow">分享按钮</a>	【每日一句�管理】美�冰上曲棍球�格雷�基（Wayne Gretzky）：「�投出去的球，投不中的�率是100%。」			1667190344	00	0	1397721874626
1449171-	1		1	Mon Jul 08 14:13:19 +0800 2013			3597792339794154	3597792339794154				3597792339794154	0			0	<a href=" rel="nofollow">分享按钮</a>	Vincent-梵谷之歌/我心�的歌曲／ 			1667190344	00	0	1397721874626
1449172-	0		0	Thu Apr 21 09:25:45 +0800 2011			9432365866	9432365866				221110421458819912	0			0	<a href=" rel="nofollow">微博 weibo.com</a>	转发微博。			1667190344	00	9396090332	1397721874626
1449173-	0		0	Tue Sep 10 04:43:53 +0800 2013			3620841856366662	3620841856366662				3620841856366662	0		#	0	<a href=" rel="nofollow">分享按钮</a>	【狄更斯给数字出版的启示】百道网   			1667190344	00	0	1397721874626
1449174-	0		0	Mon Oct 28 10:21:08 +0800 2013			3638321345635435	3638321345635435				3638321345635435	0			2	<a href=" rel="nofollow">微博 weibo.com</a>	[good]			1667190344	00	3638314730862766	1397721874627
1449175-	0		1	Tue Jul 05 17:04:27 +0800 2011			13693218718	13693218718				5625791547914963864	0			1	<a href=" rel="nofollow">微博 weibo.com</a>	�大�力倡���型，他表示，目前大��有八千�套用於投�的空房，�未���走��成�大威�。大�民�很容易��行�得�款，但支付的房��到年收入的八十倍，�在各���史上都�有先例，已�背「���的物理定律」。			1667190344	00	0	1397721874627
1449176-	0		0	Fri Jun 17 07:16:32 +0800 2011			12485336292	12485336292				5618960509795742212	0			0	<a href=" rel="nofollow">微博 weibo.com</a>	洪�教授：大�有名，是因�大�而不是大�。			1667190344	00	0	1397721874627
1449177-	0		0	Tue Mar 04 04:19:27 +0800 2014			3684253584271088	3684253584271088				3684253584271088	0			0	<a href=" rel="nofollow">分享按钮</a>	【《浪潮之巅》策划编辑周筠：和最优秀的人一起工作】百道网   			1667190344	00	0	1397721874628
1449178-	0		0	Mon May 30 07:33:53 +0800 2011			11403777994	11403777994				5612285447721139978	0			1	<a href=" rel="nofollow">微博 weibo.com</a>	要人才唱戏，关键是企业要搭台。 ――麦肯锡上海分公司董事王炬谈中国企业的管理人才挑战			1667190344	00	0	1397721874628
1449179-	0		0	Sat Sep 14 05:31:52 +0800 2013			3622303483540447	3622303483540447				3622303483540447	0		#	0	<a href=" rel="nofollow">分享按钮</a>	读者经营典型案例：郑渊洁网上开书店父子合营一个品牌-百道网   			1667190344	00	0	1397721874629
1449180-	0		0	Wed Aug 03 07:23:09 +0800 2011			15894320048	15894320048				3342205666881683	0			0	<a href=" rel="nofollow">微博 weibo.com</a>	《我是黎智英》：「『不�下�』是唯一的生存之道。」			1667190344	00	0	1397721874629
1449181-	0		1	Wed Jun 22 09:15:30 +0800 2011			12757633614	12757633614				5620846593141244990	0		#	0	<a href=" rel="nofollow">新浪微群</a>	@老张-北京出版人沙龙 的微群 "少儿文学互动" 挺不错的  推荐大家也来看看~			1667190344	00	0	1397721874629
1449182-	0		0	Tue Apr 08 04:45:14 +0800 2014			3696943647621278	3696943647621278				3696943647621278	0			0	<a href=" rel="nofollow">微博 weibo.com</a>	【每日一句�管理】「在迅速�化的世界，�去一度成功的行�典型，可以�成� 有效政策的障碍物。」──季辛吉（Henry A. Kissinger）			1667190344	00	0	1397721874630
1449183-	1		0	Sun Oct 13 05:05:06 +0800 2013			3632805999735102	3632805999735102				3632805999735102	0		#	0	<a href=" rel="nofollow">FT中文网</a>	【不读书时代的“读书会”】FT中文网撰稿人陶舜：真是戏剧性的一幕，不再读书的人们乐于听偶像们的读书心得，喝几碗乱炖的心灵鸡汤。商界大佬们的读书会成为其中最成功的一朵奇葩。 （分享自 @FT中文网）  			1667190344	00	0	1397721874630
1449184-	0		0	Wed May 15 08:10:27 +0800 2013			3578132072452185	3578132072452185				3578132072452185	0			0	<a href=" rel="nofollow">FT中文网</a>	【硅谷可以复制？ - FT中文网】   （分享自 @FT中文网）			1667190344	00	0	1397721874631
1449185-	0		0	Wed Mar 12 10:14:42 +0800 2014			3687242088199438	3687242088199438				3687242088199438	0			0	<a href=" rel="nofollow">微博 weibo.com</a>	�字，��「火化後」。			1667190344	00	3687240246556715	1397721874631
1449186-	0		0	Thu Jul 28 07:28:59 +0800 2011			15483832655	15483832655				3340032813716718	0		#	0	<a href=" rel="nofollow">勋章馆</a>	太白斗酒诗百篇，自称是个微博仙。日日织博好分享，看我拿了个【斗酒百篇】勋章。			1667190344	00	0	1397721874631
1449187-	0		0	Sun Jun 19 07:33:18 +0800 2011			12606807753	12606807753				211110619872703	0			2	<a href=" rel="nofollow">新浪博客</a>	发表了博文 《2011年06月19日》 - 《�作��心法��簿》11 凝聚力：「��2.0世代」必�的企�能力之四 &#9679;附/老�桌上�未��的企��想6   「�你�定目��，不要��太容 			1667190344	00	0	1397721874632
1449188-	0		0	Sat Dec 21 09:32:25 +0800 2013			3657878034558648	3657878034558648				3657878034558648	0			0	<a href=" rel="nofollow">分享按钮</a>	【李新谈连环画市场：我们选择冷门做出了特色】百道网   			1667190344	00	0	1397721874632
1449189-	0		1	Mon Sep 16 08:20:48 +0800 2013			3623070772364745	3623070772364745				3623070772364745	0		#	1	<a href=" rel="nofollow">分享按钮</a>	【李嘉诚撤资连环计：等待中国危机到来】 笔者以为李嘉诚此举很可能是一个连环计，包括了以退为进、隔岸观火、趁虚而入等多项考虑，而且很可能一举多得。  （欢迎关注 @21世纪网 官方微信）  			1667190344	00	0	1397721874632
1449190-	1		1	Mon Mar 31 04:58:56 +0800 2014			3694047992570318	3694047992570318				3694047992570318	0		#	5	<a href=" rel="nofollow">福布斯中文网</a>	【出品人申音：《罗辑思维》怎么个干法？】（分享自 @福布斯中文网）  			1667190344	00	0	1397721874633
1449191-	1		0	Tue May 28 15:41:57 +0800 2013			3582956738079090	3582956738079090				3582956738079090	0			0	<a href=" rel="nofollow">微博 weibo.com</a>	【每日一句�管理】�京集��行�理察?布�森（Richard Branson）：「我最大的�力是不�挑�自己。我��人生就像一所�止�的大�，每天我都能�到一些新�西。」			1667190344	00	0	1397721874633
1449192-	0		1	Tue Jul 05 17:03:49 +0800 2011			13693174810	13693174810				5625791384706194198	0			2	<a href=" rel="nofollow">微博 weibo.com</a>	�大��推行「收入倍增」��，大前研一指出，人�的��民收入增加一倍是��的，因��民收入取�於生�力的改善，不�由政府操控；增加�民收入是政治宣�，��致企��移�外。只有改善生�力和���新，才能提高��利�，�工人加薪。			1667190344	00	0	1397721874633
1449193-	0		0	Mon Sep 12 08:06:39 +0800 2011			3356712128706760	3356712128706760				3356712128706760	0		#	1	<a href=" rel="nofollow">分享按钮</a>	施振�：�洲�有可能出�自有作�系� - �位�代 			1667190344	00	0	1397721874634
1449194-	0		0	Thu May 12 13:55:29 +0800 2011			10524106758	10524106758				5605704252161209154	0		#	0	<a href=" rel="nofollow">新浪微群</a>	我刚加入了 @广州许仕龙 的微群 “广州纪实” 挺不错的  推荐大家也来看看~			1667190344	00	0	1397721874634
1449195-	0		0	Sun Jun 09 04:32:36 +0800 2013			3587136949463898	3587136949463898				3587136949463898	0		#	0	<a href=" rel="nofollow">分享按钮</a>	伊沙：还原诗人曹操-百道网 			1667190344	00	0	1397721874634
1449196-	0		0	Wed Jan 22 13:23:23 +0800 2014			3669532566818464	3669532566818464				3669532566818464	0			1	<a href=" rel="nofollow">FT中文网</a>	【王石和他那代人】FT中文网专栏作家吴晓波：与晚清商人相比，王石们不再以企业家身份为耻，积极探寻“企业家精神”；与民国商人相比，王石们不再视自我为政府的依附及寄生物，积极参与社会重建。这一景象，可谓最近十年中国社会最重要的公共事件之一。 （分享自 @FT中文网）  			1667190344	00	0	1397721874635
1449197-	0		0	Sat Jun 11 09:14:32 +0800 2011			12104620534	12104620534				5616764407125458580	0			1	<a href=" rel="nofollow">微博 weibo.com</a>	潘富俊�，中�古代�人喜以植物入�，唐�三百首平均每�首便出�一�植物，�多植物是台�罕�。��睹唐朝�人岑�「北�卷地白草折，胡天八月即�雪」的雄��面，也�赴�蒙古拍下台�找不到的「白草」。			1667190344	00	0	1397721874635
1449198-	0		0	Wed Jun 29 07:30:21 +0800 2011			13221183932	13221183932				5623417092421615727	0			0	<a href=" rel="nofollow">微博 weibo.com</a>	自由行第一天 「台�，真���」。  全文�址: 自由行第一天 「台�，真���」 | 自由行?初�� | ��要� | �合新��    Power By udn.com			1667190344	00	0	1397721874635
1449199-	0		0	Fri Jun 24 07:49:19 +0800 2011			12867344814	12867344814				5621566554222539231	0			4	<a href=" rel="nofollow">微博 weibo.com</a>	�容多��控技�，已是目前主要智慧手�、平板��操作介面，加上�果其他知名如手指滑��幕解�（7,657,849）等�利，可以�，包括三星、HTC、LG、�基�等，市面上�乎所有搭�Android、webOS�微�Windows Phone 7作�系�的�品，均�逃�果的�利�包�。			1667190344	00	0	1397721874635
1449200-	0		0	Fri Jan 24 11:06:14 +0800 2014			3670222827803860	3670222827803860				3670222827803860	0			0	<a href=" rel="nofollow">FT中文网</a>	【不走为还寸走过】FT中文网专栏作家流沙河：�字从�（走之），其义必与走动有关系。�是声符，有�、�、�、�、�等。读音虽多，毕竟相去不远。 （分享自 @FT中文网）  			1667190344	00	0	1397721874636
1449201-	0		0	Fri May 24 04:30:16 +0800 2013			3581338156435242	3581338156435242				3581338156435242	0		#	0	<a href=" rel="nofollow">分享按钮</a>	专业出版：数据库还能有什么新花样？-百道网 			1667190344	00	0	1397721874636
1449202-	0		1	Wed May 15 04:43:01 +0800 2013			3578079870189252	3578079870189252				3578079870189252	0		#	1	<a href=" rel="nofollow">分享按钮</a>	马伯庸：我的“三国配角演义”-百道网 			1667190344	00	0	1397721874636
1449203-	0		2	Mon Jul 18 07:30:45 +0800 2011			14675196918	14675196918				3336409373765319	0			5	<a href=" rel="nofollow">微博 weibo.com</a>	小智研�由一群平均年�不到卅�的年�人�成。四年前，廿八�的��智�去大�建�系的教�，�立「小智研�」。一年後，他向�小熟�的��徐旭�提出「�垃圾�房子」的�特瓶大���，�始了一�串的「�色奇�」。    Power By udn.com			1667190344	00	0	1397721874637
1449204-	1		1	Sun Dec 15 11:19:29 +0800 2013			3655730656032085	3655730656032085				3655730656032085	0		#	1	<a href=" rel="nofollow">加网分享按钮</a>	【倪为国：编辑是一个人的“战争”】北京文艺网  			1667190344	00	0	1397721874637
1449205-	0		0	Sat Jun 29 03:47:33 +0800 2013			3594373365493840	3594373365493840				3594373365493840	0		#	0	<a href=" rel="nofollow">FT中文网</a>	【威尼斯的中国梦】第55届威尼斯双年展吸引了超过300位中国艺术家，大大超过往届，有“占领威尼斯”之势。不过，这并不意味着中国当代艺术上了新的高度。“中国平行展”引起大量争议，骂声不断。参展艺术家们也发现，威尼斯并不是艺术的应许之地。“神圣光   （分享自 @FT中文网）			1667190344	00	0	1397721874637
1449206-	0		0	Mon Aug 29 11:26:33 +0800 2011			3351689005311513	3351689005311513				3351689005311513	0		#	0	<a href=" rel="nofollow">FT中文网</a>	�果新掌�：蒂姆?�克 - FT中文�   （分享自 @FT中文网）			1667190344	00	0	1397721874638
1449207-	0		4	Wed Aug 03 07:24:49 +0800 2011			15894362696	15894362696				3342206086620285	0			4	<a href=" rel="nofollow">微博 weibo.com</a>	《我是黎智英》：「在我看�，�作是站在�人的肩膀上看��，也就是把自己的想法跟�人的成就和意�融合起�，演�出解���的�法。故此�管�作是�寂寞的世界，那���不是孤�。��世界�管寂寞，但�是��放而不是封�的世界，因�成功的�作必定是跟�人思想交流、��的成果。」			1667190344	00	0	1397721874638
1449208-	1		0	Fri Sep 27 10:20:23 +0800 2013			3627087137214355	3627087137214355				3627087137214355	0		#	1	<a href=" rel="nofollow">新浪博客</a>	分享自堕落在天堂  《读“知识不是力量”有感》 -    方柏林著的《知识不是力量》从学习美国教育优点，观察中国教育的一些不足，反思中国到底需要什么样的教育，看了这本书之后...  (来自 @头条博客) -  			1667190344	00	0	1397721874638
1449209-	0		0	Fri Jul 05 08:26:46 +0800 2013			3596617959932624	3596617959932624				3596617959932624	0			0	<a href=" rel="nofollow">分享按钮</a>	��用�突破7000�，WeChat找上「足球先生」梅西出演�告。 			1667190344	00	0	1397721874639
1449210-	0		0	Wed Jul 03 08:06:42 +0800 2013			3595888138202247	3595888138202247				3595888138202247	0		#	0	<a href=" rel="nofollow">分享按钮</a>	皮尤最新调查显示：“数字原住民”爱纸书也爱图书馆-百道网 			1667190344	00	0	1397721874639
1449211-	0		1	Sat Jul 27 12:19:21 +0800 2013			3604649024321468	3604649024321468				3604649024321468	0		#	2	<a href=" rel="nofollow">分享按钮</a>	【每日一句�管理 】美式足球教�文斯?隆巴迪（Vince Lombardi）：�利不是一切，�利的�望才是。  			1667190344	00	0	1397721874639
1449212-	0		0	Fri Apr 22 07:29:29 +0800 2011			9478404488	9478404488				5598183077397402592	0			0	<a href=" rel="nofollow">微博 weibo.com</a>	我�可以�麽�：光是台�一地，年出�量�四��，一年之後，�有多少�活在�市？五年以後呢？十年以後呢？三十年以後呢？�著���想下去，做��的�免�出一身冷汗。			1667190344	00	0	1397721874640
1449213-	0		0	Thu Oct 31 08:48:04 +0800 2013			3639385091780159	3639385091780159				3639385091780159	0			1	<a href=" rel="nofollow">微博 weibo.com</a>	【Google著手�位教科�】Google是最新才加入�位教科�的�路大咖。根�美��工��局的�告指出，�去30年�，一般教科�的�位增加了超�八倍。�了�助�生���包的重量��少��，Google�在提供一���的替代方案──於�上��或是借�本。			1667190344	00	0	1397721874640
1449214-	0		0	Fri Aug 26 07:35:23 +0800 2011			3350543666272732	3350543666272732				3350543666272732	0			0	<a href=" rel="nofollow">微博 weibo.com</a>	回复@豆豆浣熊:��及假日��。平�可上网��（2�前即可），取票容易，�局（上班��）及大部份便利商店提供24小�取票服�。 //@豆豆浣熊:浩正老师，台湾买火车票难买不？			1667190344	00	3350508400795931	1397721874640
1449215-	0		3	Mon Mar 17 05:05:10 +0800 2014			3688976131487198	3688976131487198				3688976131487198	0			0	<a href=" rel="nofollow">百度分享</a>	【亲爱的桑德伯格，不必介意“Bossy”这个词】Facebook首席运营官雪莉・桑德伯格（Sheryl Sandberg）以敢作敢为而著称。在她的畅销书《向前一步》（Lean In）中，对如何在职场上取得成功提供了她的见解。现在，桑德伯格发起了一场禁用“bossy”（独断专横）这个词的运动。  			1667190344	00	0	1397721874641
1449216-	0		2	Wed Jun 05 08:55:03 +0800 2013			3585753432870532	3585753432870532				3585753432870532	0			1	<a href=" rel="nofollow">微博 weibo.com</a>	日新型磁浮列�， �速500公里。中���【�明�／�合��】 日本�海�路公司三日公布新型「Ｌ０」系�磁浮列�，�款列�的�速可�五百公里，��九月���。			1667190344	00	0	1397721874641
1449217-	0		0	Sat Jul 02 11:39:01 +0800 2011			13452188990	13452188990				5624594428857298555	0			2	<a href=" rel="nofollow">微博 weibo.com</a>	�事毫芒雕刻31年的�逢�，6月30日即��工作33年的中央印��退休；他耗�3�月��雕刻�0.2公分、�0.25公分的世界最小�「小王子」，中、英文版本的袖珍�各有16�、�2400字�附上彩色封面�插�，要用高倍放大�才能看到。    Power By udn.com			1667190344	00	0	1397721874641
1449218-	0		0	Sat Feb 08 17:25:21 +0800 2014			3675754057738711	3675754057738711				3675754057738711	0			3	<a href=" rel="nofollow">微博 weibo.com</a>	//@皎皎盐: @LTisLISA //@摆古论今: 转发微博			1667190344	00	3666930667857062	1397721874642
1449219-	0		1	Thu Jun 16 07:01:28 +0800 2011			12415281316	12415281316				5618585541967322241	0			0	<a href=" rel="nofollow">微博 weibo.com</a>	�果零售店 不肯�的秘�。			1667190344	00	0	1397721874642
1449220-	0		3	Tue Feb 25 08:24:50 +0800 2014			3681778617126158	3681778617126158				3681778617126158	0			6	<a href=" rel="nofollow">微博 weibo.com</a>	【出版�的未�：�容仍然�王，而好的�容�播形式���生】未�的出版��貌：�子��不一定是最�形式。出版�者必���使用者想要的出版形式，�子��不一定是�本�籍演化的最�形式。			1667190344	00	0	1397721874642
1449221-	0		0	Tue Jun 14 05:09:26 +0800 2011			12280552980	12280552980				5617814500860131584	0			1	<a href=" rel="nofollow">微博 weibo.com</a>	�然�果已��了iCloud付出450�美元，�瑞典Xcerion公司�下iCloud.com�址，但��是被告上法院，�回是位於美��利桑�州�凰城的「iCloud Communications」通�服�商，指控�果新推出的iCloud�端�存服�侵犯商��。			1667190344	00	0	1397721874643
1449222-	0		1	Tue May 17 07:24:53 +0800 2011			10757868700	10757868700				5607459021177891071	0			1	<a href=" rel="nofollow">微博 weibo.com</a>	知名的�神�者霍金�，一�人在他大�停止�作的�那，一切即��零。他以��譬喻人�，「��元件失��，��即�法�作。故障的���有天堂或�生。」			1667190344	00	0	1397721874643
1449223-	0		4	Thu May 23 04:06:09 +0800 2013			3580969695425083	3580969695425083				3580969695425083	0		#	2	<a href=" rel="nofollow">分享按钮</a>	书业的纠结：最终用户是读者面对的客户却非读者-百道网 			1667190344	00	0	1397721874643
1449224-	0		0	Sun Oct 13 09:42:19 +0800 2013			3632875763337249	3632875763337249				3632875763337249	0			9	<a href=" rel="nofollow">微博 weibo.com</a>	//@丛晓眉: 以音乐抵御今天的阴霾――阿什肯纳吉演奏并指挥莫扎特《第十二钢琴协奏曲》K.414。			1667190344	00	3632869655904979	1397721874643
1449225-	0		0	Thu Feb 13 17:41:24 +0800 2014			3677570031735675	3677570031735675				3677570031735675	0			0	<a href=" rel="nofollow">分享按钮</a>	【TVBS看板人物】��《 生命甘味.�道》  			1667190344	00	0	1397721874644
1449226-	0		0	Sun Jun 30 18:34:42 +0800 2013			3594959012221885	3594959012221885				3594959012221885	0			0	<a href=" rel="nofollow">分享按钮</a>	＜忆儿时＞李叔同选曲作词／我心�的歌／ 			1667190344	00	0	1397721874644
1449227-	0		1	Sun Aug 07 13:25:09 +0800 2011			3343746318494437	3343746318494437				3343746318494437	0			3	<a href=" rel="nofollow">微博 weibo.com</a>	有���：「看漫�好不好？」方文山回答�，他不�成�注��漫�，因�想像力和思考力被�像引�，「��法�化成自己的�西」。他建�民���像�食，要�泛吸收不同的�述，�能�成自己的判�力和�解。  Power By udn.com			1667190344	00	0	1397721874644
1449228-	0		2	Tue Aug 20 08:54:10 +0800 2013			3613294696456174	3613294696456174				3613294696456174	0			1	<a href=" rel="nofollow">微博 weibo.com</a>	【���其�很「�」？近�年���利率�1%】身��子商���，���也����，推出如Kindle平板��器等前瞻�品。有�於此，�����是��良公司。但�高�得太早，�良��良，他�的���不�得�煌。 			1667190344	00	0	1397721874645
1449229-	0		0	Fri May 31 03:50:06 +0800 2013			3583864759134915	3583864759134915				3583864759134915	0			0	<a href=" rel="nofollow">分享按钮</a>	赵一凡：我要写一本书，名叫《中国与美国》-百道网 			1667190344	00	0	1397721874645
1449230-	0		0	Sun Jun 19 04:36:10 +0800 2011			12604579810	12604579810				5619661353974762841	0		#	0	<a href=" rel="nofollow">新浪微群</a>	@老张-北京出版人沙龙 的微群 "出版人网微博群" 挺不错的  推荐大家也来看看~			1667190344	00	0	1397721874645
1449231-	0		0	Tue Oct 29 09:26:23 +0800 2013			3638669955388248	3638669955388248				3638669955388248	0			1	<a href=" rel="nofollow">华尔街日报中文版</a>	【苹果现金怎么用？投资未来更重要】 苹果坐拥1,470亿美元现金，这笔钱要怎么花才明智？本文作者认为，与其响应维权投资者的回购要求，不如投资于苹果的未来。  			1667190344	00	0	1397721874646
1449232-	0		0	Sat Jul 09 10:01:34 +0800 2011			13984436090	13984436090				5627166912407985110	0			1	<a href=" rel="nofollow">微博 weibo.com</a>	阜杭豆�突「休息」：阜杭豆�店位在台北市�山市�二�，有超�五十年的�史，是旅�指南的早餐名店，�乎每天都大排��。不�，阜杭近日�出公告，表示因店�人手不足，��七月十一日休息至八月九日，八月十日重新恢���。    Power By udn.com			1667190344	00	0	1397721874646
1449233-	0		0	Fri May 17 08:58:28 +0800 2013			3578868936074341	3578868936074341				3578868936074341	0			0	<a href=" rel="nofollow">FT中文网</a>	黑白色将是今秋亮点 - FT中文网乐尚街   （分享自 @FT中文网）			1667190344	00	0	1397721874646
1449234-	0		1	Wed Jul 10 04:37:53 +0800 2013			3598372299028556	3598372299028556				3598372299028556	0		#	1	<a href=" rel="nofollow">新浪博客</a>	分享自红尘文化  《晤对董桥先生》 - 这老风骨，直教我觉得艳若桃花   晤对董桥先生     昨夜，“豆瓣”里邂逅董桥，感悟良久，如痴如醉，竟如一场艳遇――全然不似钟立风先...  (来自 @头条博客) -   			1667190344	00	0	1397721874646
1449235-	0		0	Mon Jun 27 07:15:53 +0800 2011			13083040194	13083040194				5622671194035260967	0			0	<a href=" rel="nofollow">微博 weibo.com</a>	�金山海�新大� 大�打造： ������，大��商品不�攻占美�消�市�，�在��金山新的海�大�都外包大�建造，由大�工人在上海�造，再�到�金山��。    全文�址: �金山海�新大� 大�打造 | ��焦� | 全球�察 | �合新��    Power By udn.com			1667190344	00	0	1397721874647
1449236-	0		0	Thu Jun 06 08:26:46 +0800 2013			3586108711240930	3586108711240930				3586108711240930	0			0	<a href=" rel="nofollow">微博 weibo.com</a>	【每日一句�管理】阿里巴巴前CEO��：「所有的��者��多花���，去���人是怎�失�的。」			1667190344	00	0	1397721874647
1449237-	0		0	Thu Sep 12 04:16:38 +0800 2013			3621559774624517	3621559774624517				3621559774624517	0		#	1	<a href=" rel="nofollow">分享按钮</a>	【海豚出版社：几米品牌建设进行时】百道网   			1667190344	00	0	1397721874647
1449238-	0		0	Thu May 16 04:42:17 +0800 2013			3578442077942195	3578442077942195				3578442077942195	0		#	3	<a href=" rel="nofollow">分享按钮</a>	王坚：云计算和大数据，你们都理解错了-百道网 			1667190344	00	0	1397721874648
1449239-	0		0	Tue Nov 26 14:19:25 +0800 2013			3648890563866631	3648890563866631				3648890563866631	0		#	0	<a href=" rel="nofollow">分享按钮</a>	【�者要什�？�容工作者��妥善�用的 12 �感� 】  			1667190344	00	0	1397721874648
1449240-	0		0	Wed Apr 09 13:55:02 +0800 2014			3697444397599834	3697444397599834				3697444397599834	0			0	<a href=" rel="nofollow">分享按钮</a>	【每日一句�管理】「�家都是昨天的，�明天���都不是�家。」－－ ��，阿里巴巴��人  			1667190344	00	0	1397721874648
1449241-	0		1	Mon May 23 07:43:52 +0800 2011			11057028984	11057028984				5609690424180404686	0			0	<a href=" rel="nofollow">微博 weibo.com</a>	��?�柯布：我��二十年了，才��教你�如何思考的�腔��，其�是更深一�、更��的概念的快速入�：��思考，真正的意涵是�怎�操控；你怎�想，想什�。意思是，要有意�，�清醒，��你�注的�象，��怎�����建�出意�。因�，如果你�有能力在成年後做����，你整�就�了。			1667190344	00	0	1397721874649
1449242-	1		0	Sat Dec 21 10:40:51 +0800 2013			3657895252545223	3657895252545223				3657895252545223	0		#	1	<a href=" rel="nofollow">分享按钮</a>	【每日一句�管理】��家�斯.高汀(Seth Godin)：「我�相信我�想相信的,一旦我�相信某事,它就�成自我��的事�。」 「摘自《���人�尖人物工作��》」  			1667190344	00	0	1397721874649
1449243-	0		0	Wed Oct 16 04:41:05 +0800 2013			3633887114898718	3633887114898718				3633887114898718	0			0	<a href=" rel="nofollow">分享按钮</a>	【还没和盗版图书App直接对抗，出版社App就遭遇了冷场】百道网   			1667190344	00	0	1397721874649
1449244-	0		0	Wed Aug 24 11:40:40 +0800 2011			3349880618348300	3349880618348300				3349880618348300	0			0	<a href=" rel="nofollow">微博 weibo.com</a>	//@李天然_椿树城堡：//@刘春：张将军一直有一个梦想，打一场毛主席的人民战争，当年伊拉克战争时也这么预言过//@赵焰：回复@书生丁怀超:基本上可以说是个小品演员。呵呵。 //@书生丁怀超:哈哈！张召忠先生人脉过旺，比较喜欢对自己不清楚的事情发表意见，别人也比较喜欢听他侃大山。			1667190344	00	3349850335265947	1397721874650
1449245-	0		0	Sat Jun 08 04:19:45 +0800 2013			3586771327772726	3586771327772726				3586771327772726	0		#	1	<a href=" rel="nofollow">分享按钮</a>	陈逸达：编辑者在数位出版时代创意空间何在？-百道网 			1667190344	00	0	1397721874650
1449246-	0		1	Sat Jul 09 10:05:28 +0800 2011			13984690146	13984690146				5627167917430409770	0			1	<a href=" rel="nofollow">微博 weibo.com</a>	阜杭豆�店被��「台北人一定要吃的早餐店」之一，�因生意太好被��局�上，限期要求�立�一�票。   全文�址: 不想��票？ 阜杭豆�突「休息」 | 生活新� | 生活天� | �合新��    Power By udn.com			1667190344	00	0	1397721874650
1449247-	0		0	Thu Feb 20 18:39:48 +0800 2014			3680121452207213	3680121452207213				3680121452207213	0		#	0	<a href=" rel="nofollow">分享按钮</a>	【传统出版商，面对自助出版大潮的应对之策】百道网   			1667190344	00	0	1397721874651
1449248-	0		1	Fri Jul 29 07:13:41 +0800 2011			15561301982	15561301982				3340391345218555	0			2	<a href=" rel="nofollow">微博 weibo.com</a>	《我是黎智英》：我的事��展迅速，原因之一，是我不��新──因�我永�都是活在困�中。如果有人�我：「你的工作是什麽？」我��：「我�不工作，我只是在找出��，�求解�的�法，解�了��，我便�有工作了。」不少人�我�麽�，不知道我在�什麽，因�他�不知道工作的真�就是解���。			1667190344	00	0	1397721874651
1449249-	0		1	Tue Jul 12 08:05:23 +0800 2011			14211661296	14211661296				5628250227714402998	0			4	<a href=" rel="nofollow">微博 weibo.com</a>	施密特是�本「心�帝�：科技政治�代的�端」（Empire of the Mind: The Dawn of theTechno-Political Age，��）的新�作者之一，另一位作者是谷歌智�「Google Ideas」的��人柯恩（Jared Cohen）。此��由�登�屋出版社旗下的柯�普夫出版�行。    Power By udn.com			1667190344	00	0	1397721874651
1449250-	0		0	Tue Jun 04 06:29:01 +0800 2013			3585354307436429	3585354307436429				3585354307436429	0		#	0	<a href=" rel="nofollow">分享按钮</a>	网络课程：复兴还是覆灭？-百道网 			1667190344	00	0	1397721874651
1449251-	1		0	Sat Jan 11 05:33:39 +0800 2014			3665428087988432	3665428087988432				3665428087988432	0			0	<a href=" rel="nofollow">分享按钮</a>	【“汉译名著”丛书：一部西学东渐史】百道网   			1667190344	00	0	1397721874652
1449252-	0		0	Wed Oct 02 10:45:32 +0800 2013			3628905410086727	3628905410086727				3628905410086727	0		#	0	<a href=" rel="nofollow">分享按钮</a>	【每日一句�管理】台塑集���人王永�：「��管理，成本分析，要追根究底，分析到最後一�。」  			1667190344	00	0	1397721874652
1449253-	0		0	Wed Jul 03 08:13:23 +0800 2013			3595889820277450	3595889820277450				3595889820277450	0			0	<a href=" rel="nofollow">分享按钮</a>	俞晓群：可爱的文化人――王云五-百道网 			1667190344	00	0	1397721874652
1449254-	0		0	Tue Jul 19 07:20:39 +0800 2011			14751908332	14751908332				3336769219599513	0			11	<a href=" rel="nofollow">微博 weibo.com</a>	Facebook有�力，不�Google+�告上�：面�Google+的����，短���用��就突破千�人，���手Facebook相�提防，如果你想要在Facebook�告�位刊登�於Google+的�告，很抱歉！�是不被允�的。 			1667190344	00	0	1397721874653
1449255-	0		0	Mon Aug 01 09:05:04 +0800 2011			15785748126	15785748126				3341506539503937	0			0	<a href=" rel="nofollow">微博 weibo.com</a>	《我是黎智英》：「�作是借助上帝之能，行人�的事。」			1667190344	00	0	1397721874653
1449256-	0		0	Mon Jun 24 14:36:08 +0800 2013			3592724646914809	3592724646914809				3592724646914809	0			0	<a href=" rel="nofollow">微博 weibo.com</a>	【金玉「�」言 】年��，常�「�日方�」； 年老�，常�「��已晚」。（蔡�祥） Power By udn.com			1667190344	00	0	1397721874653
1449257-	0		0	Sun Feb 09 10:40:48 +0800 2014			3676014632766967	3676014632766967				3676014632766967	0			0	<a href=" rel="nofollow">新浪博客</a>	《《龙文鞭影》今读（二）》 重华大孝，武穆精忠，尧眉八彩，舜目重瞳。「重华大孝」译文：虞舜是个非常孝顺的人。重华，就是重新放出光华的意思，在这里代指... (来自 @头条博客)分享自书山寻路  			1667190344	00	0	1397721874653
1449258-	0		0	Sat Sep 14 10:36:40 +0800 2013			3622380188132847	3622380188132847				3622380188132847	0			0	<a href=" rel="nofollow">微博 weibo.com</a>	李肇星��，人生最重要的�段就是中�和大一、大二，他勉��生「��止境」�，「我越老越�得自己�知，越�得��很重要。」			1667190344	00	3622378749318418	1397721874654
1449259-	0		0	Mon Apr 14 16:08:18 +0800 2014			3699289874247489	3699289874247489				3699289874247489	0			0	<a href=" rel="nofollow">分享按钮</a>	��：人要狠狠被PK�，才�有出息。  			1667190344	00	0	1397721874654
1449260-	0		0	Fri Nov 29 09:55:01 +0800 2013			3649911193565836	3649911193565836				3649911193565836	0			2	<a href=" rel="nofollow">微博 weibo.com</a>	//@何为读书: 以前不是说“十亿资产，9亿库存”吗？//@常胜_笔记: 转发微博			1667190344	00	3648887828819329	1397721874654
1449261-	0		0	Wed May 29 03:37:16 +0800 2013			3583136753639306	3583136753639306				3583136753639306	0		#	0	<a href=" rel="nofollow">分享按钮</a>	我最喜欢的四本书.-百道网 			1667190344	00	0	1397721874655
1449262-	0		2	Wed Jul 13 07:29:43 +0800 2011			14292603920	14292603920				5628612121649473744	0			0	<a href=" rel="nofollow">微博 weibo.com</a>	转发微博。			1667190344	00	14170023773	1397721874655
1449263-	0		0	Wed Oct 16 04:42:42 +0800 2013			3633887521791646	3633887521791646				3633887521791646	0		#	0	<a href=" rel="nofollow">分享按钮</a>	【手游、页游们可以从传统游戏厂商那学些什么？】百道网   			1667190344	00	0	1397721874655
1449264-	1		1	Tue Jul 23 08:50:52 +0800 2013			3603147005804497	3603147005804497				3603147005804497	0			3	<a href=" rel="nofollow">微博 weibo.com</a>	优秀出版人是怎么炼成的？			1667190344	00	0	1397721874655
1449265-	0		1	Tue Nov 19 09:18:44 +0800 2013			3646278162197574	3646278162197574				3646278162197574	0			3	<a href=" rel="nofollow">微博 weibo.com</a>	最近有一款「�器人」，是��提供�五�以下幼�，�小��「��」，它的方式就是用「�音」，��幼���器人互�，�而��到「��」的��，���新��方式，也引起美�科技界的�目。			1667190344	00	3646277948255043	1397721874656
1449266-	0		1	Tue Jul 05 17:01:33 +0800 2011			13693020860	13693020860				5625790800590597321	0			4	<a href=" rel="nofollow">微博 weibo.com</a>	日本�者大前研一日前表示，如今的中�就像世界小姐，�都�著她�，但冷�想想，五年或十年後，�她不再漂亮了，��有那�大的吸引力�？  全文�址: 大前研一：中�像世界小姐 不美了�怎� | 政治 | ��要� | �合新��    Power By udn.com			1667190344	00	0	1397721874656
1449267-	0		0	Sat Jul 16 09:51:00 +0800 2011			14543986850	14543986850				3335719893246663	0			2	<a href=" rel="nofollow">微博 weibo.com</a>	四年前以八十�字「天���」技�江湖、被封�「女金庸」的�宇慧（�名�丰），���成新作「神偷天下」，��她的武�大�。  全文�址: �履安之女「女金庸」推新作 神偷天下     Power By udn.com			1667190344	00	0	1397721874656
1449268-	0		0	Sat May 11 15:18:05 +0800 2013			3576790138418316	3576790138418316				3576790138418316	0			1	<a href=" rel="nofollow">分享按钮</a>	美研究成果：仿昆��眼的�位相� - �位�代－台�最具影�力的科技媒� 			1667190344	00	0	1397721874657
1449269-	0		0	Tue Jul 09 08:16:18 +0800 2013			3598064864068623	3598064864068623				3598064864068623	0			0	<a href=" rel="nofollow">微博 weibo.com</a>	今天起，周一至周五，udn tv�再推出即�直播「新�ING」。「新�ING」在五分��，�您快速掌握新�重�。未�udn tv��在下午二�及五�持�推出三分�的「新�ING」。 			1667190344	00	0	1397721874657
1449270-	0		0	Thu Dec 05 08:13:53 +0800 2013			3652060065042453	3652060065042453				3652060065042453	0		#	0	<a href=" rel="nofollow">分享按钮</a>	【每日一句�管理】美�西南航空公司�裁赫伯��赫(Herb Kelleher)：「以��凝聚力的公司比靠畏���的公司要�固得多。」  			1667190344	00	0	1397721874657
1449271-	0		1	Mon Aug 29 13:38:00 +0800 2011			3351722085673488	3351722085673488				3351722085673488	0		#	0	<a href=" rel="nofollow">分享按钮</a>	电子书3.0《荒原》成功秘诀何在？-百道网 			1667190344	00	0	1397721874658
1449272-	0		0	Wed Apr 20 09:17:37 +0800 2011			9383004794	9383004794				221110420439242820	0			0	<a href=" rel="nofollow">微博 weibo.com</a>	2009年四月，耶�大��生�主席豪�（R.Howl）����，�林百里介���是一家「不�推翻自己�品」的科技公司，感�莫名。林百里告�他，��正�notebook、netbook�展到nobook（���）。豪�一向以�台�只擅��造，他�想到林百里想法如此前�而�新，竟然�IT��工具推演到nobook了。			1667190344	00	0	1397721874658
1449273-	0		2	Fri Jun 21 13:18:22 +0800 2013			3591617912737412	3591617912737412				3591617912737412	0			1	<a href=" rel="nofollow">微博 weibo.com</a>	詹宏志：我打交道的公��，是一群有�貌的失�主�者。			1667190344	00	0	1397721874658
1449274-	0		1	Fri Jan 10 04:47:35 +0800 2014			3665054111477152	3665054111477152				3665054111477152	0		#	1	<a href=" rel="nofollow">分享按钮</a>	【图书评选为啥歧视畅销书？】百道网   			1667190344	00	0	1397721874658
1449275-	1		0	Tue Feb 11 05:17:41 +0800 2014			3676658093726835	3676658093726835				3676658093726835	0		#	1	<a href=" rel="nofollow">分享按钮</a>	【一位资深学术编辑的组稿和数字出版之谈】百道网   			1667190344	00	0	1397721874659
1449276-	1		2	Wed Jan 22 05:56:20 +0800 2014			3669420063041460	3669420063041460				3669420063041460	0			2	<a href=" rel="nofollow">分享按钮</a>	【咖啡印书机是独立书店的正确选择吗？】百道网   			1667190344	00	0	1397721874659
1449277-	0		0	Tue Nov 12 14:24:34 +0800 2013			3643818425513708	3643818425513708				3643818425513708	0		#	0	<a href=" rel="nofollow">华尔街日报中文版</a>	【中国铜陵的增长妙方：改革户籍制度】中国户籍制度阻碍移民到大城市享受更好的社会福利。而传统铜矿城市铜陵则通过改革户籍制度邀请移民前来定居，解决了向制造业转型时的工人短缺问题，提振了经济。  			1667190344	00	0	1397721874659
1449278-	0		1	Fri Jun 24 07:48:58 +0800 2011			12867333638	12867333638				5621566464028223265	0			4	<a href=" rel="nofollow">微博 weibo.com</a>	美��利商�局通��果4��利，最引人注目的就是�控手��利 ，涵�一指或多指��控�幕互��，系����手�有所回�，包括使用手指操作��器�，使用者可以�小或放大��嵌入的程式，如地�，�不影����面比例等，某�程度上��，相�於�了�果��的�容式多��控操作的所有�。			1667190344	00	0	1397721874660
1449279-	0		0	Sat Mar 22 10:24:51 +0800 2014			3690868521784572	3690868521784572				3690868521784572	0			0	<a href=" rel="nofollow">分享按钮</a>	【马云在北大的演讲中都说了什么？】 周二晚，在北京大学百年讲堂，马云进行了一场公开演讲，在演讲中谈及阿里巴巴15年的创业历程，来往与微信之争，以及打车软件大战，借壳  （欢迎关注 @21世纪网 官方微信）  			1667190344	00	0	1397721874660
1449280-	0		0	Tue Jun 11 08:10:25 +0800 2013			3587916540033777	3587916540033777				3587916540033777	0			0	<a href=" rel="nofollow">微博 weibo.com</a>	詹宏志：《有政府如此，何需�人？》 ──�於金管�近日��的���明 			1667190344	00	0	1397721874660
1449281-	0		0	Sat Sep 14 10:50:26 +0800 2013			3622383657468723	3622383657468723				3622383657468723	0		#	0	<a href=" rel="nofollow">分享按钮</a>	【南�研�摺����，��停�不卡卡】  			1667190344	00	0	1397721874661
1449282-	0		0	Fri Jan 24 05:06:32 +0800 2014			3670132306464662	3670132306464662				3670132306464662	0		#	0	<a href=" rel="nofollow">分享按钮</a>	【从西方视角阅读中国的46本书】百道网   			1667190344	00	0	1397721874661
1449283-	1		0	Wed Feb 26 06:05:40 +0800 2014			3682105987325704	3682105987325704				3682105987325704	0		#	0	<a href=" rel="nofollow">分享按钮</a>	《爱的艺术》：爱的能力给予要比索取和接纳快乐-百道网   			1667190344	00	0	1397721874661
1449284-	0		0	Tue Jun 04 06:30:04 +0800 2013			3585354567495246	3585354567495246				3585354567495246	0		#	0	<a href=" rel="nofollow">分享按钮</a>	熊泽敏之：平装本革命带来了什么？――从“大众性”走向“泛用性”的转型期的思考-百道网 			1667190344	00	0	1397721874661
1449285-	0		0	Fri Jul 01 07:31:53 +0800 2011			13365734286	13365734286				5624159657899404339	0			0	<a href=" rel="nofollow">微博 weibo.com</a>	�生�家30日警告，最近�洲的出血性大��菌疫情，可能��埃及�口的葫�巴籽（fenugreek seeds）有�，因此疫情可能���大。    全文�址: �洲致命大��菌 恐源自埃及葫�巴籽 | 即�新� | 全球�察 | �合新��    Power By udn.com			1667190344	00	0	1397721874662
1449286-	0		0	Tue May 21 10:30:57 +0800 2013			3580341761471549	3580341761471549				3580341761471549	0			0	<a href=" rel="nofollow">微博 weibo.com</a>	��人�罕至：Google如何拍下海底世界景色？  …			1667190344	00	0	1397721874662
1449287-	0		0	Wed Feb 26 08:05:56 +0800 2014			3682136257569972	3682136257569972				3682136257569972	0		#	0	<a href=" rel="nofollow">FT中文网</a>	【用「大数据」监控员工】越来越多的初创企业开始运用先进的数据分析、数据采集技术，研究员工在工作场所的行为模式，借此帮助企业雇主提高劳动生产率。 （分享自 @FT中文网）  			1667190344	00	0	1397721874662
1449288-	0		1	Sat Jun 01 04:10:07 +0800 2013			3584232184562165	3584232184562165				3584232184562165	0			0	<a href=" rel="nofollow">分享按钮</a>	《东方历史评论》：我们要出版应有的历史-百道网 			1667190344	00	0	1397721874663
1449289-	0		2	Wed Aug 17 08:04:11 +0800 2011			3347289423571847	3347289423571847				3347289423571847	0			5	<a href=" rel="nofollow">微博 weibo.com</a>	莫斯科到北京，旅�火�出�了。 俄�斯旅�公司�通莫斯科往返北京的��火�旅�路�，昨日�莫斯科喀山火�站首�，��29日抵�北京，沿途����加�湖及夜宿蒙古包。   Power By udn.com			1667190344	00	0	1397721874663
1449290-	0		0	Thu Jun 13 15:25:01 +0800 2013			3588750682839081	3588750682839081				3588750682839081	0			0	<a href=" rel="nofollow">分享按钮</a>	[TED 中文] 比�．��.退而不休 / Bill Gates on mosquitos, malaria and education. 			1667190344	00	0	1397721874663
1449291-	0		0	Tue Aug 09 07:40:06 +0800 2011			3344384259687811	3344384259687811				3344384259687811	0			1	<a href=" rel="nofollow">微博 weibo.com</a>	南��位通膨，博士��清�工。			1667190344	00	0	1397721874663
1449292-	0		1	Mon Apr 14 08:28:53 +0800 2014			3699174258717916	3699174258717916				3699174258717916	0		#	1	<a href=" rel="nofollow">福布斯中文网</a>	贝索斯公开信完整版：未来的21个潜力点（分享自 @福布斯中文网）  			1667190344	00	0	1397721874664
1449293-	0		0	Tue Jul 02 11:06:17 +0800 2013			3595570940092598	3595570940092598				3595570940092598	0		#	0	<a href=" rel="nofollow">加网分享按钮</a>	原《看历史》团队转做数字杂志 中国数字出版在线-数字出版产业门户，数字出版、新媒体、新技术、新商业互动交流平台。 			1667190344	00	0	1397721874664
1449294-	0		0	Wed Apr 02 03:14:40 +0800 2014			3694746533332290	3694746533332290				3694746533332290	0			0	<a href=" rel="nofollow">分享按钮</a>	【自助出版已经火了一阵子了，最近终于有了一本自助出版的图书登上了���榜首】自助出版，将成为未来游戏业的必选项-百道网   			1667190344	00	0	1397721874664
1449295-	0		2	Thu Apr 21 07:54:28 +0800 2011			9429640368	9429640368				221110421458169953	0			2	<a href=" rel="nofollow">微博 weibo.com</a>	�手�、�子���器、小��「聚合」（converging）�一；��子���器成了成熟�品（成本低�到可免�搭配�送）；��本��利可��──朋友�！我�可能就是人��媒介的末代工作者。			1667190344	00	0	1397721874665
1449296-	0		0	Thu May 30 10:35:14 +0800 2013			3583604322370290	3583604322370290				3583604322370290	0		#	0	<a href=" rel="nofollow">FT中文网</a>	【Facebook创始人的新点子】美国《旗帜周刊》高级编辑考德威尔：扎克伯格创办的游说组织FWD.us是一种新型的利益集团，它最近试图达成的目标之一，是让更多的外国技术人员来美国。   （分享自 @FT中文网）			1667190344	00	0	1397721874665
1449297-	0		0	Fri Aug 26 09:50:00 +0800 2011			3350577543767747	3350577543767747				3350577543767747	0		#	0	<a href=" rel="nofollow">FT中文网</a>	FT社�：�果之魂�布斯 - FT中文�   （分享自 @FT中文网）			1667190344	00	0	1397721874665
1449298-	0		0	Thu Jun 23 05:38:40 +0800 2011			12806782100	12806782100				5621161800793325993	0			1	<a href=" rel="nofollow">微博 weibo.com</a>	潘基文�掌�����， 引「老子」名言：�合�大�21日通����潘基文�任案，�位67�南�前外��再做5年，自明年元旦起至2016年底。潘基文�後�表演�，���推行「新多�主�精神」；�特�引用老子哲言「天之道，利而不害��人之道，�而不�」，��援引老子智慧，推�今後�合�工作。			1667190344	00	0	1397721874665
1449299-	0		1	Mon Nov 18 10:48:55 +0800 2013			3645938482962923	3645938482962923				3645938482962923	0		#	0	<a href=" rel="nofollow">FT中文网</a>	【日本教科书问题的“新意”】复旦大学历史系教授冯玮：日本重新制定教科书审查标准，要求“按照政府见解记述历史和领土等问题”，实欲通过刺激中国抗议渲染“中国威胁”，以获得修改和平宪法的依据。 （分享自 @FT中文网）  			1667190344	00	0	1397721874666
1449300-	0		0	Thu Jul 25 08:00:31 +0800 2013			3603859110531740	3603859110531740				3603859110531740	0			0	<a href=" rel="nofollow">微博 weibo.com</a>	【CNN革新，拓���加��位】美�有���新��(CNN)全球�裁朱克(Jeff Zucker)23日表示，CNN���一步增加人情趣味新�，�吸引更多人使用�位平台。朱克�，CNN收�率今年「大幅提高」，但「�要精益求精」。			1667190344	00	0	1397721874666
1449301-	0		0	Fri Mar 28 04:50:05 +0800 2014			3692958602155928	3692958602155928				3692958602155928	0			0	<a href=" rel="nofollow">分享按钮</a>	【俞晓群：旧书单――无法忘却的记忆】百道网   			1667190344	00	0	1397721874666
1449302-	0		2	Fri Jul 22 08:55:32 +0800 2011			15003205871	15003205871				3337880261632310	0			4	<a href=" rel="nofollow">微博 weibo.com</a>	梁�秋的「雅舍小品」其�是抗��期在重�北碚定居�的作品。北碚��「雅舍」很�陋，梁�秋�住後，�人墨客�常聚在��吟�作�，�琴�弈。住在��七年，梁�秋�作廿�篇小品，引起�烈回�；1949年�台之後，「雅舍小品」出版成�，再版三百多次。    Power By udn.com			1667190344	00	0	1397721874667
1449303-	0		0	Mon Aug 01 09:04:37 +0800 2011			15785729146	15785729146				3341506425953956	0			0	<a href=" rel="nofollow">微博 weibo.com</a>	《我是黎智英》：「�作最大的危�，是站在自己而不是�人的肩膀上。」			1667190344	00	0	1397721874667
1449304-	0		0	Sun Nov 17 10:37:33 +0800 2013			3645573234207566	3645573234207566				3645573234207566	0			1	<a href=" rel="nofollow">百度分享</a>	【新疆80个吸引世界的中国（世界）之最】福布斯中文网  			1667190344	00	0	1397721874667
1449305-	1		3	Fri Aug 30 10:46:53 +0800 2013			3616946946126553	3616946946126553				3616946946126553	0		#	10	<a href=" rel="nofollow">分享按钮</a>	张维军：从版权专员到卓越的图文书编辑-百道网   			1667190344	00	0	1397721874668
1449306-	0		0	Mon Jan 27 05:18:00 +0800 2014			3671222355433998	3671222355433998				3671222355433998	0		#	0	<a href=" rel="nofollow">财新网分享</a>	财新网博客(blog.caixin.com)：【萨默斯的二十年之约】雪山上宾馆里一个不大的房间，从窗户到壁炉都是原木框子，窗棂上放着一排装水的玻璃瓶和杯子。房间一端坐了30多个听众，一端是准备演讲和讨论的嘉宾。放到哪里，这都是一个全明星阵容：世行行长金墉、博茨瓦纳的央行......  			1667190344	00	0	1397721874668
1449307-	0		1	Wed May 22 04:52:21 +0800 2013			3580618933996801	3580618933996801				3580618933996801	0		#	0	<a href=" rel="nofollow">分享按钮</a>	当书店发生大规模灭绝，出版商会重蹈渡渡鸟的覆辙吗?-百道网 			1667190344	00	0	1397721874668
1449308-	0		0	Tue Dec 10 11:37:12 +0800 2013			3653923166997168	3653923166997168				3653923166997168	0		#	0	<a href=" rel="nofollow">加网分享按钮</a>	【数字出版中国方阵】中国数字出版在线-数字出版产业门户，数字出版、新媒体、新技术、新商业互动交流平台。  			1667190344	00	0	1397721874668
1449309-	0		0	Sat Jul 16 10:54:23 +0800 2011			14547619416	14547619416				3335735843914006	0			4	<a href=" rel="nofollow">微博 weibo.com</a>	�邦媛： 感�哈佛大��座教授王德威以〈如此悲�，如此愉�，如此�特〉��切中我心的��，�此�作真正的��。他是研究中��代文�的�家，兼蓄�史眼界�文�胸襟，�我所�的�代和家�有深刻的了解，也因此能�人所未�，�明�是一本「惆�之�」。			1667190344	00	0	1397721874669
1449310-	0		4	Fri Jun 28 08:22:24 +0800 2013			3594080149659582	3594080149659582				3594080149659582	0			2	<a href=" rel="nofollow">微博 weibo.com</a>	�永�停了…最美�作家郭良蕙�世 【�合��者�宛茜／台北��】有「文�最美�作家」之�的郭良蕙，本月19日清晨零�49分因�溢血�世，享�87�。�7月3日上午9�，在台北市立第二�����告�式。郭良蕙1926年生於河南�封，��於�旦外文系。  Power By udn.com			1667190344	00	0	1397721874669
1449311-	0		0	Fri Jul 08 15:27:45 +0800 2011			13930192526	13930192526				5626879884039627498	0			0	<a href=" rel="nofollow">微博 weibo.com</a>	//@陈晓晖：这套书已经上架			1667190344	00	13929469444	1397721874669
1449312-	0		0	Sat Jun 08 14:32:45 +0800 2013			3586925593629981	3586925593629981				3586925593629981	0			0	<a href=" rel="nofollow">微博 weibo.com</a>	詹宏志之怒：�端�代�了，台�可能不如非洲？近年非洲的智慧手��售快速成�，第三方支付工具�之�起，反�台��停留在「官�研究中」�段。�路家庭董事�詹宏志�，台�的管理者，�野�勇�，�比非洲不如。			1667190344	00	0	1397721874670
1449313-	1		1	Tue Dec 31 04:43:30 +0800 2013			3661429200946708	3661429200946708				3661429200946708	0		#	6	<a href=" rel="nofollow">百度分享</a>	【一个爱书者推荐的2013年10本好书】福布斯中文网  			1667190344	00	0	1397721874670
1449314-	0		0	Tue Jan 21 04:47:47 +0800 2014			3669040424175299	3669040424175299				3669040424175299	0			0	<a href=" rel="nofollow">百度分享</a>	【张瑞敏：互联网思维的海尔不需要怎样的人？】张瑞敏的年终三问，即企业的互联网思维是什么？企业的互联网宗旨是什么？员工的互联网价值是什么？福布斯中文网  			1667190344	00	0	1397721874670
1449315-	0		2	Tue Oct 08 14:20:05 +0800 2013			3631133727055948	3631133727055948				3631133727055948	0			3	<a href=" rel="nofollow">微博 weibo.com</a>	转发微博			1667190344	00	3631113731420283	1397721874671
1449316-	0		0	Tue Jun 28 16:48:02 +0800 2011			13184357824	13184357824				5623189721137477500	0			0	<a href=" rel="nofollow">微博 weibo.com</a>	美�子�普及， 12%成人上路。			1667190344	00	0	1397721874671
1449317-	1		1	Fri Feb 28 06:04:08 +0800 2014			3682830381158893	3682830381158893				3682830381158893	0			1	<a href=" rel="nofollow">百度分享</a>	【20岁的创客张添乙：从伯克利辍学，打造智能耳机】美国伯克利大学电子工程和计算机系大二学生张添乙（Nelson Zhang）决定退学―― 就像比尔・ 盖茨和马克・ 扎克伯格那样。这一年他入选了彼得・ 泰尔基金会的“20 UNDER 20”名单，获得了来自这家基金的10 万美元创业基金。  			1667190344	00	0	1397721874671
1449318-	0		0	Wed Jun 15 07:14:55 +0800 2011			12347502040	12347502040				5618217922845619585	0			0	<a href=" rel="nofollow">微博 weibo.com</a>	��大��翰奈思比：「未�」，其�已�在「�在」。			1667190344	00	0	1397721874671
1449319-	0		0	Thu Sep 15 09:57:39 +0800 2011			3357827232317737	3357827232317737				3357827232317737	0			0	<a href=" rel="nofollow">微博 weibo.com</a>	��策略是指，�事��手不同的作�，或以�於�手的方式，�事�似的作�。～策略大��可?波特（Michael Porter）			1667190344	00	0	1397721874672
1449320-	0		2	Thu Apr 21 07:52:39 +0800 2011			9429607042	9429607042				221110421458482685	0			0	<a href=" rel="nofollow">微博 weibo.com</a>	《Google�怎麽做？》�有段文字值得摘�下�，�出版同行一起省思�「你�自��我是在��知�，�是���料？我是一家社群公司，�是一�平�、一���？我的�值在哪�？收入何�？要�住：�值和收入有可能�自不同地方�收入可能是�另外一����。此�，你若是�法清楚定位，就危�了。」			1667190344	00	0	1397721874672
1449321-	0		0	Sat Mar 29 12:40:36 +0800 2014			3693439403254319	3693439403254319				3693439403254319	0			0	<a href=" rel="nofollow">加网分享按钮</a>	【冯骥才:反对对文化用“开发”这个野蛮的词汇】 中国数字出版在线-数字出版产业门户，数字出版、新媒体、新技术、新商业互动交流平台。  			1667190344	00	0	1397721874672
1449322-	0		1	Tue Sep 03 13:48:40 +0800 2013			3618442240774444	3618442240774444				3618442240774444	0		#	2	<a href=" rel="nofollow">分享按钮</a>	【一对台湾80后小夫妻的终极梦想：我的街角书店】百道网   			1667190344	00	0	1397721874673
1449323-	0		0	Fri Apr 22 07:42:27 +0800 2011			9478619416	9478619416				5598186418882014204	0			0	<a href=" rel="nofollow">微博 weibo.com</a>	发表了博文 《汗�者言──我�什麽放�《��力初探1.0：����人的信》版�？/【附�１】》 			1667190344	00	0	1397721874673
1449324-	0		0	Sun Jul 31 13:36:55 +0800 2011			15741194066	15741194066				3341212564754389	0			0	<a href=" rel="nofollow">微博 weibo.com</a>	《我是黎智英》：「本事是���中��出�的。本事不是做事的方法或技巧，更不是一套一成不�的道理，而是判���的能力。……你有本事，那是因�你懂得判���。」			1667190344	00	0	1397721874673
1449325-	0		1	Sun Jul 03 07:31:08 +0800 2011			13508705094	13508705094				5624901634982425556	0			3	<a href=" rel="nofollow">分享按钮</a>	选题策划四原则之我见（有感而发） 			1667190344	00	0	1397721874674
1449326-	0		3	Fri Aug 26 05:15:15 +0800 2011			3350508400795931	3350508400795931				3350508400795931	0		#	2	<a href=" rel="nofollow">分享按钮</a>	��不同─�伯斯其人、事、� - �位�代 			1667190344	00	0	1397721874674
1449327-	0		0	Tue Apr 19 08:02:40 +0800 2011			9332314604	9332314604				221110419415249224	0			0	<a href=" rel="nofollow">微博 weibo.com</a>	���介面只需99美元以下就可�得、�上�漫�打破所有疆界一�阻隔�、�所有媒�都被Google支配的那一天到��──我��目睹世界以犬年的速度前�，很快的，那�世界肯定不是我��在所熟悉的�子了			1667190344	00	0	1397721874674
1449328-	0		0	Thu Jul 07 07:33:11 +0800 2011			13810982980	13810982980				5626386503965694133	0			0	<a href=" rel="nofollow">微博 weibo.com</a>	�冠�曾��三�文��及��文��，他鼓�後�，「要成�世界�的文�家，一定要大量��，且要像�炭一�，忍受天地的千�百�，才能成�永垂不朽的金��」。 作家季季�，�冠�早看破名利，前�出版社多次想�他�取�家文��，都遭拒�。     Power By udn.com			1667190344	00	0	1397721874674
1449329-	0		0	Tue Mar 18 06:05:50 +0800 2014			3689353786450276	3689353786450276				3689353786450276	0			1	<a href=" rel="nofollow">百度分享</a>	【“设计思维”到底是什么？】设计思维（Design Thinking）有两层含义：首先它是一个关于积极改变世界的信念体系，你可以把它理解为是一种意识形态；其次它是一套如何进行创新探索的方法论系统，包含了许多触发创意的方法，你可以把它理解为一个工具包。/福布斯中文网  			1667190344	00	0	1397721874675
1449330-	0		3	Mon Jun 06 08:12:12 +0800 2011			11818473316	11818473316				5614892918072319094	0			3	<a href=" rel="nofollow">微博 weibo.com</a>	北京日���，「百年孤�」以其魔幻��的�法，��奎斯嬴得一九八二年的���文��，他的「�在瘟疫蔓延�」（大�翻作「霍��期的�情」）一�，�者一�耳熟能�。不�，「百年孤�」一九六七年在阿根廷首次出版，大��隔了四十四年才取得��字版�。			1667190344	00	0	1397721874675
1449331-	1		0	Wed May 22 17:17:56 +0800 2013			3580806579031458	3580806579031458				3580806579031458	0			1	<a href=" rel="nofollow">微博 weibo.com</a>	//@李庆001: 我还能说什么呢，这正是当下的我及众人！			1667190344	00	3456358597159346	1397721874676
1449332-	0		0	Fri May 31 04:06:02 +0800 2013			3583868768282262	3583868768282262				3583868768282262	0			0	<a href=" rel="nofollow">微博 weibo.com</a>	【限时特惠，电子书促销的秘笈。】本月的一个周日，丹尼斯・勒翰(Dennis Lehane)写的犯罪惊悚小说《失踪的宝贝》(Gone, Baby, Gone)的电子版卖出23册，对于一本最初于1998年出版，已湮没无闻的小说而言，这是个很典型的小数目。第二天，却突然一下子卖出13071本。纽约时报中文网 			1667190344	00	0	1397721874676
1449333-	0		0	Fri Jul 15 07:30:33 +0800 2011			14458229306	14458229306				3335322159677088	0			3	<a href=" rel="nofollow">微博 weibo.com</a>	��的stock��器�直把�果的Safari比下去，不�支援Flash，也可以完全�示更多�站，速度又快，而且�形金�也可使用Firefox 4。			1667190344	00	0	1397721874676
1449334-	0		0	Thu Jun 30 07:19:55 +0800 2011			13292020080	13292020080				5623785488950368222	0			0	<a href=" rel="nofollow">微博 weibo.com</a>	威望��（CatchPlay）昨（29）日宣布推出CatchPlay.Me���端服�，董事��主望表示，CatchPlay.Me全球首�全�一�服�，是全方位的影音��平台，下半年要�入香港及大�市�。用�每月支付199元可以透�手�、��等�端�品，�限�看影片、影集，�有2,500小�的影片，在�界�下震撼�。			1667190344	00	0	1397721874676
1449335-	0		1	Sun Jul 31 13:41:55 +0800 2011			15741549702	15741549702				3341213823097459	0			1	<a href=" rel="nofollow">微博 weibo.com</a>	《我是黎智英》：「做生意，人人都出主意，那是不�好�事的。」			1667190344	00	0	1397721874677
1449336-	0		0	Fri Sep 16 07:08:36 +0800 2011			3358147071110358	3358147071110358				3358147071110358	0		#	0	<a href=" rel="nofollow">分享按钮</a>	牛津大学出版社拟突破传统模式考虑并购发展-百道网 			1667190344	00	0	1397721874677
1449337-	0		1	Wed Jan 22 05:49:45 +0800 2014			3669418406211705	3669418406211705				3669418406211705	0			2	<a href=" rel="nofollow">分享按钮</a>	【王文鹏：做畅销书就像找老婆】百道网   			1667190344	00	0	1397721874677
1449338-	0		0	Thu Jan 02 13:50:32 +0800 2014			3662291646311689	3662291646311689				3662291646311689	0		#	0	<a href=" rel="nofollow">分享按钮</a>	【每日一句�管理】海�集���人�瑞敏：「管理者必��行��管理，而不是危�管理。」  			1667190344	00	0	1397721874678
1449339-	0		3	Sat Jul 16 10:14:04 +0800 2011			14545255484	14545255484				3335725698082738	0			1	<a href=" rel="nofollow">微博 weibo.com</a>	�邦媛： 日本�者�怎�看�本�呢？中日��那八年，有�百�日本兵死在深不可�的中�大�。而中�人，前十年被追�奔跑，後六十年大�散，�千�人�代湮�。死者默默，生者�可�言？   Power By udn.com			1667190344	00	0	1397721874678
1449340-	0		0	Sat May 11 04:13:10 +0800 2013			3576622810817139	3576622810817139				3576622810817139	0		#	0	<a href=" rel="nofollow">FT中文网</a>	【马云：未来5年中国30%零售网上完成】麦肯锡研究显示，目前中国零售总额中网络销售比重不到6%   （分享自 @FT中文网）			1667190344	00	0	1397721874678
1449341-	1		0	Wed Apr 16 15:08:36 +0800 2014			3699999626060380	3699999626060380				3699999626060380	0			0	<a href=" rel="nofollow">华尔街日报中文版</a>	互联网还将给中国带来什么？-华尔街日报  			1667190344	00	0	1397721874678
1449342-	0		4	Tue Jun 04 06:31:30 +0800 2013			3585354927904572	3585354927904572				3585354927904572	0			0	<a href=" rel="nofollow">微博 weibo.com</a>	���Kindle入�落定：6月7日��上市			1667190344	00	0	1397721874679
1449343-	0		0	Wed Jul 10 10:46:40 +0800 2013			3598465106311432	3598465106311432				3598465106311432	0		#	0	<a href=" rel="nofollow">分享按钮</a>	�子��大�不����，Barnes & Noble�行��� 。 			1667190344	00	0	1397721874679
1449344-	0		1	Fri Jul 22 08:59:27 +0800 2011			15003449341	15003449341				3337881247047961	0			2	<a href=" rel="nofollow">微博 weibo.com</a>	梁�秋的感情世界也�外界津津�道。梁�秋�前妻程季淑十分恩�，不料程季淑因意外去世，深情款款的梁�秋悼念亡妻�下「槐���」一���思念，感����者。    全文�址: 梁�秋生平／和�迅�� 婚姻��奇 | �合 | ��要� | �合新��    Power By udn.com			1667190344	00	0	1397721874680
1449345-	0		0	Thu Mar 06 05:37:38 +0800 2014			3684998039060868	3684998039060868				3684998039060868	0			0	<a href=" rel="nofollow">财新网</a>	【数字消费者来了，如何“粘”住他们？】数字化的生活方式必将塑造一个崭新的消费时代。如今的消费者精通各类电子产品和技术，当选购商品时，他们不厌其烦地“遨游”于各种数字化渠道，作为经营者，应该如何发现并留住他们？ 			1667190344	00	0	1397721874680
1449346-	0		2	Fri Oct 11 13:18:13 +0800 2013			3632205320461629	3632205320461629				3632205320461629	0			2	<a href=" rel="nofollow">华尔街日报中文版</a>	【中国人口正趋向大城市化而非城镇化】 农村人口的大量流失，向大城市迁移，已经说明农村的工业化不可行，而离开了工业依托的城镇化，就有点像无本之木、无源之水，其生命力有多强呢？（本文作者李迅雷是海通证券副总裁兼首席经济学家。）  			1667190344	00	0	1397721874680
1449347-	0		0	Sat Jul 09 07:26:56 +0800 2011			13977374574	13977374574				5627127063699283003	0			0	<a href=" rel="nofollow">分享按钮</a>	销售策划：书店最后的救命稻草？-百道网 			1667190344	00	0	1397721874680
1449348-	0		1	Fri Jan 03 08:22:10 +0800 2014			3662571393105937	3662571393105937				3662571393105937	0			1	<a href=" rel="nofollow">微博 weibo.com</a>	【和病魔��26年，音�教父李泰祥�世】「多想啊，就��沉沉的睡去；�流到��，醒了不再想…再笑一笑，一笑就走了…」著名音�家李泰祥在曲中如此��「告�」；和帕金森氏症��二十六年，五年前又罹患甲�腺癌的李泰祥，近日病��化，昨晚八�廿分病逝，享�七十三�。			1667190344	00	0	1397721874681
1449349-	1		1	Mon Feb 17 12:40:04 +0800 2014			3678943754340896	3678943754340896				3678943754340896	0			0	<a href=" rel="nofollow">分享按钮</a>	【每日一句�管理】「比�人想到的�冒�才安全，比�人想到的�想大才��。」――星巴克��人暨�行�舒�茨（Howard Schultz）  			1667190344	00	0	1397721874681
1449350-	0		0	Mon Aug 26 09:17:15 +0800 2013			3615474833647972	3615474833647972				3615474833647972	0			0	<a href=" rel="nofollow">华尔街日报中文版</a>	【奥尼尔：中国是目前唯一称得上的金砖国家】 金砖四国概念的缔造者、前高盛资产管理部主席奥尼尔承认除中国外，其他三个国家近年来的经济发展令他感到失望。  			1667190344	00	0	1397721874681
1449351-	0		0	Sun Jun 12 16:24:28 +0800 2011			12187955576	12187955576				5617246285265801704	0		#	1	<a href=" rel="nofollow">新浪微群</a>	新浪微群全新升级给力上线！这年头不玩个微博，都不好意思跟人打招呼；不玩个微群，都不知道跟谁聊点啥。新版微群回复上顶很新鲜，左侧导航很方便，话题讨论很便捷，文件共享很好玩，还有在线聊天等全新功能。 新浪微群--总有一群人和你一样			1667190344	00	0	1397721874682
1449352-	0		0	Tue Jun 21 14:35:19 +0800 2011			12722400972	12722400972				5620557924097876374	0			0	<a href=" rel="nofollow">微博 weibo.com</a>	回复@�_�星 今春��出版商��丁�店更以�百�美元和她��，��出版哈金的《水歌》（Watersong）系列四部小�。 //@�_�星:那最后是哪家出版的？			1667190344	00	12722138720	1397721874682
1449353-	0		0	Thu Aug 18 07:21:24 +0800 2011			3347641044703965	3347641044703965				3347641044703965	0			0	<a href=" rel="nofollow">微博 weibo.com</a>	【�合���者�宛茜／台北��】「我想�一部台�的�世�神�。」作家李昂�在鬼月推出�篇小�「附身」，�喻台�殖民�史。有趣的是，�表�上���算命��字，�出她的新���大�。 李昂透露�感�自真�事件的「�夫」後，「彷�打�另一�世界的介面」，暗夜�感到「某�神秘力量逼近」。			1667190344	00	0	1397721874682
1449354-	0		0	Tue Jan 21 05:31:50 +0800 2014			3669051509441084	3669051509441084				3669051509441084	0		#	0	<a href=" rel="nofollow">分享按钮</a>	【数字出版在过去五年中的变与不变：DBW世界电子书大会系列报道之一】百道网   			1667190344	00	0	1397721874683
1449355-	0		0	Mon Jan 06 12:28:38 +0800 2014			3663720582562633	3663720582562633				3663720582562633	0			0	<a href=" rel="nofollow">华尔街日报中文版</a>	【2014年CEO们最担心什么？】 虽然2013年美国股市飙升，但对于2014年，一些首席执行长仍然心存挥之不去的疑虑。他们最担心的问题林林总总，从美国的货币政策和政治僵局到原油价格飙升等等。  			1667190344	00	0	1397721874683
1449356-	0		0	Fri Jul 22 08:50:05 +0800 2011			15002877333	15002877333				3337878890314385	0			2	<a href=" rel="nofollow">微博 weibo.com</a>	梁�秋��迅打了一�子�仗，同�五四���竿人物，�迅在大�被奉�神明，故居遍布南北，是�客必�文��地；但梁�秋在台故居一片荒�，直到八年前才被台北市政府指定�古�，�大一年前著手修�，�於要完工�放，可��迅故居�望，�具有�代意�。   Power By udn.com			1667190344	00	0	1397721874683
1449357-	0		0	Tue Nov 26 08:17:50 +0800 2013			3648799564389817	3648799564389817				3648799564389817	0		#	3	<a href=" rel="nofollow">分享按钮</a>	【台湾成立「出版商业公会联合会」，旨在破解三大难题】百道网   			1667190344	00	0	1397721874683
1449358-	1		8	Tue Feb 25 08:19:41 +0800 2014			3681777325105351	3681777325105351				3681777325105351	0			16	<a href=" rel="nofollow">微博 weibo.com</a>	【自助出版成��，出�不用再看�商�色】原文作者 Mark Coker 是免��子�出版及通路平台 Smashwords 的��人，它是最大的�人�子�出版通路，已�助超�五�名作者出版，�且�出超� 20 �本�子�到主要零售商像 Apple iBookstore、Barnes & Noble、Sony 和 Kobo。			1667190344	00	0	1397721874684
1449359-	0		0	Fri Sep 30 07:13:31 +0800 2011			3363221738449787	3363221738449787				3363221738449787	0			0	<a href=" rel="nofollow">分享按钮</a>	大社群�代��！《�位�代媒�群》全��到 - �位�代 			1667190344	00	0	1397721874684
1449360-	0		3	Thu Apr 21 08:17:58 +0800 2011			9430161888	9430161888				221110421458788869	0			14	<a href=" rel="nofollow">微博 weibo.com</a>	洪�教授�：「我�目前整�教育都�在要求完美，不允�孩子犯�（�一�打一下），��耍求的�果是使孩子裹足不前，不敢追求自己的理想????，追求完美反而�孩子畏首畏尾。」			1667190344	00	0	1397721874684
1449361-	0		0	Sat Aug 27 17:56:02 +0800 2011			3351062245871012	3351062245871012				3351062245871012	0			1	<a href=" rel="nofollow">分享按钮</a>	詹宏志：“读”出职业缤纷-百道网 			1667190344	00	0	1397721874685
1449362-	1		7	Tue Nov 12 09:48:16 +0800 2013			3643748896536366	3643748896536366				3643748896536366	0		#	34	<a href=" rel="nofollow">华尔街日报中文版</a>	【17岁少年成千万富翁，引领阅读变革】 17岁的高中生达洛伊西奥设计的Summly阅读软件，能够将繁冗的文章精简成几行关键句子。该软件吸引了包括李嘉诚在内的众多投资者，并被雅虎以3000万美元高价收购。  			1667190344	00	0	1397721874685
1449363-	0		0	Tue Jul 19 07:28:11 +0800 2011			14752084962	14752084962				3336771115722391	0			10	<a href=" rel="nofollow">微博 weibo.com</a>	���差 �路害的：美�科�家��，普遍使用谷歌��影�料�等搜�引擎��料��搜��料，��人�的��力�差。��哥�比�大�科�家��，人�越�越不�跟朋友��，反而把�路�作主要���源。			1667190344	00	0	1397721874685
1449364-	0		0	Mon Apr 14 04:37:04 +0800 2014			3699115923538226	3699115923538226				3699115923538226	0			0	<a href=" rel="nofollow">财新网</a>	财新网?文化【《红与黑》中的“贵族范儿”】像瓦勒诺这样惟利是图、寡廉鲜耻的暴发户，正在逐步取代贵族成为社会上最有权势的人。 			1667190344	00	0	1397721874686
1449365-	0		0	Tue Aug 23 07:41:21 +0800 2011			3349458004367429	3349458004367429				3349458004367429	0			0	<a href=" rel="nofollow">FT中文网</a>	云手机：iPhone杀手 - FT中文网   （分享自 @FT中文网）			1667190344	00	0	1397721874686
1449366-	0		1	Wed May 11 07:28:30 +0800 2011			10446398859	10446398859				5605233442138916665	0			0	<a href=" rel="nofollow">微博 weibo.com</a>	85�美元！ 微���skype！			1667190344	00	0	1397721874686
1449367-	0		0	Wed May 22 16:20:22 +0800 2013			3580792079336255	3580792079336255				3580792079336255	0			0	<a href=" rel="nofollow">微博 weibo.com</a>	//@如也箜箜: 大前研一智慧箴言，值得珍藏！			1667190344	00	3580673740688572	1397721874687
1449368-	0		0	Sun Aug 21 09:56:55 +0800 2011			3348767345337909	3348767345337909				3348767345337909	0			1	<a href=" rel="nofollow">微博 weibo.com</a>	今夏台��影找到新的�座公式：青春偶像加�血。「翻�吧！阿信」上映一周，票房突破三千三百�元，�影公司接到愈�愈多企���的追加包���。��李烈、�演林育��主要演�彭于晏、柯宇�、林辰唏、何杰昨天再上西�町�街�票，被�情影迷包�。   Power By udn.com			1667190344	00	0	1397721874687
1449369-	0		1	Tue May 17 07:18:35 +0800 2011			10757802876	10757802876				5607457397680226556	0			1	<a href=" rel="nofollow">微博 weibo.com</a>	�持做到完美　《Ego?ste》��五年才出一期�光光   �持做到完美，法�《Ego?ste》�尚��五年才出一期�光光 。			1667190344	00	0	1397721874687
1449370-	3		9	Fri Mar 21 04:50:14 +0800 2014			3690421924909575	3690421924909575				3690421924909575	0		#	22	<a href=" rel="nofollow">分享按钮</a>	【����自��本 3天售2��】日前，《收�》��副�����立完成新版�本《�才是中�最好的�文�》的前2�，3天�被��2��。/中��子�  			1667190344	00	0	1397721874688
1449371-	0		0	Fri Jun 07 08:35:20 +0800 2013			3586473259949855	3586473259949855				3586473259949855	0		#	0	<a href=" rel="nofollow">加网分享按钮</a>	研究报告：至少1/3美国成年人使用平板媒体 中国数字出版在线-数字出版产业门户，数字出版、新媒体、新技术、新商业互动交流平台。 			1667190344	00	0	1397721874688
1449372-	1		0	Fri Jan 24 09:30:24 +0800 2014			3670198710352396	3670198710352396				3670198710352396	0		#	2	<a href=" rel="nofollow">分享按钮</a>	【每日一句�管理】「光竭�所能是不�的，你必�知道�做什�，再竭�所能。」――�德�．戴明（W. Edward Deming），品管大� （摘�自《���人�尖人物工作��》）  			1667190344	00	0	1397721874688
1449373-	0		0	Wed Jan 01 16:32:32 +0800 2014			3661970026989854	3661970026989854				3661970026989854	0			0	<a href=" rel="nofollow">微博 weibo.com</a>	新年快乐！			1667190344	00	3661953530137248	1397721874689
1449374-	0		1	Wed Jan 01 08:07:58 +0800 2014			3661843043803080	3661843043803080				3661843043803080	0			6	<a href=" rel="nofollow">微博 weibo.com</a>	1961年，夏志清以英文撰�的「中��代小�史」由耶�大�出版，�英�世界�代中�文�研究�先河；�中推崇四位在1960年代被忽略的作家：沈�文、��玲、���、�天翼；出版後成��美研究中��代文�的���，前三位作家也在中�文�上重�光芒，中��代文�研究正式�入�美��殿堂。			1667190344	00	3661842209342035	1397721874689
1449375-	0		0	Thu Mar 06 02:46:31 +0800 2014			3684954972598849	3684954972598849				3684954972598849	0			1	<a href=" rel="nofollow">分享按钮</a>	【麦家谈出版：不过运气眷顾罢了】百道网   			1667190344	00	0	1397721874690
1449376-	0		0	Tue Mar 18 13:30:11 +0800 2014			3689465610934373	3689465610934373				3689465610934373	0		#	0	<a href=" rel="nofollow">FT中文网</a>	【亲密爱人】FT中文网专栏作家何帆：经济学家凯恩斯和他那个时代的很多年轻人一样是同性恋。但1921年他爱上了莉迪亚，一个波希米亚风格的俄罗斯舞女，还最终和她厮守到老。 （分享自 @FT中文网）  			1667190344	00	0	1397721874690
1449377-	0		0	Sat Mar 01 04:36:44 +0800 2014			3683170769858107	3683170769858107				3683170769858107	0			0	<a href=" rel="nofollow">FT中文网</a>	【�从�丛�成凿】FT中文网专栏作家流沙河：�字笔画繁，拆开看仍容易懂。上部的�，作声符用，不参与字义。而简字丛，地平线上两个人，断无聚集之意。 （分享自 @FT中文网）  			1667190344	00	0	1397721874690
1449378-	0		4	Thu Jul 14 10:14:35 +0800 2011			14384354122	14384354122				5629025692634182864	0			7	<a href=" rel="nofollow">微博 weibo.com</a>	以色列荒漠奇� �海水�可口：在以色列的��重�特拉�夫，映入眼�的竟是�油油的公�及森林。�地人告�我�，每一棵�都是人工�植及灌溉。的�，��出城�多久，就能看到���家的自然原貌：一片荒�的沙漠。�然一片�沙��，但我�仍不�看到�室及花田，向日葵、玫瑰花，奇�般地盛�著。			1667190344	00	0	1397721874691
1449379-	0		0	Sat Sep 10 10:42:51 +0800 2011			3356026661832518	3356026661832518				3356026661832518	0			0	<a href=" rel="nofollow">分享按钮</a>	陈昕：出版与阅读的春天在哪里?-百道网 			1667190344	00	0	1397721874691
1449380-	0		0	Tue Oct 01 15:55:09 +0800 2013			3628620935418927	3628620935418927				3628620935418927	0		#	0	<a href=" rel="nofollow">36氪</a>	重新设计Google（四）  			1667190344	00	0	1397721874691
1449381-	0		2	Sun Aug 07 13:23:12 +0800 2011			3343745827739057	3343745827739057				3343745827739057	0			1	<a href=" rel="nofollow">微博 weibo.com</a>	彰化�文化局昨天邀�作家�春明�音�才子方文山��「����之美」，�春明建�家�不要�孩子看�人�，因�不少�人��容「不切��」；方文山�不��上���有效果，「和���本交流，比�能�心」。  Power By udn.com			1667190344	00	0	1397721874692
1449382-	0		0	Thu May 30 05:06:20 +0800 2013			3583521560395391	3583521560395391				3583521560395391	0		#	0	<a href=" rel="nofollow">分享按钮</a>	中��大影音�站�奇��PPS完成整�，��裁�5%人力 - �位�代－台�最具影�力的科技媒� 			1667190344	00	0	1397721874692

